100,110512,1,0
100,109848,2,0
100,109849,3,0
100,109850,4,0
100,109851,5,0
100,109852,6,0
100,109853,7,0
100,109854,8,0
100,109855,9,0
100,109856,10,0
100,109857,11,0
100,109858,12,0
100,109859,13,0
100,110212,14,0
100,110211,15,0
100,109860,16,0
100,109861,17,0
100,109862,18,0
100,109863,19,0
100,109864,20,0
100,109865,21,0
100,109866,22,0
100,109867,23,0
100,109868,24,0
100,109869,25,0
100,110208,26,0
100,109968,27,0
100,109969,28,0
100,109970,29,0
100,110509,30,1
101,110509,1,0
101,109771,2,0
101,109772,3,0
101,109773,4,0
101,109774,5,0
101,109775,6,0
101,109776,7,0
101,109777,8,0
101,110470,9,0
101,110471,10,0
101,109780,11,0
101,109781,12,0
101,109782,13,0
101,109783,14,0
101,109784,15,0
101,109785,16,0
101,109786,17,0
101,109787,18,0
101,109788,19,0
101,109789,20,0
101,109790,21,0
101,109791,22,0
101,109792,23,0
101,109793,24,0
101,109794,25,0
101,109795,26,0
101,109796,27,0
101,109797,28,0
101,109798,29,0
101,109799,30,0
101,109800,31,0
101,109801,32,0
101,104047,33,0
101,109804,34,0
101,109846,35,0
101,110512,36,1
500,109756,1,0
500,109757,2,0
500,109758,3,0
500,109759,4,0
500,109760,5,0
500,109761,6,0
500,109762,7,0
500,109763,8,0
500,109764,9,0
500,109765,10,0
500,109766,11,0
500,109767,12,0
500,109768,13,0
500,109769,14,0
500,110520,15,0
500,110101,16,0
500,110102,17,0
500,110103,18,0
500,110104,19,0
500,110105,20,0
500,110106,21,0
500,110107,22,0
500,110108,23,0
500,110109,24,0
500,110110,25,0
500,109773,26,0
500,109774,27,0
500,109775,28,0
500,110497,29,0
500,109875,30,0
500,110522,31,1
501,110522,1,0
501,109771,2,0
501,110505,3,0
501,109872,4,0
501,109873,5,0
501,109874,6,0
501,110091,7,0
501,110092,8,0
501,110093,9,0
501,110094,10,0
501,110095,11,0
501,110096,12,0
501,110097,13,0
501,110098,14,0
501,110099,15,0
501,110100,16,0
501,110520,17,0
501,110072,18,0
501,110073,19,0
501,109750,20,0
501,109751,21,0
501,109752,22,0
501,104172,23,0
501,109754,24,0
501,109755,25,0
501,109756,26,1
600,110070,1,0
600,110072,2,0
600,110494,3,0
600,110099,4,0
600,110503,5,0
600,110064,6,0
600,110065,7,0
600,110128,8,0
600,110129,9,0
600,110130,10,0
600,110131,11,0
600,110132,12,0
600,110133,13,0
600,110134,14,0
600,110135,15,0
600,110136,16,0
600,110137,17,0
600,110138,18,0
600,110139,19,0
600,110140,20,0
600,110141,21,0
600,110142,22,0
600,110143,23,0
600,110144,24,0
600,110108,25,0
600,110109,26,0
600,110110,27,0
600,109773,28,0
600,109774,29,0
600,109775,30,0
600,110497,31,0
600,109875,32,0
600,109770,33,1
601,109770,1,0
601,109771,2,0
601,110505,3,0
601,109872,4,0
601,109873,5,0
601,109874,6,0
601,110091,7,0
601,110092,8,0
601,110093,9,0
601,110111,10,0
601,110112,11,0
601,110113,12,0
601,110114,13,0
601,110115,14,0
601,110116,15,0
601,110117,16,0
601,110118,17,0
601,110119,18,0
601,110120,19,0
601,110121,20,0
601,110122,21,0
601,110123,22,0
601,110124,23,0
601,110125,24,0
601,110127,25,0
601,110066,26,0
601,110068,27,0
601,110069,28,0
601,110070,29,1
700,110190,1,0
700,110191,2,0
700,110192,3,0
700,110193,4,0
700,110194,5,0
700,110195,6,0
700,110196,7,0
700,110197,8,0
700,110198,9,0
700,110199,10,0
700,110200,11,0
700,110201,12,0
700,110202,13,0
700,110203,14,0
700,110204,15,0
700,110205,16,0
700,110163,17,0
700,110164,18,0
700,110165,19,0
700,110166,20,0
700,110167,21,0
700,110168,22,0
700,110169,23,0
700,110170,24,0
700,110171,25,0
700,110172,26,0
700,110173,27,0
700,110174,28,0
700,110175,29,0
700,110176,30,0
700,110206,31,0
700,110157,32,0
700,110158,33,0
700,110472,34,0
700,110473,35,0
700,110474,36,0
700,110475,37,0
700,110476,38,0
700,110477,39,0
700,110478,40,0
700,110479,41,0
700,110480,42,0
700,110481,43,0
700,109774,44,0
700,109775,45,0
700,110497,46,0
700,109970,47,0
700,109971,48,1
701,109971,1,0
701,109771,2,0
701,110505,3,0
701,109872,4,0
701,109873,5,0
701,110145,6,0
701,110146,7,0
701,110147,8,0
701,110148,9,0
701,110149,10,0
701,110150,11,0
701,110151,12,0
701,110152,13,0
701,110153,14,0
701,110154,15,0
701,110155,16,0
701,110156,17,0
701,110157,18,0
701,110158,19,0
701,110159,20,0
701,110160,21,0
701,110161,22,0
701,110162,23,0
701,110163,24,0
701,110164,25,0
701,110165,26,0
701,110166,27,0
701,110167,28,0
701,110168,29,0
701,110169,30,0
701,110170,31,0
701,110171,32,0
701,110172,33,0
701,110173,34,0
701,110174,35,0
701,110175,36,0
701,110176,37,0
701,110206,38,0
701,110177,39,0
701,110178,40,0
701,110179,41,0
701,110180,42,0
701,110181,43,0
701,110182,44,0
701,110183,45,0
701,110184,46,0
701,110185,47,0
701,110186,48,0
701,110187,49,0
701,110188,50,0
701,110189,51,0
701,110190,52,1
1100,109925,1,0
1100,110216,2,0
1100,110217,3,0
1100,110218,4,0
1100,110219,5,0
1100,110220,6,0
1100,110221,7,0
1100,110222,8,0
1100,110224,9,0
1100,110225,10,0
1100,110226,11,1
1101,110226,1,0
1101,110228,2,0
1101,110223,3,0
1101,110229,4,0
1101,110230,5,0
1101,110231,6,0
1101,110232,7,0
1101,110233,8,0
1101,110234,9,0
1101,110235,10,0
1101,110236,11,0
1101,110237,12,0
1101,110238,13,0
1101,109827,14,0
1101,109828,15,0
1101,109829,16,0
1101,109830,17,0
1101,109831,18,0
1101,109929,19,0
1101,109930,20,0
1101,109931,21,0
1101,109919,22,0
1101,109920,23,0
1101,109921,24,0
1101,109922,25,0
1101,109923,26,0
1101,109925,27,1
1500,109925,1,0
1500,110008,2,0
1500,110009,3,0
1500,110010,4,0
1500,110011,5,0
1500,110012,6,0
1500,110013,7,0
1500,110014,8,0
1500,110015,9,0
1500,110492,10,0
1500,110261,11,0
1500,110265,12,0
1500,110266,13,0
1500,109763,14,0
1500,109764,15,0
1500,109765,16,0
1500,109766,17,0
1500,109767,18,0
1500,109768,19,0
1500,109769,20,0
1500,110071,21,1
1501,110071,1,0
1501,110072,2,0
1501,110073,3,0
1501,109750,4,0
1501,109751,5,0
1501,109752,6,0
1501,104172,7,0
1501,109754,8,0
1501,110255,9,0
1501,110256,10,0
1501,110260,11,0
1501,110000,12,0
1501,104035,13,0
1501,110001,14,0
1501,110002,15,0
1501,110003,16,0
1501,110004,17,0
1501,110005,18,0
1501,110006,19,0
1501,110007,20,0
1501,109925,21,1
2000,109926,1,0
2000,109927,2,0
2000,109932,3,0
2000,109933,4,0
2000,109934,5,0
2000,109928,6,0
2000,109826,7,0
2000,109827,8,0
2000,109828,9,0
2000,109829,10,0
2000,109929,11,0
2000,109930,12,0
2000,109931,13,0
2000,109919,14,0
2000,109920,15,0
2000,109935,16,0
2000,109936,17,0
2000,109937,18,0
2000,109938,19,0
2000,109939,20,0
2000,109940,21,0
2000,109941,22,0
2000,109942,23,0
2000,109943,24,0
2000,109944,25,0
2000,109945,26,0
2000,109946,27,0
2000,109947,28,0
2000,109948,29,0
2000,109949,30,0
2000,109950,31,0
2000,109951,32,0
2000,109952,33,0
2000,109953,34,0
2000,109954,35,0
2000,109955,36,0
2000,109956,37,0
2000,109888,38,0
2000,109889,39,0
2000,109890,40,0
2000,109799,41,0
2000,109800,42,0
2000,109801,43,0
2000,104047,44,0
2000,109804,45,0
2000,109846,46,0
2000,110516,47,0
2000,109848,48,0
2000,109849,49,0
2000,109850,50,0
2000,109851,51,0
2000,109891,52,0
2000,109892,53,0
2000,109893,54,0
2000,109957,55,0
2000,109958,56,0
2000,109959,57,0
2000,109960,58,0
2000,109860,59,0
2000,109961,60,0
2000,109962,61,0
2000,109963,62,0
2000,109880,63,0
2000,109964,64,0
2000,109965,65,0
2000,109966,66,0
2000,109967,67,0
2000,109870,68,0
2000,109871,69,0
2000,109968,70,0
2000,109969,71,0
2000,109970,72,0
2000,110510,73,1
2001,110510,1,0
2001,109771,2,0
2001,109772,3,0
2001,109773,4,0
2001,109774,5,0
2001,109775,6,0
2001,109776,7,0
2001,109777,8,0
2001,109778,9,0
2001,109779,10,0
2001,109876,11,0
2001,109877,12,0
2001,109878,13,0
2001,109879,14,0
2001,109880,15,0
2001,109881,16,0
2001,109882,17,0
2001,109883,18,0
2001,109789,19,0
2001,109884,20,0
2001,109885,21,0
2001,109886,22,0
2001,109887,23,0
2001,109888,24,0
2001,109889,25,0
2001,109890,26,0
2001,109799,27,0
2001,109800,28,0
2001,109801,29,0
2001,104047,30,0
2001,109804,31,0
2001,109846,32,0
2001,110515,33,0
2001,109848,34,0
2001,109849,35,0
2001,109850,36,0
2001,109851,37,0
2001,109891,38,0
2001,109892,39,0
2001,109893,40,0
2001,109894,41,0
2001,109895,42,0
2001,109896,43,0
2001,109897,44,0
2001,109898,45,0
2001,109899,46,0
2001,109900,47,0
2001,109901,48,0
2001,109902,49,0
2001,109903,50,0
2001,109904,51,0
2001,109905,52,0
2001,109906,53,0
2001,109907,54,0
2001,109908,55,0
2001,109909,56,0
2001,109910,57,0
2001,109911,58,0
2001,109912,59,0
2001,109913,60,0
2001,109914,61,0
2001,109915,62,0
2001,109916,63,0
2001,109917,64,0
2001,109918,65,0
2001,110504,66,0
2001,109821,67,0
2001,109823,68,0
2001,109824,69,0
2001,109825,70,0
2001,110300,71,0
2001,109921,72,0
2001,109922,73,0
2001,109923,74,0
2001,110518,75,1
2500,109880,1,0
2500,109964,2,0
2500,109965,3,0
2500,109966,4,0
2500,109967,5,0
2500,109870,6,0
2500,109871,7,0
2500,109872,8,0
2500,109873,9,0
2500,109874,10,0
2500,109875,11,0
2500,104170,12,0
2500,110063,13,0
2500,110100,14,0
2500,110519,15,0
2500,110072,16,0
2500,110073,17,0
2500,109750,18,0
2500,109751,19,0
2500,109752,20,0
2500,104172,21,0
2500,110000,22,0
2500,104035,23,0
2500,110001,24,0
2500,110002,25,0
2500,110003,26,0
2500,110004,27,0
2500,110005,28,0
2500,110006,29,0
2500,110007,30,0
2500,109925,31,1
2501,109925,1,0
2501,110088,2,0
2501,110089,3,0
2501,110090,4,0
2501,110516,5,0
2501,109961,6,0
2501,109962,7,0
2501,109963,8,0
2501,109880,9,1
3000,110517,1,0
3000,109927,2,0
3000,110008,3,0
3000,110009,4,0
3000,110010,5,0
3000,110011,6,0
3000,110012,7,0
3000,110013,8,0
3000,110014,9,0
3000,110015,10,0
3000,110016,11,0
3000,110017,12,0
3000,110018,13,0
3000,110019,14,0
3000,110020,15,0
3000,110021,16,0
3000,110501,17,0
3000,110489,18,0
3000,110090,19,0
3000,110511,20,0
3000,110490,21,0
3000,110053,22,0
3000,110054,23,0
3000,110055,24,0
3000,110056,25,0
3000,110057,26,0
3000,110058,27,0
3000,110059,28,0
3000,110060,29,0
3000,110061,30,0
3000,110062,31,0
3000,109993,32,0
3000,109994,33,0
3000,109995,34,0
3000,110459,35,0
3000,110460,36,0
3000,110461,37,0
3000,110462,38,0
3000,110463,39,0
3000,110464,40,0
3000,110023,41,0
3000,110024,42,0
3000,110025,43,0
3000,110026,44,0
3000,110027,45,0
3000,110028,46,0
3000,110029,47,0
3000,110030,48,0
3000,110031,49,0
3000,110032,50,0
3000,110033,51,0
3000,110034,52,0
3000,110035,53,0
3000,110036,54,0
3000,110037,55,0
3000,110038,56,0
3000,110039,57,0
3000,110040,58,0
3000,110041,59,0
3000,110042,60,0
3000,109968,61,0
3000,109969,62,0
3000,109970,63,0
3000,110521,64,1
3001,110521,1,0
3001,109771,2,0
3001,110505,3,0
3001,109776,4,0
3001,109972,5,0
3001,109973,6,0
3001,109974,7,0
3001,109975,8,0
3001,109976,9,0
3001,109977,10,0
3001,109978,11,0
3001,109979,12,0
3001,109980,13,0
3001,109981,14,0
3001,109982,15,0
3001,109983,16,0
3001,109984,17,0
3001,109985,18,0
3001,109986,19,0
3001,109987,20,0
3001,110043,21,0
3001,110044,22,0
3001,110045,23,0
3001,110046,24,0
3001,110047,25,0
3001,110049,26,0
3001,110050,27,0
3001,110051,28,0
3001,110052,29,0
3001,109988,30,0
3001,109989,31,0
3001,109990,32,0
3001,109991,33,0
3001,110081,34,0
3001,110082,35,0
3001,110083,36,0
3001,110084,37,0
3001,110085,38,0
3001,110086,39,0
3001,109996,40,0
3001,109997,41,0
3001,110087,42,0
3001,110088,43,0
3001,110089,44,0
3001,110090,45,0
3001,110513,46,0
3001,110490,47,0
3001,109993,48,0
3001,109994,49,0
3001,109995,50,0
3001,109998,51,0
3001,109999,52,0
3001,110000,53,0
3001,104035,54,0
3001,110001,55,0
3001,110002,56,0
3001,110003,57,0
3001,110004,58,0
3001,110005,59,0
3001,110006,60,0
3001,110007,61,0
3001,110517,62,1
4000,109926,1,0
4000,109928,2,0
4000,109826,3,0
4000,109827,4,0
4000,109828,5,0
4000,109829,6,0
4000,109830,7,0
4000,109831,8,0
4000,109832,9,0
4000,109833,10,0
4000,109834,11,0
4000,109836,12,0
4000,109837,13,0
4000,109838,14,0
4000,109839,15,0
4000,110451,16,0
4000,110452,17,0
4000,110453,18,0
4000,110454,19,0
4000,104174,20,0
4000,110456,21,0
4000,109845,22,0
4000,109846,23,0
4000,109847,24,0
4000,110490,25,0
4000,110491,26,0
4000,110022,27,0
4000,110023,28,0
4000,110024,29,0
4000,110465,30,0
4000,110466,31,0
4000,110467,32,0
4000,110468,33,0
4000,110469,34,0
4000,110038,35,0
4000,110500,36,0
4000,110498,37,0
4000,109768,38,0
4000,109769,39,0
4000,110519,40,0
4000,110482,41,0
4000,110483,42,0
4000,110484,43,0
4000,110485,44,0
4000,110486,45,0
4000,110487,46,0
4000,110488,47,0
4000,109971,48,0
4000,109771,49,0
4000,109772,50,0
4000,109773,51,0
4000,109774,52,0
4000,109775,53,0
4000,110497,54,0
4000,109875,55,0
4000,110508,56,1
4001,110508,1,0
4001,110063,2,0
4001,110064,3,0
4001,110065,4,0
4001,110066,5,0
4001,110068,6,0
4001,110069,7,0
4001,110519,8,0
4001,110072,9,0
4001,110073,10,0
4001,110074,11,0
4001,110075,12,0
4001,109977,13,0
4001,110076,14,0
4001,110077,15,0
4001,110078,16,0
4001,110079,17,0
4001,110080,18,0
4001,109990,19,0
4001,109991,20,0
4001,109992,21,0
4001,110501,22,0
4001,110489,23,0
4001,110090,24,0
4001,110514,25,0
4001,109848,26,0
4001,109849,27,0
4001,110444,28,0
4001,110445,29,0
4001,110446,30,0
4001,110447,31,0
4001,110449,32,0
4001,110450,33,0
4001,109811,34,0
4001,109812,35,0
4001,109813,36,0
4001,109814,37,0
4001,109815,38,0
4001,109816,39,0
4001,109817,40,0
4001,109818,41,0
4001,109819,42,0
4001,109820,43,0
4001,109821,44,0
4001,109823,45,0
4001,109824,46,0
4001,109825,47,0
4001,110300,48,0
4001,110518,49,1
5000,110517,1,0
5000,109927,2,0
5000,110088,3,0
5000,110089,4,0
5000,110090,5,0
5000,110516,6,0
5000,109961,7,0
5000,109962,8,0
5000,109963,9,0
5000,109880,10,0
5000,109964,11,0
5000,109965,12,0
5000,109966,13,0
5000,109967,14,0
5000,109870,15,0
5000,109871,16,0
5000,110207,17,0
5000,110208,18,0
5000,109968,19,0
5000,109969,20,0
5000,109970,21,0
5000,109971,22,1
5001,109971,1,0
5001,109771,2,0
5001,110505,3,0
5001,109776,4,0
5001,109777,5,0
5001,110209,6,0
5001,110210,7,0
5001,109802,8,0
5001,110213,9,0
5001,110214,10,0
5001,110215,11,0
5001,110457,12,0
5001,110458,13,0
5001,110006,14,0
5001,110007,15,0
5001,110517,16,1
9100,110358,1,0
9100,110359,2,0
9100,110360,3,0
9100,110361,4,0
9100,110362,5,0
9100,110421,6,0
9100,110363,7,0
9100,110364,8,0
9100,110365,9,0
9100,110366,10,0
9100,110367,11,0
9100,110368,12,0
9100,110369,13,0
9100,110370,14,0
9100,110371,15,0
9100,110372,16,0
9100,110373,17,0
9100,110374,18,0
9100,110375,19,0
9100,110376,20,0
9100,110378,21,0
9100,104050,22,0
9100,110382,23,0
9100,104058,24,0
9100,110383,25,0
9100,110384,26,0
9100,110385,27,0
9100,110386,28,0
9100,104044,29,0
9100,110387,30,0
9100,110388,31,0
9100,110389,32,0
9100,110390,33,0
9100,110391,34,0
9100,110392,35,0
9100,110393,36,0
9100,110394,37,0
9100,110395,38,0
9100,110396,39,0
9100,104052,40,0
9100,104045,41,0
9100,104160,42,0
9100,110399,43,0
9100,110400,44,0
9100,110401,45,0
9100,110402,46,0
9100,110403,47,0
9100,110404,48,0
9100,110405,49,0
9100,110406,50,0
9100,110407,51,0
9100,110408,52,0
9100,110409,53,0
9100,110410,54,0
9100,110411,55,0
9100,110412,56,0
9100,104173,57,0
9100,104169,58,0
9100,110415,59,0
9100,110416,60,0
9100,110418,61,0
9100,110300,62,0
9100,109925,63,0
9100,110088,64,0
9100,110089,65,0
9100,110090,66,0
9100,110516,67,0
9100,109961,68,0
9100,109962,69,0
9100,109963,70,0
9100,109880,71,1
9101,109880,1,0
9101,109881,2,0
9101,109882,3,0
9101,109883,4,0
9101,109802,5,0
9101,110213,6,0
9101,110214,7,0
9101,110215,8,0
9101,110006,9,0
9101,110007,10,0
9101,109925,11,0
9101,110304,12,0
9101,110307,13,0
9101,110308,14,0
9101,110309,15,0
9101,110310,16,0
9101,110311,17,0
9101,110312,18,0
9101,110313,19,0
9101,110314,20,0
9101,110315,21,0
9101,110316,22,0
9101,110317,23,0
9101,110318,24,0
9101,110319,25,0
9101,110320,26,0
9101,110321,27,0
9101,110496,28,0
9101,110322,29,0
9101,104046,30,0
9101,104159,31,0
9101,104051,32,0
9101,110325,33,0
9101,110326,34,0
9101,110293,35,0
9101,110294,36,0
9101,110295,37,0
9101,110296,38,0
9101,110297,39,0
9101,110298,40,0
9101,110299,41,0
9101,110507,42,0
9101,110288,43,0
9101,110328,44,0
9101,110329,45,0
9101,110330,46,0
9101,110331,47,0
9101,104059,48,0
9101,110335,49,0
9101,104049,50,0
9101,104175,51,0
9101,110339,52,0
9101,110340,53,0
9101,110341,54,0
9101,110342,55,0
9101,110343,56,0
9101,110344,57,0
9101,110345,58,0
9101,104075,59,0
9101,110346,60,0
9101,110347,61,0
9101,110348,62,0
9101,110349,63,0
9101,110350,64,0
9101,110351,65,0
9101,110352,66,0
9101,104128,67,0
9101,110353,68,0
9101,110354,69,0
9101,110355,70,0
9101,110356,71,0
9101,110357,72,0
9101,110358,73,1
9700,110376,1,0
9700,104076,2,0
9700,104077,3,0
9700,104078,4,0
9700,104079,5,0
9700,104080,6,0
9700,104113,7,0
9700,104115,8,0
9700,104116,9,0
9700,104118,10,0
9700,104119,11,0
9700,104120,12,0
9700,104121,13,0
9700,104122,14,0
9700,104123,15,0
9700,104124,16,0
9700,104125,17,0
9700,104127,18,0
9700,110350,19,0
9700,110351,20,0
9700,110352,21,0
9700,104128,22,0
9700,110353,23,0
9700,110354,24,0
9700,104156,25,0
9700,110358,26,1
9701,110358,1,0
9701,104022,2,0
9701,104023,3,0
9701,104024,4,0
9701,104026,5,0
9701,104158,6,0
9701,104171,7,0
9701,104028,8,0
9701,104029,9,0
9701,104060,10,0
9701,104061,11,0
9701,104062,12,0
9701,104063,13,0
9701,104064,14,0
9701,104065,15,0
9701,104066,16,0
9701,104067,17,0
9701,104068,18,0
9701,110375,19,0
9701,110376,20,1
9800,104141,1,0
9800,104142,2,0
9800,104143,3,0
9800,104144,4,0
9800,104145,5,0
9800,104146,6,0
9800,104147,7,0
9800,104138,8,0
9800,104149,9,0
9800,104150,10,0
9800,104157,11,0
9800,104151,12,0
9800,104152,13,0
9800,104153,14,0
9800,104154,15,0
9800,104155,16,0
9800,104156,17,0
9800,110358,18,1
9801,110358,1,0
9801,110359,2,0
9801,104130,3,0
9801,104131,4,0
9801,104132,5,0
9801,104133,6,0
9801,104134,7,0
9801,104135,8,0
9801,104136,9,0
9801,104137,10,0
9801,104148,11,0
9801,104139,12,0
9801,104140,13,0
9801,104141,14,1
9900,104056,1,0
9900,104055,2,0
9900,104054,3,0
9900,104053,4,0
9900,104165,5,0
9900,104162,6,0
9900,104166,7,0
9900,110354,8,0
9900,110355,9,0
9900,110356,10,0
9900,110357,11,0
9900,110358,12,1
9901,110358,1,0
9901,110359,2,0
9901,110360,3,0
9901,110361,4,0
9901,110362,5,0
9901,110421,6,0
9901,104141,7,0
9901,104142,8,0
9901,104143,9,0
9901,104144,10,0
9901,104145,11,0
9901,104146,12,0
9901,104048,13,0
9901,104162,14,0
9901,104161,15,0
9901,104163,16,0
9901,104164,17,0
9901,104055,18,0
9901,104056,19,1
88010,110299,1,0
88010,110507,2,0
88010,110430,3,0
88010,110431,4,0
88010,110432,5,0
88010,110433,6,0
88010,110434,7,0
88010,104167,8,0
88010,110435,9,0
88010,110436,10,0
88010,110437,11,0
88010,110438,12,0
88010,110439,13,0
88010,110440,14,0
88010,110441,15,0
88010,110442,16,0
88010,110443,17,0
88010,110422,18,0
88010,110423,19,0
88010,110424,20,0
88010,110425,21,0
88010,110426,22,0
88010,110427,23,0
88010,104043,24,0
88010,104041,25,0
88010,104039,26,0
88010,104037,27,0
88010,104058,28,0
88010,104168,29,1
88011,104168,1,0
88011,110267,2,0
88011,110382,3,0
88011,104036,4,0
88011,104038,5,0
88011,104040,6,0
88011,104042,7,0
88011,110271,8,0
88011,110272,9,0
88011,110273,10,0
88011,110274,11,0
88011,110275,12,0
88011,110276,13,0
88011,110277,14,0
88011,110506,15,0
88011,110278,16,0
88011,110279,17,0
88011,110280,18,0
88011,110281,19,0
88011,110282,20,0
88011,110283,21,0
88011,104167,22,0
88011,110284,23,0
88011,110285,24,0
88011,110286,25,0
88011,110287,26,0
88011,110288,27,0
88011,110289,28,0
88011,110290,29,0
88011,110291,30,0
88011,110292,31,0
88011,110293,32,0
88011,110294,33,0
88011,110295,34,0
88011,110296,35,0
88011,110297,36,0
88011,110298,37,0
88011,110299,38,1
