'526',3900,73400,,'',0,8600,,'',0,11000,,'',0,11000,,'',0,11000,,'',0,15000,,'',0,11000,,'',0,11000,,'',0,11000,,'',0,11000,,'',0,11000,,'',0,15000,0,'Westwood',0
'526',3901,82000,4,'',0,11000,4,'',0,11000,4,'',0,11000,4,'',0,15000,4,'',0,11000,4,'',0,11000,4,'',0,11000,4,'',0,11000,4,'',0,11000,4,'',0,15000,4,'',0
'527',3900,63300,,'',0,8800,,'',0,8500,,'',0,2500,,'',0,11000,,'',0,11000,,'',0,15000,,'',0,11000,,'',0,11000,,'',0,11000,,'',0,11000,,'',0,11000,,'',0,15000,,'',0,3500,,'',0,10900,,'',0,11000,,'',0,10000,,'',0,14800,0,'Westwood',0
'527',3901,72100,4,'',0,8500,4,'',0,2500,4,'',0,11000,4,'',0,11000,4,'',0,15000,4,'',0,11000,4,'',0,11000,4,'',0,11000,4,'',0,11000,4,'',0,11000,4,'',0,15000,4,'',0,3500,4,'',0,10900,4,'',0,11000,4,'',0,10000,4,'',0,14800,4,'',0
'528',3900,63300,,'',0,8800,,'',0,8500,,'',0,2500,,'',0,11000,,'',0,11000,,'',0,15000,,'',0,11000,,'',0,11000,,'',0,11000,,'',0,11000,,'',0,11000,,'',0,15000,,'',0,3500,,'',0,10900,,'',0,11000,,'',0,10000,,'',0,14800,0,'Westwood',0
'528',3901,72100,4,'',0,8500,4,'',0,2500,4,'',0,11000,4,'',0,11000,4,'',0,15000,4,'',0,11000,4,'',0,11000,4,'',0,11000,4,'',0,11000,4,'',0,11000,4,'',0,15000,4,'',0,3500,4,'',0,10900,4,'',0,11000,4,'',0,10000,4,'',0,14800,4,'',0
'529',3900,63300,,'',0,8800,,'',0,8500,,'',0,2500,,'',0,11000,,'',0,11000,,'',0,15000,,'',0,11000,,'',0,11000,,'',0,11000,,'',0,11000,,'',0,11000,,'',0,15000,,'',0,3500,,'',0,10900,,'',0,11000,,'',0,10000,,'',0,14800,0,'Westwood',0
'529',3901,72100,4,'',0,8500,4,'',0,2500,4,'',0,11000,4,'',0,11000,4,'',0,15000,4,'',0,11000,4,'',0,11000,4,'',0,11000,4,'',0,11000,4,'',0,11000,4,'',0,15000,4,'',0,3500,4,'',0,10900,4,'',0,11000,4,'',0,10000,4,'',0,14800,4,'',0
'530',3900,63300,,'',0,8800,,'',0,8500,,'',0,2500,,'',0,11000,,'',0,11000,,'',0,15000,,'',0,11000,,'',0,11000,,'',0,11000,,'',0,11000,,'',0,11000,,'',0,15000,,'',0,3500,,'',0,10900,,'',0,11000,,'',0,10000,,'',0,14800,0,'Westwood',0
'530',3901,72100,4,'',0,8500,4,'',0,2500,4,'',0,11000,4,'',0,11000,4,'',0,15000,4,'',0,11000,4,'',0,11000,4,'',0,11000,4,'',0,11000,4,'',0,11000,4,'',0,15000,4,'',0,3500,4,'',0,10900,4,'',0,11000,4,'',0,10000,4,'',0,14800,4,'',0
'531',3900,63300,,'',0,8800,,'',0,8500,,'',0,2500,,'',0,11000,,'',0,11000,,'',0,15000,,'',0,11000,,'',0,11000,,'',0,11000,,'',0,11000,,'',0,11000,,'',0,15000,,'',0,3500,,'',0,10900,,'',0,11000,,'',0,10000,,'',0,14800,0,'Westwood',0
'531',3901,72100,4,'',0,8500,4,'',0,2500,4,'',0,11000,4,'',0,11000,4,'',0,15000,4,'',0,11000,4,'',0,11000,4,'',0,11000,4,'',0,11000,4,'',0,11000,4,'',0,15000,4,'',0,3500,4,'',0,10900,4,'',0,11000,4,'',0,10000,4,'',0,14800,4,'',0
'532',3900,70500,,'',0,5000,,'',0,8300,,'',0,10200,,'',0,11000,,'',0,15000,,'',0,11000,,'',0,11000,,'',0,11000,,'',0,11000,,'',0,11000,,'',0,9800,,'',0,8700,,'',0,11000,,'',0,11000,,'',0,10000,,'',0,14800,0,'Westwood',0
'532',3901,75500,4,'',0,18500,4,'',0,11000,4,'',0,15000,4,'',0,11000,4,'',0,11000,4,'',0,11000,4,'',0,11000,4,'',0,11000,4,'',0,9800,4,'',0,8700,4,'',0,11000,4,'',0,11000,4,'',0,10000,4,'',0,14800,4,'',0
