'2086',100,65600,4,'',0,7200,4,'',0,2100,4,'',0,5400,4,'',0,3700,4,'',0,1600,4,'',0,5800,4,'',0,3600,4,'',0,7500,4,'',0,7500,4,'',0,3500,4,'',0,7500,4,'',0,3500,4,'',0,7600,4,'',0,3400,4,'',0,7600,4,'',0,7400,4,'',0,3600,4,'',0,7400,4,'',0,11000,4,'',0,7500,4,'',0,11100,4,'',0,10900,4,'',0,10900,4,'',0,9900,4,'',0,10000,4,'',0
'2086',101,70000,,'',0,3500,,'',0,1700,,'',0,5800,,'',0,1700,,'',0,1800,,'',0,5700,,'',0,1800,,'',0,3500,,'',0,7500,,'',0,7500,,'',0,3500,,'',0,7500,,'',0,3500,,'',0,7500,,'',0,11000,,'',0,7500,,'',0,4000,,'',0,7000,,'',0,3500,,'',0,15000,,'',0,3500,,'',0,7500,,'',0,11000,,'',0,11000,,'',0,10000,,'',0,10000,,'',0
'2674',100,75400,4,'',0,15100,4,'',0,11000,4,'',0,11000,4,'',0,11000,4,'',0,11000,4,'',0,11000,4,'',0,15000,4,'',0,11000,4,'',0,11000,4,'',0,11000,4,'',0
'2674',101,80000,,'',0,11000,,'',0,11000,,'',0,11000,,'',0,11000,,'',0,11000,,'',0,15000,,'',0,11000,,'',0,11000,,'',0,11000,,'',0,11000,,'',0
'2675',100,72900,4,'',0,11000,4,'',0,7600,4,'',0,3400,4,'',0,7600,4,'',0,3400,4,'',0,7600,4,'',0,7400,4,'',0,3600,4,'',0,7400,4,'',0,3600,4,'',0,7500,4,'',0,7500,4,'',0,3400,4,'',0,7600,4,'',0,3400,4,'',0,7600,4,'',0,3400,4,'',0,7600,4,'',0,7600,4,'',0,10900,4,'',0,11000,4,'',0,10000,4,'',0,10000,4,'',0
'2675',101,73500,,'',0,11000,,'',0,7500,,'',0,3500,,'',0,7500,,'',0,7500,,'',0,3500,,'',0,7500,,'',0,3500,,'',0,7500,,'',0,7500,,'',0,3500,,'',0,7500,,'',0,3500,,'',0,7500,,'',0,3500,,'',0,7500,,'',0,7500,,'',0,3500,,'',0,7500,,'',0,11000,,'',0,11000,,'',0,10000,,'',0,10000,,'',0
'2678',100,165000,4,'',0,18500,4,'',0
'2678',101,140000,,'',0,33000,,'',0
'2679',100,165000,4,'',0,18500,4,'',0
'2679',101,140000,,'',0,33000,,'',0
