'526',3900,75700,4,'',0,8600,4,'',0,11000,4,'',0,15000,4,'',0,11000,4,'',0,11000,4,'',0,11000,4,'',0,11000,4,'',0,11000,4,'',0,15000,4,'',0,10900,4,'',0
'526',3901,80000,,'',0,11000,,'',0,11000,,'',0,11000,,'',0,11000,,'',0,11000,,'',0,15000,,'',0,11000,,'',0,11000,,'',0,11000,,'',0,11000,,'',0
'527',3900,65500,4,'',0,8800,4,'',0,9200,4,'',0,2100,4,'',0,15000,4,'',0,11000,4,'',0,11000,4,'',0,11000,4,'',0,11000,4,'',0,11000,4,'',0,15000,4,'',0,11000,4,'',0,11000,4,'',0,3100,4,'',0,14900,4,'',0,11000,4,'',0,10000,4,'',0
'527',3901,70000,,'',0,4500,,'',0,6500,,'',0,11000,,'',0,11000,,'',0,11000,,'',0,11000,,'',0,15000,,'',0,11000,,'',0,11000,,'',0,11000,,'',0,11000,,'',0,7600,,'',0,10900,,'',0,11000,,'',0,10000,,'',0
'528',3900,65500,4,'',0,8800,4,'',0,9200,4,'',0,2100,4,'',0,15000,4,'',0,11000,4,'',0,11000,4,'',0,11000,4,'',0,11000,4,'',0,11000,4,'',0,15000,4,'',0,11000,4,'',0,11000,4,'',0,3100,4,'',0,14900,4,'',0,11000,4,'',0,10000,4,'',0
'528',3901,70000,,'',0,4500,,'',0,6500,,'',0,11000,,'',0,11000,,'',0,11000,,'',0,11000,,'',0,15000,,'',0,11000,,'',0,11000,,'',0,11000,,'',0,11000,,'',0,7600,,'',0,10900,,'',0,11000,,'',0,10000,,'',0
'529',3900,65500,4,'',0,8800,4,'',0,9200,4,'',0,2100,4,'',0,15000,4,'',0,11000,4,'',0,11000,4,'',0,11000,4,'',0,11000,4,'',0,11000,4,'',0,15000,4,'',0,11000,4,'',0,11000,4,'',0,3100,4,'',0,14900,4,'',0,11000,4,'',0,10000,4,'',0
'529',3901,70000,,'',0,4500,,'',0,6500,,'',0,11000,,'',0,11000,,'',0,11000,,'',0,11000,,'',0,15000,,'',0,11000,,'',0,11000,,'',0,11000,,'',0,11000,,'',0,7600,,'',0,10900,,'',0,11000,,'',0,10000,,'',0
'530',3900,65500,4,'',0,8800,4,'',0,9200,4,'',0,2100,4,'',0,15000,4,'',0,11000,4,'',0,11000,4,'',0,11000,4,'',0,11000,4,'',0,11000,4,'',0,15000,4,'',0,11000,4,'',0,11000,4,'',0,3100,4,'',0,14900,4,'',0,11000,4,'',0,10000,4,'',0
'530',3901,70000,,'',0,4500,,'',0,6500,,'',0,11000,,'',0,11000,,'',0,11000,,'',0,11000,,'',0,15000,,'',0,11000,,'',0,11000,,'',0,11000,,'',0,11000,,'',0,7600,,'',0,10900,,'',0,11000,,'',0,10000,,'',0
'531',3900,65500,4,'',0,8800,4,'',0,9200,4,'',0,2100,4,'',0,15000,4,'',0,11000,4,'',0,11000,4,'',0,11000,4,'',0,11000,4,'',0,11000,4,'',0,15000,4,'',0,11000,4,'',0,11000,4,'',0,3100,4,'',0,14900,4,'',0,11000,4,'',0,10000,4,'',0
'531',3901,70000,,'',0,4500,,'',0,6500,,'',0,11000,,'',0,11000,,'',0,11000,,'',0,11000,,'',0,15000,,'',0,11000,,'',0,11000,,'',0,11000,,'',0,11000,,'',0,7600,,'',0,10900,,'',0,11000,,'',0,10000,,'',0
'532',3900,72800,4,'',0,9000,4,'',0,8300,4,'',0,10200,4,'',0,11000,4,'',0,11100,4,'',0,11000,4,'',0,11000,4,'',0,11000,4,'',0,15000,4,'',0,10900,4,'',0,9800,4,'',0,4500,4,'',0,15000,4,'',0,11000,4,'',0,10000,4,'',0
'532',3901,73500,,'',0,18500,,'',0,11000,,'',0,11000,,'',0,11000,,'',0,15000,,'',0,11000,,'',0,11000,,'',0,11000,,'',0,9800,,'',0,8700,,'',0,11000,,'',0,11000,,'',0,10000,,'',0
'527',118700,73500,4,'',0,10600,4,'',0,18300,4,'',0,32900,4,'',0,29000,4,'',0,19400,4,'',0,17000,4,'',0
'527',118701,50800,,'',0,10600,,'',0,14300,,'',0,36900,,'',0,29000,,'',0,19400,,'',0,13000,,'',0
'528',118700,73500,4,'',0,10600,4,'',0,18300,4,'',0,32900,4,'',0,29000,4,'',0,19400,4,'',0,17000,4,'',0
'528',118701,50800,,'',0,10600,,'',0,14300,,'',0,36900,,'',0,29000,,'',0,19400,,'',0,13000,,'',0
'529',118700,73500,4,'',0,10600,4,'',0,18300,4,'',0,32900,4,'',0,29000,4,'',0,19400,4,'',0,17000,4,'',0
'529',118701,50800,,'',0,10600,,'',0,14300,,'',0,36900,,'',0,29000,,'',0,19400,,'',0,13000,,'',0
'530',118700,73500,4,'',0,10600,4,'',0,18300,4,'',0,32900,4,'',0,29000,4,'',0,19400,4,'',0,17000,4,'',0
'530',118701,50800,,'',0,10600,,'',0,14300,,'',0,36900,,'',0,29000,,'',0,19400,,'',0,13000,,'',0
'531',118700,73500,4,'',0,10600,4,'',0,18300,4,'',0,32900,4,'',0,29000,4,'',0,19400,4,'',0,17000,4,'',0
'531',118701,50800,,'',0,10600,,'',0,14300,,'',0,36900,,'',0,29000,,'',0,19400,,'',0,13000,,'',0
'532',118700,92200,4,'',0,10000,4,'',0,31400,4,'',0,30800,4,'',0,17400,4,'',0,12500,4,'',0
'532',118701,65500,,'',0,10000,,'',0,35400,,'',0,30800,,'',0,13400,,'',0,16500,,'',0
