86100,39281,1,0
86100,38712,2,0
86100,38713,3,0
86100,38714,4,0
86100,38715,5,0
86100,38716,6,0
86100,38717,7,0
86100,38718,8,0
86100,38719,9,0
86100,38720,10,0
86100,38721,11,0
86100,38722,12,0
86100,38723,13,0
86100,39047,14,0
86100,39046,15,0
86100,38724,16,0
86100,38725,17,0
86100,38726,18,0
86100,38727,19,0
86100,38728,20,0
86100,38729,21,0
86100,38730,22,0
86100,38731,23,0
86100,38732,24,0
86100,38733,25,0
86100,39043,26,0
86100,38831,27,0
86100,38832,28,0
86100,38595,29,1
86101,38595,1,0
86101,38653,2,0
86101,38654,3,0
86101,38655,4,0
86101,39247,5,0
86101,39248,6,0
86101,38658,7,0
86101,38659,8,0
86101,38660,9,0
86101,38661,10,0
86101,38662,11,0
86101,38663,12,0
86101,38664,13,0
86101,38665,14,0
86101,38666,15,0
86101,38667,16,0
86101,38668,17,0
86101,38669,18,0
86101,38670,19,0
86101,38671,20,0
86101,38672,21,0
86101,38673,22,0
86101,38674,23,0
86101,38675,24,0
86101,38676,25,0
86101,38677,26,0
86101,38678,27,0
86101,38679,28,0
86101,38510,29,0
86101,38681,30,0
86101,38710,31,0
86101,39285,32,1
86200,38635,1,0
86200,38636,2,0
86200,38637,3,0
86200,38638,4,0
86200,38639,5,0
86200,38640,6,0
86200,38641,7,0
86200,38642,8,0
86200,38643,9,0
86200,38644,10,0
86200,38645,11,0
86200,38646,12,0
86200,38647,13,0
86200,38648,14,0
86200,39289,15,0
86200,38602,16,0
86200,38938,17,0
86200,38939,18,0
86200,38940,19,0
86200,38941,20,0
86200,38942,21,0
86200,38943,22,0
86200,38944,23,0
86200,38945,24,0
86200,38946,25,0
86200,38947,26,0
86200,38651,27,0
86200,38598,28,1
86201,38598,1,0
86201,38738,2,0
86201,38928,3,0
86201,38929,4,0
86201,38930,5,0
86201,38931,6,0
86201,38932,7,0
86201,38933,8,0
86201,38934,9,0
86201,38935,10,0
86201,38936,11,0
86201,38937,12,0
86201,38603,13,0
86201,39289,14,0
86201,38909,15,0
86201,38910,16,0
86201,38630,17,0
86201,38631,18,0
86201,38632,19,0
86201,38591,20,0
86201,38633,21,0
86201,38634,22,0
86201,38635,23,1
86300,38907,1,0
86300,38909,2,0
86300,39270,3,0
86300,38936,4,0
86300,39275,5,0
86300,38902,6,0
86300,38903,7,0
86300,38964,8,0
86300,38965,9,0
86300,38966,10,0
86300,38967,11,0
86300,38968,12,0
86300,38969,13,0
86300,38970,14,0
86300,38971,15,0
86300,38972,16,0
86300,38973,17,0
86300,38974,18,0
86300,38975,19,0
86300,38976,20,0
86300,38977,21,0
86300,38978,22,0
86300,38979,23,0
86300,38980,24,0
86300,38945,25,0
86300,38946,26,0
86300,38947,27,0
86300,38651,28,0
86300,38652,29,0
86300,38599,30,1
86301,38596,1,0
86301,38738,2,0
86301,38928,3,0
86301,38929,4,0
86301,38930,5,0
86301,38948,6,0
86301,38949,7,0
86301,38950,8,0
86301,38951,9,0
86301,38952,10,0
86301,38953,11,0
86301,38954,12,0
86301,38955,13,0
86301,38956,14,0
86301,38957,15,0
86301,38958,16,0
86301,38959,17,0
86301,38960,18,0
86301,38961,19,0
86301,38962,20,0
86301,38963,21,0
86301,38904,22,0
86301,38905,23,0
86301,38906,24,0
86301,38907,25,1
86400,38998,1,0
86400,38999,2,0
86400,39000,3,0
86400,39001,4,0
86400,39002,5,0
86400,39003,6,0
86400,39004,7,0
86400,39005,8,0
86400,39006,9,0
86400,39007,10,0
86400,39008,11,0
86400,39009,12,0
86400,39010,13,0
86400,39011,14,0
86400,39041,15,0
86400,38993,16,0
86400,39249,17,0
86400,39250,18,0
86400,39251,19,0
86400,39252,20,0
86400,39253,21,0
86400,39254,22,0
86400,39255,23,0
86400,39256,24,0
86400,39257,25,0
86400,39258,26,0
86400,38600,27,1
86401,38600,1,0
86401,38981,2,0
86401,38982,3,0
86401,38983,4,0
86401,38984,5,0
86401,38985,6,0
86401,38986,7,0
86401,38987,8,0
86401,38988,9,0
86401,38989,10,0
86401,38990,11,0
86401,38991,12,0
86401,38992,13,0
86401,38624,14,0
86401,38994,15,0
86401,38995,16,0
86401,38996,17,0
86401,38997,18,0
86401,38998,19,1
86500,39025,1,0
86500,39026,2,0
86500,39027,3,0
86500,39028,4,0
86500,39029,5,0
86500,39030,6,0
86500,39031,7,0
86500,39032,8,0
86500,39033,9,0
86500,39034,10,0
86500,39035,11,0
86500,39036,12,0
86500,39037,13,0
86500,39038,14,0
86500,39039,15,0
86500,39040,16,0
86500,38993,17,0
86500,38611,18,0
86500,38609,19,0
86500,38607,20,0
86500,38605,21,0
86500,38973,22,0
86500,38974,23,0
86500,38629,24,0
86500,38962,25,0
86500,38963,26,0
86500,39263,27,0
86500,38937,28,0
86500,38603,29,0
86500,38908,30,1
86501,38908,1,0
86501,38602,2,0
86501,38938,3,0
86501,38902,4,0
86501,38903,5,0
86501,38964,6,0
86501,38965,7,0
86501,38966,8,0
86501,38967,9,0
86501,38628,10,0
86501,38955,11,0
86501,38604,12,0
86501,38606,13,0
86501,38608,14,0
86501,38610,15,0
86501,38624,16,0
86501,39012,17,0
86501,39013,18,0
86501,39014,19,0
86501,39015,20,0
86501,39016,21,0
86501,39017,22,0
86501,39018,23,0
86501,39019,24,0
86501,39020,25,0
86501,39021,26,0
86501,39022,27,0
86501,39023,28,0
86501,39024,29,0
86501,39025,30,1
86600,38788,1,0
86600,39051,2,0
86600,39052,3,0
86600,39053,4,0
86600,39054,5,0
86600,39055,6,0
86600,39056,7,0
86600,39057,8,0
86600,39059,9,0
86600,39060,10,0
86600,39061,11,1
86601,39061,1,0
86601,39062,2,0
86601,39058,3,0
86601,39063,4,0
86601,39064,5,0
86601,39065,6,0
86601,39066,7,0
86601,39067,8,0
86601,39068,9,0
86601,39069,10,0
86601,39070,11,0
86601,39071,12,0
86601,39072,13,0
86601,38697,14,0
86601,38698,15,0
86601,38699,16,0
86601,38700,17,0
86601,38701,18,0
86601,38792,19,0
86601,38793,20,0
86601,38794,21,0
86601,38783,22,0
86601,38784,23,0
86601,38785,24,0
86601,38786,25,0
86601,38787,26,0
86601,38788,27,1
86700,38788,1,0
86700,38868,2,0
86700,38869,3,0
86700,38870,4,0
86700,38871,5,0
86700,38872,6,0
86700,38873,7,0
86700,38874,8,0
86700,38875,9,0
86700,39269,10,0
86700,39076,11,0
86700,39077,12,0
86700,39078,13,0
86700,38642,14,0
86700,38643,15,0
86700,38644,16,0
86700,38645,17,0
86700,38646,18,0
86700,38647,19,0
86700,38648,20,0
86700,38908,21,1
86701,38908,1,0
86701,38909,2,0
86701,38910,3,0
86701,38630,4,0
86701,38631,5,0
86701,38632,6,0
86701,38591,7,0
86701,38633,8,0
86701,38491,9,0
86701,39073,10,0
86701,39074,11,0
86701,39075,12,0
86701,38860,13,0
86701,38498,14,0
86701,38861,15,0
86701,38862,16,0
86701,38863,17,0
86701,38864,18,0
86701,38865,19,0
86701,38866,20,0
86701,38867,21,0
86701,38788,22,1
86800,38789,1,0
86800,38791,2,0
86800,38696,3,0
86800,38697,4,0
86800,38698,5,0
86800,38699,6,0
86800,38792,7,0
86800,38793,8,0
86800,38794,9,0
86800,38783,10,0
86800,38784,11,0
86800,38790,12,0
86800,38795,13,0
86800,38796,14,0
86800,38797,15,0
86800,38798,16,0
86800,38799,17,0
86800,38800,18,0
86800,38801,19,0
86800,38802,20,0
86800,38803,21,0
86800,38804,22,0
86800,38805,23,0
86800,38806,24,0
86800,38807,25,0
86800,38808,26,0
86800,38809,27,0
86800,38810,28,0
86800,38811,29,0
86800,38812,30,0
86800,38813,31,0
86800,38814,32,0
86800,38815,33,0
86800,38816,34,0
86800,38817,35,0
86800,38818,36,0
86800,38819,37,0
86800,38820,38,0
86800,38752,39,0
86800,38753,40,0
86800,38754,41,0
86800,38677,42,0
86800,38678,43,0
86800,38679,44,0
86800,38510,45,0
86800,38681,46,0
86800,38710,47,0
86800,39285,48,0
86800,38712,49,0
86800,38713,50,0
86800,38714,51,0
86800,38715,52,0
86800,38755,53,0
86800,38756,54,0
86800,38757,55,0
86800,38821,56,0
86800,38822,57,0
86800,38823,58,0
86800,38724,59,0
86800,38824,60,0
86800,38825,61,0
86800,38826,62,0
86800,38744,63,0
86800,38827,64,0
86800,38828,65,0
86800,38829,66,0
86800,38830,67,0
86800,38734,68,0
86800,38735,69,0
86800,38831,70,0
86800,38832,71,0
86800,38650,72,0
86800,38651,73,0
86800,38596,74,1
86801,38596,1,0
86801,38653,2,0
86801,38654,3,0
86801,38655,4,0
86801,38656,5,0
86801,38657,6,0
86801,38740,7,0
86801,38741,8,0
86801,38742,9,0
86801,38743,10,0
86801,38744,11,0
86801,38745,12,0
86801,38746,13,0
86801,38747,14,0
86801,38667,15,0
86801,38748,16,0
86801,38749,17,0
86801,38750,18,0
86801,38751,19,0
86801,38752,20,0
86801,38753,21,0
86801,38754,22,0
86801,38677,23,0
86801,38678,24,0
86801,38679,25,0
86801,38510,26,0
86801,38681,27,0
86801,38710,28,0
86801,39284,29,0
86801,38712,30,0
86801,38713,31,0
86801,38714,32,0
86801,38715,33,0
86801,38755,34,0
86801,38756,35,0
86801,38757,36,0
86801,38758,37,0
86801,38759,38,0
86801,38760,39,0
86801,38761,40,0
86801,38762,41,0
86801,38763,42,0
86801,38764,43,0
86801,38765,44,0
86801,38766,45,0
86801,38767,46,0
86801,38768,47,0
86801,38769,48,0
86801,38770,49,0
86801,38771,50,0
86801,38772,51,0
86801,38773,52,0
86801,38774,53,0
86801,38775,54,0
86801,38776,55,0
86801,38777,56,0
86801,38778,57,0
86801,38779,58,0
86801,38780,59,0
86801,38781,60,0
86801,38782,61,0
86801,39276,62,0
86801,38692,63,0
86801,38693,64,0
86801,38694,65,0
86801,38695,66,0
86801,39109,67,0
86801,38785,68,0
86801,38786,69,0
86801,38787,70,0
86801,39287,71,1
86900,38744,1,0
86900,38827,2,0
86900,38828,3,0
86900,38829,4,0
86900,38830,5,0
86900,38734,6,0
86900,38735,7,0
86900,38614,8,0
86900,38736,9,0
86900,38737,10,0
86900,38738,11,0
86900,38739,12,0
86900,38901,13,0
86900,38937,14,0
86900,38603,15,0
86900,39288,16,0
86900,38909,17,0
86900,38910,18,0
86900,38630,19,0
86900,38631,20,0
86900,38632,21,0
86900,38591,22,0
86900,38860,23,0
86900,38498,24,0
86900,38861,25,0
86900,38862,26,0
86900,38863,27,0
86900,38864,28,0
86900,38865,29,0
86900,38745,30,0
86900,38746,31,0
86900,38747,32,0
86900,38680,33,0
86900,39048,34,0
86900,39049,35,0
86900,39050,36,0
86900,38625,37,0
86900,38866,38,0
86900,38867,39,0
86900,38788,40,1
86901,38788,1,0
86901,38626,2,0
86901,38925,3,0
86901,38926,4,0
86901,38927,5,0
86901,39285,6,0
86901,38824,7,0
86901,38825,8,0
86901,38826,9,0
86901,38744,10,1
87000,39286,1,0
87000,38790,2,0
87000,38868,3,0
87000,38869,4,0
87000,38870,5,0
87000,38871,6,0
87000,38872,7,0
87000,38873,8,0
87000,38874,9,0
87000,38875,10,0
87000,38876,11,0
87000,38877,12,0
87000,38878,13,0
87000,38879,14,0
87000,38880,15,0
87000,38881,16,0
87000,39274,17,0
87000,39266,18,0
87000,38927,19,0
87000,39280,20,0
87000,39267,21,0
87000,38853,22,0
87000,38854,23,0
87000,38855,24,0
87000,39236,25,0
87000,39237,26,0
87000,39238,27,0
87000,39239,28,0
87000,39240,29,0
87000,39241,30,0
87000,38884,31,0
87000,38885,32,0
87000,38886,33,0
87000,38887,34,0
87000,38888,35,0
87000,38889,36,0
87000,38890,37,0
87000,38891,38,0
87000,38892,39,0
87000,38893,40,0
87000,38894,41,0
87000,38895,42,0
87000,38896,43,0
87000,38897,44,0
87000,38898,45,0
87000,38899,46,0
87000,38900,47,0
87000,38831,48,0
87000,38832,49,0
87000,38650,50,0
87000,38651,51,0
87000,38597,52,1
87001,38597,1,0
87001,38653,2,0
87001,38654,3,0
87001,38834,4,0
87001,38835,5,0
87001,38836,6,0
87001,38837,7,0
87001,38838,8,0
87001,38839,9,0
87001,38840,10,0
87001,38841,11,0
87001,38842,12,0
87001,38843,13,0
87001,38844,14,0
87001,38845,15,0
87001,38846,16,0
87001,38847,17,0
87001,38848,18,0
87001,38849,19,0
87001,38850,20,0
87001,38851,21,0
87001,38918,22,0
87001,38919,23,0
87001,38920,24,0
87001,38921,25,0
87001,38922,26,0
87001,38923,27,0
87001,38924,28,0
87001,38925,29,0
87001,38927,30,0
87001,39282,31,0
87001,39267,32,0
87001,38853,33,0
87001,38854,34,0
87001,38855,35,0
87001,38856,36,0
87001,38857,37,0
87001,38858,38,0
87001,38859,39,0
87001,38860,40,0
87001,38498,41,0
87001,38861,42,0
87001,38862,43,0
87001,38863,44,0
87001,38864,45,0
87001,38865,46,0
87001,38866,47,0
87001,38867,48,0
87001,39286,49,1
87100,38789,1,0
87100,38791,2,0
87100,38696,3,0
87100,38697,4,0
87100,38698,5,0
87100,38699,6,0
87100,38700,7,0
87100,38701,8,0
87100,38702,9,0
87100,38703,10,0
87100,38704,11,0
87100,38705,12,0
87100,38706,13,0
87100,38707,14,0
87100,38708,15,0
87100,39231,16,0
87100,39232,17,0
87100,39233,18,0
87100,39234,19,0
87100,38593,20,0
87100,39235,21,0
87100,38709,22,0
87100,38710,23,0
87100,38711,24,0
87100,39267,25,0
87100,39268,26,0
87100,38882,27,0
87100,38884,28,0
87100,39242,29,0
87100,39243,30,0
87100,39244,31,0
87100,39245,32,0
87100,39246,33,0
87100,38896,34,0
87100,39273,35,0
87100,39272,36,0
87100,38647,37,0
87100,38648,38,0
87100,39288,39,0
87100,39259,40,0
87100,39260,41,0
87100,39261,42,0
87100,39262,43,0
87100,39263,44,0
87100,39264,45,0
87100,39265,46,0
87100,38833,47,0
87100,38649,48,0
87100,39277,49,0
87100,38614,50,0
87100,38736,51,0
87100,38737,52,1
87101,38737,1,0
87101,38738,2,0
87101,38739,3,0
87101,38901,4,0
87101,38902,5,0
87101,38903,6,0
87101,38904,7,0
87101,38905,8,0
87101,38906,9,0
87101,39288,10,0
87101,38909,11,0
87101,38910,12,0
87101,38911,13,0
87101,38912,14,0
87101,38839,15,0
87101,38913,16,0
87101,38914,17,0
87101,38915,18,0
87101,38916,19,0
87101,38917,20,0
87101,38850,21,0
87101,38851,22,0
87101,38852,23,0
87101,39274,24,0
87101,39266,25,0
87101,38927,26,0
87101,39283,27,0
87101,38712,28,0
87101,38713,29,0
87101,39225,30,0
87101,39226,31,0
87101,39227,32,0
87101,39228,33,0
87101,39229,34,0
87101,39230,35,0
87101,38682,36,0
87101,38683,37,0
87101,38684,38,0
87101,38685,39,0
87101,38686,40,0
87101,38687,41,0
87101,38688,42,0
87101,38689,43,0
87101,38690,44,0
87101,38691,45,0
87101,38692,46,0
87101,38693,47,0
87101,38694,48,0
87101,38695,49,0
87101,39109,50,0
87101,39287,51,1
87200,39286,1,0
87200,38790,2,0
87200,38626,3,0
87200,38925,4,0
87200,38926,5,0
87200,38927,6,0
87200,39285,7,0
87200,39042,8,0
87200,39043,9,0
87200,38831,10,0
87200,38832,11,0
87200,38650,12,0
87200,38651,13,0
87200,38601,14,1
87201,38601,1,0
87201,38653,2,0
87201,38654,3,0
87201,38655,4,0
87201,39044,5,0
87201,39045,6,0
87201,38680,7,0
87201,39048,8,0
87201,39049,9,0
87201,39050,10,0
87201,38625,11,0
87201,38866,12,0
87201,38867,13,0
87201,39286,14,1
87300,38623,1,0
87300,38612,2,0
87300,38627,3,0
87300,38993,4,0
87300,38737,5,1
87301,38737,1,0
87301,38624,2,0
87301,38613,3,0
87301,38617,4,0
87301,38618,5,0
87301,38619,6,0
87301,38620,7,0
87301,38621,8,0
87301,38622,9,0
87301,38623,10,1
87400,38588,1,0
87400,38520,2,0
87400,39079,3,0
87400,39173,4,0
87400,38499,5,0
87400,38501,6,0
87400,38503,7,0
87400,38505,8,0
87400,39080,9,0
87400,39081,10,0
87400,39082,11,0
87400,39083,12,0
87400,39084,13,0
87400,39085,14,0
87400,39086,15,0
87400,39278,16,0
87400,39087,17,0
87400,39088,18,0
87400,39089,19,0
87400,39090,20,0
87400,39091,21,0
87400,40098,22,0
87400,39092,23,0
87400,38587,24,0
87400,39093,25,0
87400,39094,26,0
87400,39095,27,0
87400,39096,28,0
87400,39097,29,0
87400,39098,30,0
87400,39099,31,0
87400,39100,32,0
87400,39101,33,0
87400,39102,34,0
87400,39103,35,0
87400,39104,36,0
87400,39105,37,0
87400,39106,38,0
87400,39107,39,0
87400,39108,40,1
87401,39108,1,0
87401,39279,2,0
87401,39211,3,0
87401,39212,4,0
87401,39213,5,0
87401,39214,6,0
87401,39215,7,0
87401,38587,8,0
87401,39216,9,0
87401,39217,10,0
87401,39218,11,0
87401,39219,12,0
87401,39220,13,0
87401,39221,14,0
87401,39222,15,0
87401,39223,16,0
87401,39224,17,0
87401,39205,18,0
87401,39206,19,0
87401,39207,20,0
87401,39208,21,0
87401,39209,22,0
87401,39210,23,0
87401,38506,24,0
87401,38504,25,0
87401,38502,26,0
87401,38500,27,0
87401,38521,28,0
87401,38588,29,1
87500,39153,1,0
87500,39154,2,0
87500,39155,3,0
87500,39156,4,0
87500,39157,5,0
87500,39204,6,0
87500,39158,7,0
87500,39159,8,0
87500,39160,9,0
87500,39161,10,0
87500,39162,11,0
87500,39163,12,0
87500,39164,13,0
87500,39165,14,0
87500,39166,15,0
87500,39167,16,0
87500,39168,17,0
87500,39169,18,0
87500,39170,19,0
87500,39171,20,0
87500,39172,21,0
87500,38513,22,0
87500,39173,23,0
87500,38521,24,0
87500,39174,25,0
87500,39175,26,0
87500,39176,27,0
87500,39177,28,0
87500,38507,29,0
87500,39178,30,0
87500,39179,31,0
87500,39180,32,0
87500,39181,33,0
87500,39182,34,0
87500,39183,35,0
87500,39184,36,0
87500,39185,37,0
87500,39186,38,0
87500,39187,39,0
87500,38515,40,0
87500,38508,41,0
87500,38580,42,0
87500,39188,43,0
87500,39189,44,0
87500,39190,45,0
87500,39191,46,0
87500,39192,47,0
87500,39193,48,0
87500,39194,49,0
87500,39195,50,0
87500,39196,51,0
87500,39197,52,0
87500,39198,53,0
87500,39199,54,0
87500,39200,55,0
87500,39201,56,0
87500,38592,57,0
87500,38589,58,0
87500,39202,59,0
87500,39203,60,0
87500,39109,61,0
87500,38788,62,1
87501,38788,1,0
87501,39110,2,0
87501,39111,3,0
87501,39112,4,0
87501,39113,5,0
87501,39114,6,0
87501,39115,7,0
87501,39116,8,0
87501,39117,9,0
87501,39118,10,0
87501,39119,11,0
87501,39120,12,0
87501,39121,13,0
87501,39122,14,0
87501,39123,15,0
87501,39124,16,0
87501,39125,17,0
87501,39271,18,0
87501,39126,19,0
87501,38509,20,0
87501,38579,21,0
87501,38514,22,0
87501,39127,23,0
87501,39128,24,0
87501,39102,25,0
87501,39103,26,0
87501,39104,27,0
87501,39105,28,0
87501,39106,29,0
87501,39107,30,0
87501,39108,31,0
87501,39279,32,0
87501,39097,33,0
87501,39129,34,0
87501,39130,35,0
87501,39131,36,0
87501,39132,37,0
87501,38522,38,0
87501,39133,39,0
87501,38512,40,0
87501,38594,41,0
87501,39134,42,0
87501,39135,43,0
87501,39136,44,0
87501,39137,45,0
87501,39138,46,0
87501,39139,47,0
87501,39140,48,0
87501,38532,49,0
87501,39141,50,0
87501,39142,51,0
87501,39143,52,0
87501,39144,53,0
87501,39145,54,0
87501,39146,55,0
87501,39147,56,0
87501,39148,57,0
87501,39149,58,0
87501,39150,59,0
87501,39151,60,0
87501,39152,61,0
87501,39153,62,1
87600,38784,1,0
87600,38798,2,0
87600,38799,3,0
87600,38800,4,0
87600,38801,5,0
87600,38802,6,0
87600,38803,7,0
87600,38804,8,0
87600,38805,9,0
87600,38806,10,0
87600,38807,11,0
87600,38808,12,0
87600,38809,13,0
87600,38810,14,0
87600,38811,15,0
87600,38812,16,0
87600,38813,17,0
87600,38814,18,0
87600,38815,19,0
87600,38816,20,0
87600,38817,21,0
87600,38818,22,0
87600,38819,23,0
87600,38752,24,0
87600,38753,25,0
87600,38754,26,0
87600,38677,27,0
87600,38678,28,0
87600,38679,29,0
87600,38680,30,1
87700,39171,1,0
87700,38533,2,0
87700,38534,3,0
87700,38535,4,0
87700,38536,5,0
87700,38537,6,0
87700,38538,7,0
87700,38539,8,0
87700,38540,9,0
87700,38541,10,0
87700,38542,11,0
87700,38543,12,0
87700,38544,13,0
87700,38545,14,0
87700,38546,15,0
87700,38547,16,0
87700,38548,17,0
87700,38549,18,0
87700,39145,19,0
87700,39146,20,0
87700,39147,21,0
87700,39148,22,0
87700,39149,23,0
87700,38576,24,0
87700,39153,25,1
87701,39153,1,0
87701,38492,2,0
87701,38493,3,0
87701,38494,4,0
87701,38495,5,0
87701,38578,6,0
87701,38590,7,0
87701,38496,8,0
87701,38497,9,0
87701,38523,10,0
87701,38524,11,0
87701,38525,12,0
87701,38526,13,0
87701,38527,14,0
87701,38528,15,0
87701,38529,16,0
87701,38530,17,0
87701,38531,18,0
87701,39170,19,0
87701,39171,20,1
87800,38561,1,0
87800,38562,2,0
87800,38563,3,0
87800,38564,4,0
87800,38565,5,0
87800,38566,6,0
87800,38567,7,0
87800,38558,8,0
87800,38569,9,0
87800,38570,10,0
87800,38577,11,0
87800,38571,12,0
87800,38572,13,0
87800,38573,14,0
87800,38574,15,0
87800,38575,16,0
87800,38576,17,0
87800,39153,18,1
87801,39153,1,0
87801,39154,2,0
87801,38550,3,0
87801,38551,4,0
87801,38552,5,0
87801,38553,6,0
87801,38554,7,0
87801,38555,8,0
87801,38556,9,0
87801,38557,10,0
87801,38568,11,0
87801,38559,12,0
87801,38560,13,0
87801,38561,14,1
87900,38519,1,0
87900,38518,2,0
87900,38517,3,0
87900,38516,4,0
87900,38585,5,0
87900,38582,6,0
87900,38586,7,0
87900,39149,8,0
87900,39150,9,0
87900,39151,10,0
87900,39152,11,0
87900,39153,12,1
87901,39153,1,0
87901,39154,2,0
87901,39155,3,0
87901,39156,4,0
87901,39157,5,0
87901,39204,6,0
87901,38561,7,0
87901,38562,8,0
87901,38563,9,0
87901,38564,10,0
87901,38565,11,0
87901,38566,12,0
87901,38511,13,0
87901,38582,14,0
87901,38581,15,0
87901,38583,16,0
87901,38584,17,0
87901,38518,18,0
87901,38519,19,1
