'498',4401,83600,4,'',0,22100,4,'',0,26000,4,'',0,21900,4,'',0,22000,4,'',0,26000,4,'',0
'499',4401,73600,4,'',0,100,4,'',0,7400,4,'',0,3500,4,'',0,7900,4,'',0,7600,4,'',0,3700,4,'',0,7300,4,'',0,3700,4,'',0,7300,4,'',0,3800,4,'',0,7200,4,'',0,7700,4,'',0,22500,4,'',0,6800,4,'',0,3800,4,'',0,7200,4,'',0,3700,4,'',0,7000,4,'',0,3300,4,'',0,25800,4,'',0,19800,4,'',0
'500',4401,73600,4,'',0,100,4,'',0,7400,4,'',0,3500,4,'',0,7900,4,'',0,7600,4,'',0,3700,4,'',0,7300,4,'',0,3700,4,'',0,7300,4,'',0,3800,4,'',0,7200,4,'',0,7700,4,'',0,22500,4,'',0,6800,4,'',0,3800,4,'',0,7200,4,'',0,3700,4,'',0,7000,4,'',0,3300,4,'',0,25800,4,'',0,19800,4,'',0
'501',4401,73600,4,'',0,100,4,'',0,7400,4,'',0,3500,4,'',0,7900,4,'',0,7600,4,'',0,3700,4,'',0,7300,4,'',0,3700,4,'',0,7300,4,'',0,3800,4,'',0,7200,4,'',0,7700,4,'',0,22500,4,'',0,6800,4,'',0,3800,4,'',0,7200,4,'',0,3700,4,'',0,7000,4,'',0,3300,4,'',0,25800,4,'',0,19800,4,'',0
'502',4401,73600,4,'',0,100,4,'',0,7400,4,'',0,3500,4,'',0,7900,4,'',0,7600,4,'',0,3700,4,'',0,7300,4,'',0,3700,4,'',0,7300,4,'',0,3800,4,'',0,7200,4,'',0,7700,4,'',0,22500,4,'',0,6800,4,'',0,3800,4,'',0,7200,4,'',0,3700,4,'',0,7000,4,'',0,3300,4,'',0,25800,4,'',0,19800,4,'',0
'503',4401,81400,4,'',0,11100,4,'',0,7500,4,'',0,3600,4,'',0,7400,4,'',0,3600,4,'',0,7400,4,'',0,3600,4,'',0,7400,4,'',0,7600,4,'',0,3400,4,'',0,7600,4,'',0,3400,4,'',0,7600,4,'',0,7400,4,'',0,3600,4,'',0,7400,4,'',0,3600,4,'',0,7400,4,'',0,3600,4,'',0,25700,4,'',0,20000,4,'',0
'504',4401,73600,4,'',0,100,4,'',0,7400,4,'',0,3500,4,'',0,7900,4,'',0,7600,4,'',0,3700,4,'',0,7300,4,'',0,3700,4,'',0,7300,4,'',0,3800,4,'',0,7200,4,'',0,7700,4,'',0,22500,4,'',0,6800,4,'',0,3800,4,'',0,7200,4,'',0,3700,4,'',0,7000,4,'',0,3300,4,'',0,25800,4,'',0,19800,4,'',0
'498',4701,85300,4,'',0,15000,4,'',0,11200,4,'',0,3700,4,'',0,7400,4,'',0,7400,4,'',0,3700,4,'',0,7500,4,'',0,3500,4,'',0,7500,4,'',0,7800,4,'',0,3500,4,'',0,7100,4,'',0,3700,4,'',0,7400,4,'',0,3300,4,'',0,7600,4,'',0,7500,4,'',0,3300,4,'',0
'499',4701,75100,4,'',0,7800,4,'',0,1000,4,'',0,200,4,'',0,1200,4,'',0,400,4,'',0,5200,4,'',0,1200,4,'',0,900,4,'',0,800,4,'',0,900,4,'',0,1000,4,'',0,5100,4,'',0,3400,4,'',0,1600,4,'',0,4900,4,'',0,1300,4,'',0,1400,4,'',0,2100,4,'',0,5800,4,'',0,1500,4,'',0,1500,4,'',0,6100,4,'',0,1400,4,'',0,2000,4,'',0,1600,4,'',0,6100,4,'',0,1400,4,'',0,800,4,'',0,300,4,'',0,900,4,'',0,5500,4,'',0,1100,4,'',0,1000,4,'',0,1000,4,'',0,1000,4,'',0,5500,4,'',0,1500,4,'',0,1000,4,'',0,1400,4,'',0,600,4,'',0,1200,4,'',0,5300,4,'',0,1400,4,'',0,1100,4,'',0,900,4,'',0,5600,4,'',0,1800,4,'',0,3500,4,'',0,5300,4,'',0,2300,4,'',0,7400,4,'',0,3000,4,'',0,7900,4,'',0,3100,4,'',0,7700,4,'',0,2700,4,'',0,7100,4,'',0,3800,4,'',0,6100,4,'',0
'500',4701,75100,4,'',0,7800,4,'',0,1000,4,'',0,200,4,'',0,1200,4,'',0,400,4,'',0,5200,4,'',0,1200,4,'',0,900,4,'',0,800,4,'',0,900,4,'',0,1000,4,'',0,5100,4,'',0,3400,4,'',0,1600,4,'',0,4900,4,'',0,1300,4,'',0,1400,4,'',0,2100,4,'',0,5800,4,'',0,1500,4,'',0,1500,4,'',0,6100,4,'',0,1400,4,'',0,2000,4,'',0,1600,4,'',0,6100,4,'',0,1400,4,'',0,1100,4,'',0,900,4,'',0,5500,4,'',0,1100,4,'',0,1000,4,'',0,1000,4,'',0,800,4,'',0,200,4,'',0,5500,4,'',0,1500,4,'',0,1000,4,'',0,1400,4,'',0,600,4,'',0,1200,4,'',0,5300,4,'',0,1400,4,'',0,1100,4,'',0,900,4,'',0,5600,4,'',0,1800,4,'',0,3500,4,'',0,5300,4,'',0,2300,4,'',0,7400,4,'',0,3000,4,'',0,7900,4,'',0,3100,4,'',0,7700,4,'',0,2700,4,'',0,7100,4,'',0,3800,4,'',0,6100,4,'',0
'501',4701,75100,4,'',0,7800,4,'',0,1000,4,'',0,200,4,'',0,1200,4,'',0,400,4,'',0,5200,4,'',0,1200,4,'',0,900,4,'',0,800,4,'',0,900,4,'',0,1000,4,'',0,5100,4,'',0,3400,4,'',0,1600,4,'',0,4900,4,'',0,1300,4,'',0,1400,4,'',0,2100,4,'',0,5800,4,'',0,1500,4,'',0,1500,4,'',0,6100,4,'',0,1400,4,'',0,2000,4,'',0,1600,4,'',0,6100,4,'',0,1400,4,'',0,1100,4,'',0,900,4,'',0,5500,4,'',0,1100,4,'',0,1000,4,'',0,1000,4,'',0,800,4,'',0,200,4,'',0,5500,4,'',0,1500,4,'',0,1000,4,'',0,1400,4,'',0,600,4,'',0,1200,4,'',0,5300,4,'',0,1400,4,'',0,1100,4,'',0,900,4,'',0,5600,4,'',0,1800,4,'',0,3500,4,'',0,5300,4,'',0,2300,4,'',0,7400,4,'',0,3000,4,'',0,7900,4,'',0,3100,4,'',0,7700,4,'',0,2700,4,'',0,7100,4,'',0,3800,4,'',0,6100,4,'',0
'502',4701,75100,4,'',0,7800,4,'',0,1000,4,'',0,200,4,'',0,1200,4,'',0,400,4,'',0,5200,4,'',0,1200,4,'',0,900,4,'',0,800,4,'',0,900,4,'',0,1000,4,'',0,5100,4,'',0,3400,4,'',0,1600,4,'',0,4900,4,'',0,1300,4,'',0,1400,4,'',0,2100,4,'',0,5800,4,'',0,1500,4,'',0,1500,4,'',0,6100,4,'',0,1400,4,'',0,2000,4,'',0,1600,4,'',0,6100,4,'',0,1400,4,'',0,1100,4,'',0,900,4,'',0,5500,4,'',0,1100,4,'',0,1000,4,'',0,1000,4,'',0,800,4,'',0,200,4,'',0,5500,4,'',0,1500,4,'',0,1000,4,'',0,1400,4,'',0,600,4,'',0,1200,4,'',0,5300,4,'',0,1400,4,'',0,1100,4,'',0,900,4,'',0,5600,4,'',0,1800,4,'',0,3500,4,'',0,5300,4,'',0,2300,4,'',0,7400,4,'',0,3000,4,'',0,7900,4,'',0,3100,4,'',0,7700,4,'',0,2700,4,'',0,7100,4,'',0,3800,4,'',0,6100,4,'',0
'503',4701,82800,4,'',0,11000,4,'',0,7700,4,'',0,3500,4,'',0,7600,4,'',0,7500,4,'',0,3500,4,'',0,7600,4,'',0,3400,4,'',0,7700,4,'',0,3500,4,'',0,7300,4,'',0,7800,4,'',0,3500,4,'',0,7600,4,'',0,3100,4,'',0,7500,4,'',0,3300,4,'',0,7500,4,'',0,7500,4,'',0,11000,4,'',0,10800,4,'',0,10000,4,'',0,10000,4,'',0
'504',4701,75100,4,'',0,7800,4,'',0,1000,4,'',0,200,4,'',0,1200,4,'',0,400,4,'',0,5200,4,'',0,1200,4,'',0,900,4,'',0,800,4,'',0,900,4,'',0,1000,4,'',0,5100,4,'',0,3400,4,'',0,1600,4,'',0,4900,4,'',0,1300,4,'',0,1400,4,'',0,2100,4,'',0,5800,4,'',0,1500,4,'',0,1500,4,'',0,6100,4,'',0,1400,4,'',0,2000,4,'',0,1600,4,'',0,6100,4,'',0,1400,4,'',0,800,4,'',0,300,4,'',0,900,4,'',0,5500,4,'',0,1100,4,'',0,1000,4,'',0,1000,4,'',0,1000,4,'',0,5500,4,'',0,1500,4,'',0,1000,4,'',0,1400,4,'',0,600,4,'',0,1200,4,'',0,5300,4,'',0,1400,4,'',0,1100,4,'',0,900,4,'',0,5600,4,'',0,1800,4,'',0,3500,4,'',0,5300,4,'',0,2300,4,'',0,7400,4,'',0,3000,4,'',0,7900,4,'',0,3100,4,'',0,7700,4,'',0,2700,4,'',0,7100,4,'',0,3800,4,'',0,6100,4,'',0
