'498',4800,90700,4,'',0,10900,4,'',0,11100,4,'',0,11000,4,'',0,11000,4,'',0,11000,4,'',0,15000,4,'',0,11000,4,'',0,11000,4,'',0,11000,4,'',0
'498',4801,75800,,'',0,9500,,'',0,10000,,'',0,15000,,'',0,11000,,'',0,11000,,'',0,11000,,'',0,11000,,'',0,11000,,'',0,15000,,'',0,10800,,'',0,10300,,'',0,700,,'',0
'499',4800,65400,4,'',0,8500,4,'',0,1800,4,'',0,10100,4,'',0,7100,4,'',0,9800,4,'',0,10900,4,'',0,11100,4,'',0,11000,4,'',0,15000,4,'',0,4800,4,'',0,6200,4,'',0,3500,4,'',0,7500,4,'',0,7500,4,'',0,3500,4,'',0,7500,4,'',0,11000,4,'',0,11000,4,'',0,10300,4,'',0,9700,4,'',0
'499',4801,70200,,'',0,1200,,'',0,3300,,'',0,9800,,'',0,8700,,'',0,1300,,'',0,17000,,'',0,11000,,'',0,11100,,'',0,11100,,'',0,11000,,'',0,8800,,'',0,6300,,'',0,3400,,'',0,7500,,'',0,3300,,'',0,7400,,'',0,3500,,'',0,15000,,'',0,11100,,'',0,10200,,'',0,800,,'',0,9100,,'',0
'500',4800,65400,4,'',0,8500,4,'',0,1800,4,'',0,10100,4,'',0,7100,4,'',0,9800,4,'',0,10900,4,'',0,11100,4,'',0,11000,4,'',0,15000,4,'',0,4800,4,'',0,6200,4,'',0,3500,4,'',0,7500,4,'',0,7500,4,'',0,3500,4,'',0,7500,4,'',0,11000,4,'',0,11000,4,'',0,10300,4,'',0,9700,4,'',0
'500',4801,70200,,'',0,1200,,'',0,3300,,'',0,9800,,'',0,8700,,'',0,1300,,'',0,17000,,'',0,11000,,'',0,11100,,'',0,11100,,'',0,11000,,'',0,8800,,'',0,6300,,'',0,3400,,'',0,7500,,'',0,3300,,'',0,7400,,'',0,3500,,'',0,15000,,'',0,11100,,'',0,10200,,'',0,800,,'',0,9100,,'',0
'501',4800,65400,4,'',0,8500,4,'',0,1800,4,'',0,10100,4,'',0,7100,4,'',0,9800,4,'',0,10900,4,'',0,11100,4,'',0,11000,4,'',0,15000,4,'',0,4800,4,'',0,6200,4,'',0,3500,4,'',0,7500,4,'',0,7500,4,'',0,3500,4,'',0,7500,4,'',0,11000,4,'',0,11000,4,'',0,10300,4,'',0,9700,4,'',0
'501',4801,70200,,'',0,1200,,'',0,3300,,'',0,9800,,'',0,8700,,'',0,1300,,'',0,17000,,'',0,11000,,'',0,11100,,'',0,11100,,'',0,11000,,'',0,8800,,'',0,6300,,'',0,3400,,'',0,7500,,'',0,3300,,'',0,7400,,'',0,3500,,'',0,15000,,'',0,11100,,'',0,10200,,'',0,800,,'',0,9100,,'',0
'502',4800,65400,4,'',0,8500,4,'',0,1800,4,'',0,10100,4,'',0,7100,4,'',0,9800,4,'',0,10900,4,'',0,11100,4,'',0,11000,4,'',0,15000,4,'',0,4800,4,'',0,6200,4,'',0,3500,4,'',0,7500,4,'',0,7500,4,'',0,3500,4,'',0,7500,4,'',0,11000,4,'',0,11000,4,'',0,10300,4,'',0,9700,4,'',0
'502',4801,70200,,'',0,1200,,'',0,3300,,'',0,9800,,'',0,8700,,'',0,1300,,'',0,17000,,'',0,11000,,'',0,11100,,'',0,11100,,'',0,11000,,'',0,8800,,'',0,6300,,'',0,3400,,'',0,7500,,'',0,3300,,'',0,7400,,'',0,3500,,'',0,15000,,'',0,11100,,'',0,10200,,'',0,800,,'',0,9100,,'',0
'503',4800,73200,4,'',0,11000,4,'',0,11000,4,'',0,7500,4,'',0,7500,4,'',0,11000,4,'',0,11000,4,'',0,11000,4,'',0,11000,4,'',0,11000,4,'',0,15000,4,'',0,11000,4,'',0,11000,4,'',0,11000,4,'',0,10000,4,'',0,10000,4,'',0
'503',4801,72700,,'',0,9100,,'',0,11000,,'',0,11000,,'',0,7500,,'',0,3500,,'',0,11000,,'',0,15000,,'',0,11000,,'',0,11000,,'',0,11000,,'',0,10800,,'',0,11000,,'',0,15000,,'',0,11000,,'',0,10100,,'',0,9900,,'',0
'504',4800,65400,4,'',0,8500,4,'',0,1800,4,'',0,10100,4,'',0,7100,4,'',0,9800,4,'',0,10900,4,'',0,11100,4,'',0,11000,4,'',0,15000,4,'',0,4800,4,'',0,6200,4,'',0,3500,4,'',0,7500,4,'',0,7500,4,'',0,3500,4,'',0,7500,4,'',0,11000,4,'',0,11000,4,'',0,10300,4,'',0,9700,4,'',0
'504',4801,70200,,'',0,1200,,'',0,3300,,'',0,9800,,'',0,8700,,'',0,1300,,'',0,17000,,'',0,11000,,'',0,11100,,'',0,11100,,'',0,11000,,'',0,8800,,'',0,6300,,'',0,3400,,'',0,7500,,'',0,3300,,'',0,7400,,'',0,3500,,'',0,15000,,'',0,11100,,'',0,10200,,'',0,800,,'',0,9100,,'',0
