'519',4000,73700,,'',0,11000,,'',0,11000,,'',0,15000,,'',0,11000,,'',0,10900,,'',0,11000,,'',0,11000,,'',0,11000,,'',0,15000,,'',0,11000,,'',0
'519',4001,82000,4,'',0,11000,4,'',0,11000,4,'',0,11000,4,'',0,15000,4,'',0,11000,4,'',0,10900,4,'',0,11000,4,'',0,11000,4,'',0,11000,4,'',0,11000,4,'',0
'520',4000,63500,,'',0,7500,,'',0,1700,,'',0,3100,,'',0,6200,,'',0,11000,,'',0,11000,,'',0,11000,,'',0,15000,,'',0,10800,,'',0,10700,,'',0,11500,,'',0,11000,,'',0,11000,,'',0,15000,,'',0,4600,,'',0,11100,,'',0,10100,,'',0
'520',4001,72000,4,'',0,3500,4,'',0,6900,4,'',0,2600,4,'',0,5600,4,'',0,11000,4,'',0,11000,4,'',0,11000,4,'',0,11000,4,'',0,11000,4,'',0,15500,4,'',0,10500,4,'',0,11000,4,'',0,10800,4,'',0,11000,4,'',0,11000,4,'',0,10000,4,'',0,10000,4,'',0
'521',4000,63500,,'',0,7500,,'',0,1700,,'',0,3100,,'',0,6200,,'',0,11000,,'',0,11000,,'',0,11000,,'',0,15000,,'',0,10800,,'',0,10700,,'',0,11500,,'',0,11000,,'',0,11000,,'',0,15000,,'',0,4600,,'',0,11100,,'',0,10100,,'',0
'521',4001,72000,4,'',0,3500,4,'',0,6900,4,'',0,2600,4,'',0,5600,4,'',0,11000,4,'',0,11000,4,'',0,11000,4,'',0,11000,4,'',0,11000,4,'',0,15500,4,'',0,10500,4,'',0,11000,4,'',0,10800,4,'',0,11000,4,'',0,11000,4,'',0,10000,4,'',0,10000,4,'',0
'522',4000,63500,,'',0,7500,,'',0,1700,,'',0,3100,,'',0,6200,,'',0,11000,,'',0,11000,,'',0,11000,,'',0,15000,,'',0,10800,,'',0,10700,,'',0,11500,,'',0,11000,,'',0,11000,,'',0,15000,,'',0,4600,,'',0,11100,,'',0,10100,,'',0
'522',4001,72000,4,'',0,3500,4,'',0,6900,4,'',0,2600,4,'',0,5600,4,'',0,11000,4,'',0,11000,4,'',0,11000,4,'',0,11000,4,'',0,11000,4,'',0,15500,4,'',0,10500,4,'',0,11000,4,'',0,10800,4,'',0,11000,4,'',0,11000,4,'',0,10000,4,'',0,10000,4,'',0
'523',4000,63500,,'',0,7500,,'',0,1700,,'',0,3100,,'',0,6200,,'',0,11000,,'',0,11000,,'',0,11000,,'',0,15000,,'',0,10800,,'',0,10700,,'',0,11500,,'',0,11000,,'',0,11000,,'',0,15000,,'',0,4600,,'',0,11100,,'',0,10100,,'',0
'523',4001,72000,4,'',0,3500,4,'',0,6900,4,'',0,2600,4,'',0,5600,4,'',0,11000,4,'',0,11000,4,'',0,11000,4,'',0,11000,4,'',0,11000,4,'',0,15500,4,'',0,10500,4,'',0,11000,4,'',0,10800,4,'',0,11000,4,'',0,11000,4,'',0,10000,4,'',0,10000,4,'',0
'524',4000,63500,,'',0,7500,,'',0,1700,,'',0,3100,,'',0,6200,,'',0,11000,,'',0,11000,,'',0,11000,,'',0,15000,,'',0,10800,,'',0,10700,,'',0,11500,,'',0,11000,,'',0,11000,,'',0,15000,,'',0,4600,,'',0,11100,,'',0,10100,,'',0
'524',4001,72000,4,'',0,3500,4,'',0,6900,4,'',0,2600,4,'',0,5600,4,'',0,11000,4,'',0,11000,4,'',0,11000,4,'',0,11000,4,'',0,11000,4,'',0,15500,4,'',0,10500,4,'',0,11000,4,'',0,10800,4,'',0,11000,4,'',0,11000,4,'',0,10000,4,'',0,10000,4,'',0
'525',4000,71100,,'',0,11000,,'',0,11000,,'',0,11000,,'',0,11000,,'',0,15000,,'',0,11000,,'',0,11000,,'',0,11000,,'',0,11000,,'',0,11000,,'',0,15000,,'',0,4600,,'',0,10700,,'',0,10000,,'',0
'525',4001,75400,4,'',0,15000,4,'',0,11000,4,'',0,11000,4,'',0,11000,4,'',0,11000,4,'',0,11000,4,'',0,15000,4,'',0,11000,4,'',0,11000,4,'',0,11000,4,'',0,11000,4,'',0,10800,4,'',0,10000,4,'',0,10200,4,'',0
