'1781',500,72800,4,'',0,9000,4,'',0,8300,4,'',0,10200,4,'',0,11000,4,'',0,11100,4,'',0,11000,4,'',0,11000,4,'',0,11000,4,'',0,15000,4,'',0,10900,4,'',0,11000,4,'',0,3300,4,'',0,15000,4,'',0,11000,4,'',0,10000,4,'',0
'1781',501,73500,,'',0,18500,,'',0,11000,,'',0,11000,,'',0,11000,,'',0,15000,,'',0,11000,,'',0,11000,,'',0,11000,,'',0,11000,,'',0,7500,,'',0,11000,,'',0,11000,,'',0,10000,,'',0
'2086',500,65500,4,'',0,8800,4,'',0,9200,4,'',0,2100,4,'',0,15000,4,'',0,11000,4,'',0,11000,4,'',0,9500,4,'',0,10500,4,'',0,13000,4,'',0,15000,4,'',0,11000,4,'',0,14100,4,'',0,14900,4,'',0,11000,4,'',0,10000,4,'',0
'2086',501,70000,,'',0,4500,,'',0,6500,,'',0,11000,,'',0,11000,,'',0,11000,,'',0,9500,,'',0,10500,,'',0,17000,,'',0,11000,,'',0,11000,,'',0,18600,,'',0,10900,,'',0,11000,,'',0,10000,,'',0
'2091',500,75700,4,'',0,8600,4,'',0,11000,4,'',0,15000,4,'',0,11000,4,'',0,11000,4,'',0,11000,4,'',0,11000,4,'',0,11000,4,'',0,15000,4,'',0,10900,4,'',0
'2091',501,80000,,'',0,11000,,'',0,11000,,'',0,11000,,'',0,11000,,'',0,11000,,'',0,15000,,'',0,11000,,'',0,11000,,'',0,11000,,'',0,11000,,'',0
'2678',500,154400,4,'',0,38200,4,'',0
'2678',501,184000,,'',0
'2679',500,154400,4,'',0,38200,4,'',0
'2679',501,184000,,'',0
'1781',7000,92200,4,'',0,10000,4,'',0,32100,4,'',0,30700,4,'',0,16800,4,'',0,19000,4,'',0
'1781',7001,65500,,'',0,10000,,'',0,34800,,'',0,31400,,'',0,13400,,'',0,19000,,'',0
'2086',7000,73500,4,'',0,10600,4,'',0,18300,4,'',0,32900,4,'',0,29000,4,'',0,19400,4,'',0,17000,4,'',0
'2086',7001,50800,,'',0,10600,,'',0,14300,,'',0,36900,,'',0,29000,,'',0,19400,,'',0,13000,,'',0
