'2046',4000,73100,4,'',0,11100,4,'',0,7300,4,'',0,3500,4,'',0,7500,4,'',0,7500,4,'',0,3700,4,'',0,7600,4,'',0,3300,4,'',0,7700,4,'',0,3400,4,'',0,7400,4,'',0,7800,4,'',0,3500,4,'',0,7500,4,'',0,3200,4,'',0,7400,4,'',0,7500,4,'',0,3600,4,'',0,7400,4,'',0,10900,4,'',0,11000,4,'',0,10200,4,'',0,9900,4,'',0
'2046',4001,73300,,'',0,11000,,'',0,7700,,'',0,3500,,'',0,7600,,'',0,7500,,'',0,3500,,'',0,7500,,'',0,3300,,'',0,7700,,'',0,7500,,'',0,3300,,'',0,7800,,'',0,3500,,'',0,7600,,'',0,3100,,'',0,7600,,'',0,7500,,'',0,3500,,'',0,7600,,'',0,11000,,'',0,10900,,'',0,10000,,'',0,10000,,'',0
'2048',4000,70100,4,'',0,3700,4,'',0,700,4,'',0,5700,4,'',0,900,4,'',0,1100,4,'',0,900,4,'',0,800,4,'',0,600,4,'',0,600,4,'',0,4900,4,'',0,800,4,'',0,1000,4,'',0,3200,4,'',0,5400,4,'',0,1000,4,'',0,1400,4,'',0,1200,4,'',0,6200,4,'',0,1800,4,'',0,1600,4,'',0,1300,4,'',0,6200,4,'',0,1300,4,'',0,2200,4,'',0,1300,4,'',0,6300,4,'',0,1200,4,'',0,1000,4,'',0,1300,4,'',0,5100,4,'',0,1100,4,'',0,1400,4,'',0,800,4,'',0,1000,4,'',0,5700,4,'',0,1500,4,'',0,1000,4,'',0,1500,4,'',0,500,4,'',0,5000,4,'',0,1700,4,'',0,1300,4,'',0,1000,4,'',0,1200,4,'',0,5300,4,'',0,2100,4,'',0,7100,4,'',0,1600,4,'',0,2500,4,'',0,7600,4,'',0,2900,4,'',0,8100,4,'',0,2900,4,'',0,8100,4,'',0,6500,4,'',0,3200,4,'',0,7700,4,'',0,2300,4,'',0
'2048',4001,65900,,'',0,7600,,'',0,1200,,'',0,5500,,'',0,300,0,'VIU Only',0,1200,,'',0,1400,,'',0,1000,,'',0,700,,'',0,900,,'',0,5100,,'',0,1000,,'',0,3100,,'',0,5900,,'',0,900,,'',0,1100,,'',0,1600,,'',0,5800,,'',0,2000,,'',0,1300,,'',0,1700,,'',0,5900,,'',0,1600,,'',0,1800,,'',0,5800,,'',0,1900,,'',0,1600,,'',0,800,,'',0,1000,,'',0,5600,,'',0,1100,,'',0,800,,'',0,1200,,'',0,800,,'',0,5500,,'',0,1800,,'',0,1000,,'',0,7200,,'',0,1100,,'',0,2800,,'',0,700,,'',0,5800,,'',0,1700,,'',0,7700,,'',0,1500,,'',0,2200,,'',0,10600,,'',0,7800,,'',0,3200,,'',0,7600,,'',0,7000,,'',0,3000,,'',0,7900,,'',0,2000,,'',0
'2050',4001,154600,,'',0,8800,,'',0,28100,,'',0
'2060',4001,154600,,'',0,8800,,'',0,28100,,'',0
'2330',4000,75600,4,'',0,15000,4,'',0,11100,4,'',0,3700,4,'',0,7500,4,'',0,7300,4,'',0,3700,4,'',0,7500,4,'',0,3600,4,'',0,7400,4,'',0,7900,4,'',0,3200,4,'',0,7400,4,'',0,3600,4,'',0,7400,4,'',0,3300,4,'',0,7700,4,'',0,7600,4,'',0,3400,4,'',0,7000,4,'',0
'2330',4001,75900,,'',0,15000,,'',0,11200,,'',0,3700,,'',0,7400,,'',0,7400,,'',0,3700,,'',0,7500,,'',0,3500,,'',0,7500,,'',0,7800,,'',0,3500,,'',0,7100,,'',0,3700,,'',0,7400,,'',0,3300,,'',0,7700,,'',0,7600,,'',0,3300,,'',0
'2048',7800,65700,4,'',0,10200,4,'',0,26800,4,'',0,60200,4,'',0,23000,4,'',0
'2048',7801,60400,,'',0,10000,,'',0,22800,,'',0,60200,,'',0,27000,,'',0
