'2046',500,70500,,'',0,5000,,'',0,8300,,'',0,10200,,'',0,11000,,'',0,15000,,'',0,11000,,'',0,11000,,'',0,11000,,'',0,11000,,'',0,11000,,'',0,15000,,'',0,3500,,'',0,11000,,'',0,11000,,'',0,10000,,'',0,14800,0,'Westwood',0
'2046',501,75500,4,'',0,18500,4,'',0,11000,4,'',0,15000,4,'',0,11000,4,'',0,11000,4,'',0,11000,4,'',0,11000,4,'',0,11000,4,'',0,15000,4,'',0,3500,4,'',0,11000,4,'',0,11000,4,'',0,10000,4,'',0,14800,4,'',0
'2048',500,63300,,'',0,8800,,'',0,8500,,'',0,2500,,'',0,11000,,'',0,11000,,'',0,15000,,'',0,5500,,'',0,27500,,'',0,11000,,'',0,11000,,'',0,15000,,'',0,3500,,'',0,10900,,'',0,11000,,'',0,10000,,'',0,14800,0,'Westwood',0
'2048',501,72100,4,'',0,8500,4,'',0,2500,4,'',0,11000,4,'',0,11000,4,'',0,15000,4,'',0,5500,4,'',0,27500,4,'',0,11000,4,'',0,11000,4,'',0,15000,4,'',0,3500,4,'',0,10900,4,'',0,11000,4,'',0,10000,4,'',0,14800,4,'',0
'2050',500,140100,,'',0,11800,,'',0
'2050',501,140100,4,'',0,11800,4,'',0
'2086',500,63300,,'',0,8800,,'',0,8500,,'',0,2500,,'',0,11000,,'',0,11000,,'',0,15000,,'',0,5500,,'',0,14500,,'',0,13000,,'',0,11000,,'',0,11000,,'',0,18500,,'',0,10900,,'',0,11000,,'',0,10000,,'',0,14800,0,'Westwood',0
'2086',501,72100,4,'',0,8500,4,'',0,2500,4,'',0,11000,4,'',0,11000,4,'',0,15000,4,'',0,5500,4,'',0,14500,4,'',0,13000,4,'',0,11000,4,'',0,11000,4,'',0,18500,4,'',0,10900,4,'',0,11000,4,'',0,10000,4,'',0,14800,4,'',0
'2330',500,73400,,'',0,8600,,'',0,11000,,'',0,11000,,'',0,11000,,'',0,15000,,'',0,11000,,'',0,11000,,'',0,11000,,'',0,11000,,'',0,11000,,'',0,15000,0,'Westwood',0
'2330',501,82000,4,'',0,11000,4,'',0,11000,4,'',0,11000,4,'',0,15000,4,'',0,11000,4,'',0,11000,4,'',0,11000,4,'',0,11000,4,'',0,11000,4,'',0,15000,4,'',0
'2332',500,140100,,'',0,11800,,'',0
'2332',501,140100,4,'',0,11800,4,'',0
'2674',500,73400,,'',0,8600,,'',0,11000,,'',0,11000,,'',0,11000,,'',0,15000,,'',0,11000,,'',0,11000,,'',0,11000,,'',0,11000,,'',0,11000,,'',0,15000,0,'Westwood',0
'2674',501,82000,4,'',0,11000,4,'',0,11000,4,'',0,11000,4,'',0,15000,4,'',0,11000,4,'',0,11000,4,'',0,11000,4,'',0,11000,4,'',0,11000,4,'',0,15000,4,'',0
'2675',500,70500,,'',0,5000,,'',0,8300,,'',0,10200,,'',0,11000,,'',0,15000,,'',0,11000,,'',0,11000,,'',0,11000,,'',0,11000,,'',0,11000,,'',0,15000,,'',0,3500,,'',0,11000,,'',0,11000,,'',0,10000,,'',0,14800,0,'Westwood',0
'2675',501,75500,4,'',0,18500,4,'',0,11000,4,'',0,15000,4,'',0,11000,4,'',0,11000,4,'',0,11000,4,'',0,11000,4,'',0,11000,4,'',0,15000,4,'',0,3500,4,'',0,11000,4,'',0,11000,4,'',0,10000,4,'',0,14800,4,'',0
'2678',500,151900,,'',0,38200,,'',0
'2678',501,151900,4,'',0,38200,4,'',0
'2679',500,151900,,'',0,38200,,'',0
'2679',501,151900,4,'',0,38200,4,'',0
