'519',4600,75700,4,'',0,15000,4,'',0,10900,4,'',0,11000,4,'',0,11000,4,'',0,11100,4,'',0,15300,4,'',0,10600,4,'',0,11000,4,'',0,11000,4,'',0,11000,4,'',0
'519',4601,80000,,'',0,11000,,'',0,11200,,'',0,10800,,'',0,11400,,'',0,11000,,'',0,15000,,'',0,10600,,'',0,11400,,'',0,10900,,'',0,10700,,'',0
'520',4600,65700,4,'',0,7700,4,'',0,1400,4,'',0,5600,4,'',0,1300,4,'',0,2800,4,'',0,900,4,'',0,6000,4,'',0,3400,4,'',0,7700,4,'',0,3400,4,'',0,7400,4,'',0,7500,4,'',0,3500,4,'',0,7600,4,'',0,3500,4,'',0,7500,4,'',0,7600,4,'',0,3900,4,'',0,7000,4,'',0,3500,4,'',0,7500,4,'',0,3400,4,'',0,7700,4,'',0,7600,4,'',0,10900,4,'',0,11000,4,'',0,10000,4,'',0,10000,4,'',0
'520',4601,65900,,'',0,7700,,'',0,1500,,'',0,5600,,'',0,1200,,'',0,2900,,'',0,800,,'',0,6000,,'',0,3400,,'',0,7800,,'',0,7500,,'',0,3300,,'',0,7600,,'',0,3400,,'',0,7700,,'',0,3400,,'',0,7600,,'',0,7500,,'',0,3900,,'',0,7100,,'',0,3500,,'',0,7400,,'',0,7500,,'',0,3600,,'',0,7600,,'',0,10900,,'',0,11100,,'',0,9800,,'',0,10000,,'',0
'521',4600,65700,4,'',0,7700,4,'',0,1400,4,'',0,5600,4,'',0,1300,4,'',0,2800,4,'',0,900,4,'',0,6000,4,'',0,3400,4,'',0,7700,4,'',0,3400,4,'',0,7400,4,'',0,7500,4,'',0,3500,4,'',0,7600,4,'',0,3500,4,'',0,7500,4,'',0,7600,4,'',0,3900,4,'',0,7000,4,'',0,3500,4,'',0,7500,4,'',0,3400,4,'',0,7700,4,'',0,7600,4,'',0,10900,4,'',0,11000,4,'',0,10000,4,'',0,10000,4,'',0
'521',4601,65900,,'',0,7700,,'',0,1500,,'',0,5600,,'',0,1200,,'',0,2900,,'',0,800,,'',0,6000,,'',0,3400,,'',0,7800,,'',0,7500,,'',0,3300,,'',0,7600,,'',0,3400,,'',0,7700,,'',0,3400,,'',0,7600,,'',0,7500,,'',0,3900,,'',0,7100,,'',0,3500,,'',0,7400,,'',0,7500,,'',0,3600,,'',0,7600,,'',0,10900,,'',0,11100,,'',0,9800,,'',0,10000,,'',0
'522',4600,65700,4,'',0,7700,4,'',0,1400,4,'',0,5600,4,'',0,1300,4,'',0,2800,4,'',0,900,4,'',0,6000,4,'',0,3400,4,'',0,7700,4,'',0,3400,4,'',0,7400,4,'',0,7500,4,'',0,3500,4,'',0,7600,4,'',0,3500,4,'',0,7500,4,'',0,7600,4,'',0,3900,4,'',0,7000,4,'',0,3500,4,'',0,7500,4,'',0,3400,4,'',0,7700,4,'',0,7600,4,'',0,10900,4,'',0,11000,4,'',0,10000,4,'',0,10000,4,'',0
'522',4601,65900,,'',0,7700,,'',0,1500,,'',0,5600,,'',0,1200,,'',0,2900,,'',0,800,,'',0,6000,,'',0,3400,,'',0,7800,,'',0,7500,,'',0,3300,,'',0,7600,,'',0,3400,,'',0,7700,,'',0,3400,,'',0,7600,,'',0,7500,,'',0,3900,,'',0,7100,,'',0,3500,,'',0,7400,,'',0,7500,,'',0,3600,,'',0,7600,,'',0,10900,,'',0,11100,,'',0,9800,,'',0,10000,,'',0
'523',4600,65700,4,'',0,7700,4,'',0,1400,4,'',0,5600,4,'',0,1300,4,'',0,2800,4,'',0,900,4,'',0,6000,4,'',0,3400,4,'',0,7700,4,'',0,3400,4,'',0,7400,4,'',0,7500,4,'',0,3500,4,'',0,7600,4,'',0,3500,4,'',0,7500,4,'',0,7600,4,'',0,3900,4,'',0,7000,4,'',0,3500,4,'',0,7500,4,'',0,3400,4,'',0,7700,4,'',0,7600,4,'',0,10900,4,'',0,11000,4,'',0,10000,4,'',0,10000,4,'',0
'523',4601,65900,,'',0,7700,,'',0,1500,,'',0,5600,,'',0,1200,,'',0,2900,,'',0,800,,'',0,6000,,'',0,3400,,'',0,7800,,'',0,7500,,'',0,3300,,'',0,7600,,'',0,3400,,'',0,7700,,'',0,3400,,'',0,7600,,'',0,7500,,'',0,3900,,'',0,7100,,'',0,3500,,'',0,7400,,'',0,7500,,'',0,3600,,'',0,7600,,'',0,10900,,'',0,11100,,'',0,9800,,'',0,10000,,'',0
'524',4600,65700,4,'',0,7700,4,'',0,1400,4,'',0,5600,4,'',0,1300,4,'',0,2800,4,'',0,900,4,'',0,6000,4,'',0,3400,4,'',0,7700,4,'',0,3400,4,'',0,7400,4,'',0,7500,4,'',0,3500,4,'',0,7600,4,'',0,3500,4,'',0,7500,4,'',0,7600,4,'',0,3900,4,'',0,7000,4,'',0,3500,4,'',0,7500,4,'',0,3400,4,'',0,7700,4,'',0,7600,4,'',0,10900,4,'',0,11000,4,'',0,10000,4,'',0,10000,4,'',0
'524',4601,65900,,'',0,7700,,'',0,1500,,'',0,5600,,'',0,1200,,'',0,2900,,'',0,800,,'',0,6000,,'',0,3400,,'',0,7800,,'',0,7500,,'',0,3300,,'',0,7600,,'',0,3400,,'',0,7700,,'',0,3400,,'',0,7600,,'',0,7500,,'',0,3900,,'',0,7100,,'',0,3500,,'',0,7400,,'',0,7500,,'',0,3600,,'',0,7600,,'',0,10900,,'',0,11100,,'',0,9800,,'',0,10000,,'',0
'525',4600,73000,4,'',0,11100,4,'',0,7400,4,'',0,3500,4,'',0,7500,4,'',0,3400,4,'',0,7600,4,'',0,7600,4,'',0,3300,4,'',0,7700,4,'',0,3400,4,'',0,7400,4,'',0,7800,4,'',0,3500,4,'',0,7500,4,'',0,3400,4,'',0,7400,4,'',0,7500,4,'',0,3600,4,'',0,7400,4,'',0,11000,4,'',0,11000,4,'',0,10100,4,'',0,9900,4,'',0
'525',4601,73500,,'',0,11000,,'',0,7500,,'',0,3500,,'',0,7500,,'',0,7500,,'',0,3500,,'',0,7600,,'',0,3400,,'',0,7500,,'',0,7700,,'',0,3300,,'',0,7800,,'',0,3200,,'',0,7900,,'',0,3100,,'',0,7500,,'',0,7500,,'',0,3500,,'',0,7500,,'',0,11000,,'',0,11000,,'',0,10000,,'',0,10000,,'',0
