100,1,1,0
100,3,2,0
100,4,3,0
100,5,4,0
100,6,5,0
100,7,6,0
100,8,7,0
100,9,8,0
100,10,9,0
100,11,10,0
100,12,11,0
100,13,12,0
100,14,13,0
100,15,14,0
100,16,15,0
100,17,16,0
100,18,17,0
100,19,18,0
100,20,19,0
100,21,20,0
100,22,21,0
100,23,22,0
100,24,23,0
100,25,24,0
100,26,25,0
100,27,26,0
100,28,27,0
100,29,28,0
100,30,29,0
100,31,30,0
100,32,31,1
101,32,1,0
101,34,2,0
101,35,3,0
101,36,4,0
101,37,5,0
101,38,6,0
101,39,7,0
101,40,8,0
101,41,9,0
101,42,10,0
101,43,11,0
101,44,12,0
101,45,13,0
101,46,14,0
101,47,15,0
101,48,16,0
101,49,17,0
101,50,18,0
101,51,19,0
101,52,20,0
101,53,21,0
101,54,22,0
101,55,23,0
101,56,24,0
101,57,25,0
101,58,26,0
101,59,27,0
101,60,28,0
101,61,29,0
101,62,30,0
101,63,31,0
101,64,32,1
200,87,1,0
200,88,2,0
200,89,3,0
200,90,4,0
200,91,5,0
200,92,6,0
200,93,7,0
200,94,8,0
200,95,9,0
200,96,10,0
200,97,11,0
200,98,12,0
200,99,13,0
200,100,14,0
200,78,15,0
200,101,16,0
200,102,17,0
200,103,18,0
200,104,19,0
200,105,20,0
200,106,21,0
200,107,22,0
200,108,23,0
200,109,24,0
200,110,25,0
200,111,26,0
200,31,27,0
200,65,28,1
201,65,1,0
201,66,2,0
201,67,3,0
201,68,4,0
201,69,5,0
201,70,6,0
201,71,7,0
201,72,8,0
201,73,9,0
201,74,10,0
201,75,11,0
201,76,12,0
201,77,13,0
201,78,14,0
201,79,15,0
201,80,16,0
201,81,17,0
201,82,18,0
201,83,19,0
201,84,20,0
201,85,21,0
201,86,22,0
201,87,23,1
300,132,1,0
300,79,2,0
300,133,3,0
300,75,4,0
300,134,5,0
300,135,6,0
300,136,7,0
300,137,8,0
300,138,9,0
300,139,10,0
300,140,11,0
300,141,12,0
300,142,13,0
300,143,14,0
300,144,15,0
300,145,16,0
300,146,17,0
300,147,18,0
300,148,19,0
300,149,20,0
300,150,21,0
300,151,22,0
300,152,23,0
300,153,24,0
300,109,25,0
300,110,26,0
300,111,27,0
300,31,28,0
300,154,29,0
300,155,30,1
301,112,1,0
301,66,2,0
301,67,3,0
301,68,4,0
301,69,5,0
301,113,6,0
301,114,7,0
301,115,8,0
301,116,9,0
301,117,10,0
301,118,11,0
301,119,12,0
301,120,13,0
301,121,14,0
301,122,15,0
301,123,16,0
301,124,17,0
301,125,18,0
301,126,19,0
301,127,20,0
301,128,21,0
301,129,22,0
301,130,23,0
301,131,24,0
301,132,25,1
400,174,1,0
400,175,2,0
400,176,3,0
400,177,4,0
400,178,5,0
400,179,6,0
400,180,7,0
400,181,8,0
400,182,9,0
400,183,10,0
400,184,11,0
400,185,12,0
400,186,13,0
400,187,14,0
400,188,15,0
400,189,16,0
400,190,17,0
400,191,18,0
400,192,19,0
400,193,20,0
400,194,21,0
400,195,22,0
400,196,23,0
400,197,24,0
400,198,25,0
400,199,26,0
400,156,27,1
401,156,1,0
401,157,2,0
401,158,3,0
401,159,4,0
401,160,5,0
401,161,6,0
401,162,7,0
401,163,8,0
401,164,9,0
401,165,10,0
401,166,11,0
401,167,12,0
401,168,13,0
401,169,14,0
401,170,15,0
401,171,16,0
401,172,17,0
401,173,18,0
401,174,19,1
500,219,1,0
500,220,2,0
500,221,3,0
500,222,4,0
500,223,5,0
500,224,6,0
500,225,7,0
500,226,8,0
500,227,9,0
500,228,10,0
500,229,11,0
500,230,12,0
500,231,13,0
500,232,14,0
500,233,15,0
500,234,16,0
500,189,17,0
500,235,18,0
500,236,19,0
500,237,20,0
500,238,21,0
500,146,22,0
500,147,23,0
500,239,24,0
500,127,25,0
500,128,26,0
500,240,27,0
500,76,28,0
500,77,29,0
500,200,30,1
501,200,1,0
501,101,2,0
501,102,3,0
501,135,4,0
501,136,5,0
501,137,6,0
501,138,7,0
501,139,8,0
501,140,9,0
501,201,10,0
501,120,11,0
501,202,12,0
501,203,13,0
501,204,14,0
501,205,15,0
501,169,16,0
501,206,17,0
501,207,18,0
501,208,19,0
501,209,20,0
501,210,21,0
501,211,22,0
501,212,23,0
501,213,24,0
501,214,25,0
501,215,26,0
501,216,27,0
501,217,28,0
501,218,29,0
501,219,30,1
600,241,1,0
600,243,2,0
600,244,3,0
600,245,4,0
600,246,5,0
600,247,6,0
600,248,7,0
600,249,8,0
600,250,9,0
600,251,10,0
600,252,11,0
600,253,12,0
600,254,13,1
601,255,1,0
601,256,2,0
601,257,3,0
601,258,4,0
601,259,5,0
601,260,6,0
601,261,7,0
601,262,8,0
601,263,9,0
601,264,10,0
601,265,11,0
601,266,12,0
601,267,13,0
601,268,14,0
601,269,15,0
601,270,16,0
601,271,17,0
601,241,18,1
700,241,1,0
700,281,2,0
700,282,3,0
700,283,4,0
700,284,5,0
700,285,6,0
700,286,7,0
700,287,8,0
700,288,9,0
700,289,10,0
700,294,11,0
700,295,12,0
700,296,13,0
700,94,14,0
700,95,15,0
700,96,16,0
700,97,17,0
700,98,18,0
700,99,19,0
700,100,20,0
700,200,21,1
701,200,1,0
701,79,2,0
701,80,3,0
701,81,4,0
701,82,5,0
701,83,6,0
701,84,7,0
701,85,8,0
701,290,9,0
701,291,10,0
701,292,11,0
701,293,12,0
701,272,13,0
701,273,14,0
701,274,15,0
701,275,16,0
701,276,17,0
701,277,18,0
701,278,19,0
701,279,20,0
701,280,21,0
701,241,22,1
800,297,1,0
800,390,2,0
800,391,3,0
800,265,4,0
800,266,5,0
800,267,6,0
800,392,7,0
800,393,8,0
800,394,9,0
800,395,10,0
800,396,11,0
800,298,12,0
800,299,13,0
800,300,14,0
800,301,15,0
800,302,16,0
800,303,17,0
800,304,18,0
800,305,19,0
800,306,20,0
800,307,21,0
800,308,22,0
800,309,23,0
800,310,24,0
800,311,25,0
800,312,26,0
800,313,27,0
800,314,28,0
800,315,29,0
800,316,30,0
800,317,31,0
800,318,32,0
800,319,33,0
800,320,34,0
800,321,35,0
800,322,36,0
800,323,37,0
800,351,38,0
800,352,39,0
800,353,40,0
800,58,41,0
800,59,42,0
800,60,43,0
800,61,44,0
800,62,45,0
800,63,46,0
800,64,47,0
800,3,48,0
800,4,49,0
800,5,50,0
800,6,51,0
800,355,52,0
800,356,53,0
800,357,54,0
800,324,55,0
800,325,56,0
800,326,57,0
800,327,58,0
800,17,59,0
800,328,60,0
800,329,61,0
800,330,62,0
800,331,63,0
800,332,64,0
800,333,65,0
800,334,66,0
800,335,67,0
800,336,68,0
800,337,69,0
800,28,70,0
800,29,71,0
800,30,72,0
800,31,73,0
800,112,74,1
801,112,1,0
801,34,2,0
801,35,3,0
801,36,4,0
801,338,5,0
801,339,6,0
801,340,7,0
801,341,8,0
801,342,9,0
801,343,10,0
801,331,11,0
801,344,12,0
801,345,13,0
801,346,14,0
801,48,15,0
801,347,16,0
801,348,17,0
801,349,18,0
801,350,19,0
801,351,20,0
801,352,21,0
801,353,22,0
801,58,23,0
801,59,24,0
801,60,25,0
801,61,26,0
801,62,27,0
801,63,28,0
801,354,29,0
801,3,30,0
801,4,31,0
801,5,32,0
801,6,33,0
801,355,34,0
801,356,35,0
801,357,36,0
801,358,37,0
801,359,38,0
801,360,39,0
801,361,40,0
801,362,41,0
801,363,42,0
801,364,43,0
801,365,44,0
801,366,45,0
801,367,46,0
801,368,47,0
801,369,48,0
801,370,49,0
801,371,50,0
801,372,51,0
801,373,52,0
801,374,53,0
801,375,54,0
801,376,55,0
801,377,56,0
801,378,57,0
801,379,58,0
801,380,59,0
801,381,60,0
801,382,61,0
801,383,62,0
801,384,63,0
801,385,64,0
801,386,65,0
801,387,66,0
801,388,67,0
801,397,68,0
801,270,69,0
801,271,70,0
801,389,71,1
900,331,1,0
900,344,2,0
900,345,3,0
900,346,4,0
900,408,5,0
900,409,6,0
900,410,7,0
900,411,8,0
900,279,9,0
900,280,10,0
900,241,11,0
900,398,12,0
900,399,13,0
900,400,14,0
900,401,15,0
900,64,16,0
900,328,17,0
900,329,18,0
900,330,19,0
900,332,21,0
900,333,22,0
900,334,23,0
900,335,24,0
900,336,25,0
900,337,26,0
900,402,27,0
900,403,28,0
900,404,29,1
901,404,1,0
901,66,2,0
901,405,3,0
901,406,4,0
901,76,5,0
901,77,6,0
901,407,7,0
901,79,8,0
901,80,9,0
901,81,10,0
901,82,11,0
901,83,12,0
901,84,13,0
901,272,14,0
901,273,15,0
901,274,16,0
901,275,17,0
901,276,18,0
901,277,19,0
901,278,20,0
901,279,21,0
901,280,22,0
901,241,23,1
1000,412,1,0
1000,298,2,0
1000,281,3,0
1000,282,4,0
1000,283,5,0
1000,284,6,0
1000,285,7,0
1000,286,8,0
1000,287,9,0
1000,288,10,0
1000,413,11,0
1000,414,12,0
1000,415,13,0
1000,416,14,0
1000,417,15,0
1000,418,16,0
1000,419,17,0
1000,420,18,0
1000,401,19,0
1000,421,20,0
1000,422,21,0
1000,423,22,0
1000,424,23,0
1000,425,24,0
1000,426,25,0
1000,427,26,0
1000,428,27,0
1000,429,28,0
1000,430,29,0
1000,431,30,0
1000,433,31,0
1000,434,32,0
1000,435,33,0
1000,436,34,0
1000,438,35,0
1000,439,36,0
1000,440,37,0
1000,441,38,0
1000,442,39,0
1000,443,40,0
1000,444,41,0
1000,445,42,0
1000,446,43,0
1000,447,44,0
1000,448,45,0
1000,449,46,0
1000,450,47,0
1000,28,48,0
1000,29,49,0
1000,30,50,0
1000,31,51,0
1000,451,52,1
1001,451,1,0
1001,34,2,0
1001,35,3,0
1001,452,4,0
1001,453,5,0
1001,454,6,0
1001,455,7,0
1001,456,8,0
1001,457,9,0
1001,458,10,0
1001,459,11,0
1001,460,12,0
1001,461,13,0
1001,462,14,0
1001,463,15,0
1001,464,16,0
1001,466,17,0
1001,467,18,0
1001,468,19,0
1001,469,20,0
1001,470,21,0
1001,471,22,0
1001,472,23,0
1001,473,24,0
1001,474,25,0
1001,475,26,0
1001,476,27,0
1001,477,28,0
1001,399,29,0
1001,401,30,0
1001,478,31,0
1001,422,32,0
1001,423,33,0
1001,424,34,0
1001,425,35,0
1001,479,36,0
1001,480,37,0
1001,481,38,0
1001,482,39,0
1001,272,40,0
1001,273,41,0
1001,274,42,0
1001,275,43,0
1001,276,44,0
1001,277,45,0
1001,278,46,0
1001,279,47,0
1001,280,48,0
1001,412,49,1
1100,297,1,0
1100,390,2,0
1100,391,3,0
1100,265,4,0
1100,266,5,0
1100,267,6,0
1100,268,7,0
1100,269,8,0
1100,483,9,0
1100,484,10,0
1100,485,11,0
1100,486,12,0
1100,487,13,0
1100,488,14,0
1100,489,15,0
1100,490,16,0
1100,491,17,0
1100,492,18,0
1100,493,19,0
1100,494,20,0
1100,495,21,0
1100,496,22,0
1100,63,23,0
1100,497,24,0
1100,422,25,0
1100,498,26,0
1100,499,27,0
1100,433,28,0
1100,500,29,0
1100,501,30,0
1100,502,31,0
1100,503,32,0
1100,504,33,0
1100,446,34,0
1100,505,35,0
1100,506,36,0
1100,99,37,0
1100,100,38,0
1100,407,39,0
1100,507,40,0
1100,508,41,0
1100,509,42,0
1100,510,43,0
1100,240,44,0
1100,511,45,0
1100,512,46,0
1100,513,47,0
1100,515,48,0
1100,516,49,0
1100,402,50,0
1100,403,51,0
1100,404,52,1
1101,404,1,0
1101,66,2,0
1101,405,3,0
1101,406,4,0
1101,135,5,0
1101,136,6,0
1101,129,7,0
1101,130,8,0
1101,131,9,0
1101,407,10,0
1101,79,11,0
1101,80,12,0
1101,517,13,0
1101,518,14,0
1101,457,15,0
1101,519,16,0
1101,520,17,0
1101,521,18,0
1101,522,19,0
1101,523,20,0
1101,469,21,0
1101,470,22,0
1101,524,23,0
1101,419,24,0
1101,420,25,0
1101,401,26,0
1101,525,27,0
1101,3,28,0
1101,4,29,0
1101,526,30,0
1101,527,31,0
1101,528,32,0
1101,529,33,0
1101,530,34,0
1101,531,35,0
1101,532,36,0
1101,533,37,0
1101,534,38,0
1101,535,39,0
1101,536,40,0
1101,537,41,0
1101,538,42,0
1101,539,43,0
1101,540,44,0
1101,541,45,0
1101,384,46,0
1101,385,47,0
1101,386,48,0
1101,387,49,0
1101,388,50,0
1101,389,51,1
1200,412,1,0
1200,298,2,0
1200,398,3,0
1200,399,4,0
1200,400,5,0
1200,401,6,0
1200,64,7,0
1200,542,8,0
1200,27,9,0
1200,28,10,0
1200,29,11,0
1200,30,12,0
1200,31,13,0
1200,543,14,1
1201,543,1,0
1201,34,2,0
1201,35,3,0
1201,36,4,0
1201,544,5,0
1201,545,6,0
1201,408,7,0
1201,409,8,0
1201,410,9,0
1201,411,10,0
1201,546,11,0
1201,279,12,0
1201,280,13,0
1201,412,14,1
1300,554,1,0
1300,555,2,0
1300,556,3,0
1300,189,4,0
1300,404,5,1
1301,404,1,0
1301,169,2,0
1301,547,3,0
1301,548,4,0
1301,549,5,0
1301,550,6,0
1301,551,7,0
1301,552,8,0
1301,553,9,0
1301,554,10,1
1400,586,1,0
1400,587,2,0
1400,588,3,0
1400,589,4,0
1400,590,5,0
1400,591,6,0
1400,592,7,0
1400,593,8,0
1400,594,9,0
1400,595,10,0
1400,596,11,0
1400,597,12,0
1400,598,13,0
1400,599,14,0
1400,600,15,0
1400,601,16,0
1400,602,17,0
1400,603,18,0
1400,604,19,0
1400,605,20,0
1400,606,21,0
1400,607,22,0
1400,564,23,0
1400,608,24,0
1400,609,25,0
1400,610,26,0
1400,611,27,0
1400,612,28,0
1400,613,29,0
1400,614,30,0
1400,615,31,0
1400,616,32,0
1400,617,33,0
1400,618,34,0
1400,619,35,0
1400,620,36,0
1400,621,37,0
1400,622,38,0
1400,557,39,1
1401,557,1,0
1401,558,2,0
1401,559,3,0
1401,560,4,0
1401,561,5,0
1401,562,6,0
1401,563,7,0
1401,564,8,0
1401,565,9,0
1401,566,10,0
1401,567,11,0
1401,568,12,0
1401,569,13,0
1401,570,14,0
1401,571,15,0
1401,572,16,0
1401,573,17,0
1401,574,18,0
1401,575,19,0
1401,576,20,0
1401,577,21,0
1401,578,22,0
1401,579,23,0
1401,580,24,0
1401,581,25,0
1401,582,26,0
1401,583,27,0
1401,584,28,0
1401,586,29,1
1500,672,1,0
1500,673,2,0
1500,674,3,0
1500,675,4,0
1500,676,5,0
1500,677,6,0
1500,678,7,0
1500,679,8,0
1500,680,9,0
1500,681,10,0
1500,682,11,0
1500,683,12,0
1500,684,13,0
1500,685,14,0
1500,686,15,0
1500,687,16,0
1500,688,17,0
1500,689,18,0
1500,690,19,0
1500,691,20,0
1500,692,21,0
1500,693,22,0
1500,589,23,0
1500,584,24,0
1500,694,25,0
1500,695,26,0
1500,696,27,0
1500,697,28,0
1500,698,29,0
1500,699,30,0
1500,700,31,0
1500,701,32,0
1500,702,33,0
1500,703,34,0
1500,704,35,0
1500,705,36,0
1500,706,37,0
1500,707,38,0
1500,708,39,0
1500,709,40,0
1500,710,41,0
1500,711,42,0
1500,712,43,0
1500,713,44,0
1500,714,45,0
1500,715,46,0
1500,716,47,0
1500,717,48,0
1500,718,49,0
1500,719,50,0
1500,720,51,0
1500,721,52,0
1500,722,53,0
1500,723,54,0
1500,724,55,0
1500,725,56,0
1500,726,57,0
1500,730,58,0
1500,727,59,0
1500,728,60,0
1500,388,61,0
1500,241,62,1
1501,241,1,0
1501,623,2,0
1501,624,3,0
1501,625,4,0
1501,626,5,0
1501,627,6,0
1501,628,7,0
1501,629,8,0
1501,630,9,0
1501,631,10,0
1501,632,11,0
1501,633,12,0
1501,634,13,0
1501,635,14,0
1501,636,15,0
1501,637,16,0
1501,638,17,0
1501,731,18,0
1501,639,19,0
1501,640,20,0
1501,641,21,0
1501,642,22,0
1501,643,23,0
1501,644,24,0
1501,617,25,0
1501,618,26,0
1501,619,27,0
1501,620,28,0
1501,621,29,0
1501,622,30,0
1501,557,31,0
1501,558,32,0
1501,612,33,0
1501,645,34,0
1501,646,35,0
1501,647,36,0
1501,648,37,0
1501,649,38,0
1501,650,39,0
1501,651,40,0
1501,652,41,0
1501,653,42,0
1501,654,43,0
1501,655,44,0
1501,656,45,0
1501,657,46,0
1501,658,47,0
1501,659,48,0
1501,729,49,0
1501,660,50,0
1501,661,51,0
1501,662,52,0
1501,663,53,0
1501,664,54,0
1501,665,55,0
1501,666,56,0
1501,667,57,0
1501,668,58,0
1501,669,59,0
1501,670,60,0
1501,671,61,0
1501,672,62,1
1600,691,1,0
1600,749,2,0
1600,750,3,0
1600,751,4,0
1600,752,5,0
1600,753,6,0
1600,754,7,0
1600,755,8,0
1600,756,9,0
1600,757,10,0
1600,758,11,0
1600,759,12,0
1600,760,13,0
1600,761,14,0
1600,762,15,0
1600,763,16,0
1600,764,17,0
1600,765,18,0
1600,664,19,0
1600,665,20,0
1600,666,21,0
1600,667,22,0
1600,668,23,0
1600,766,24,0
1600,672,25,1
1601,672,1,0
1601,732,2,0
1601,733,3,0
1601,734,4,0
1601,735,5,0
1601,736,6,0
1601,737,7,0
1601,738,8,0
1601,739,9,0
1601,740,10,0
1601,741,11,0
1601,742,12,0
1601,743,13,0
1601,744,14,0
1601,745,15,0
1601,746,16,0
1601,747,17,0
1601,748,18,0
1601,690,19,0
1601,691,20,1
1700,778,1,0
1700,779,2,0
1700,780,3,0
1700,781,4,0
1700,782,5,0
1700,783,6,0
1700,784,7,0
1700,793,8,0
1700,785,9,0
1700,786,10,0
1700,787,11,0
1700,788,12,0
1700,789,13,0
1700,790,14,0
1700,791,15,0
1700,792,16,0
1700,766,17,0
1700,672,18,1
1701,672,1,0
1701,673,2,0
1701,767,3,0
1701,768,4,0
1701,769,5,0
1701,770,6,0
1701,771,7,0
1701,772,8,0
1701,773,9,0
1701,774,10,0
1701,775,11,0
1701,776,12,0
1701,777,13,0
1701,778,14,1
1800,799,1,0
1800,801,2,0
1800,803,3,0
1800,804,4,0
1800,805,5,0
1800,795,6,0
1800,806,7,0
1800,668,8,0
1800,669,9,0
1800,670,10,0
1800,671,11,0
1800,672,12,1
1801,672,1,0
1801,673,2,0
1801,674,3,0
1801,675,4,0
1801,676,5,0
1801,677,6,0
1801,778,7,0
1801,779,8,0
1801,780,9,0
1801,781,10,0
1801,782,11,0
1801,783,12,0
1801,794,13,0
1801,795,14,0
1801,796,15,0
1801,797,16,0
1801,798,17,0
1801,801,18,0
1801,799,19,1
