'519',4500,84100,4,'',0,26000,4,'',0,22000,4,'',0,22000,4,'',0,27000,4,'',0
'519',4501,84200,,'',0,26000,,'',0,22000,,'',0,22000,,'',0,27000,,'',0
'520',4500,84100,4,'',0,26000,4,'',0,22000,4,'',0,22000,4,'',0,27000,4,'',0
'520',4501,84600,,'',0,25500,,'',0,22000,,'',0,22000,,'',0,27000,,'',0
'521',4500,84100,4,'',0,26000,4,'',0,22000,4,'',0,22000,4,'',0,27000,4,'',0
'521',4501,84600,,'',0,25500,,'',0,22000,,'',0,22000,,'',0,27000,,'',0
'522',4500,84100,4,'',0,26000,4,'',0,22000,4,'',0,22000,4,'',0,27000,4,'',0
'522',4501,84600,,'',0,25500,,'',0,22000,,'',0,22000,,'',0,27000,,'',0
'523',4500,84100,4,'',0,26000,4,'',0,22000,4,'',0,22000,4,'',0,27000,4,'',0
'523',4501,84600,,'',0,25500,,'',0,22000,,'',0,22000,,'',0,27000,,'',0
'524',4500,84100,4,'',0,26000,4,'',0,22000,4,'',0,22000,4,'',0,27000,4,'',0
'524',4501,84600,,'',0,25500,,'',0,22000,,'',0,22000,,'',0,27000,,'',0
'525',4500,84100,4,'',0,26000,4,'',0,22000,4,'',0,22000,4,'',0,27000,4,'',0
'525',4501,84200,,'',0,26000,,'',0,22000,,'',0,22000,,'',0,27000,,'',0
'519',4700,75600,4,'',0,15000,4,'',0,11100,4,'',0,3700,4,'',0,7500,4,'',0,7300,4,'',0,3700,4,'',0,7500,4,'',0,3600,4,'',0,7400,4,'',0,7900,4,'',0,3200,4,'',0,7400,4,'',0,3600,4,'',0,7400,4,'',0,3300,4,'',0,7700,4,'',0,7600,4,'',0,3400,4,'',0,7000,4,'',0
'519',4701,75900,,'',0,15000,,'',0,11200,,'',0,3700,,'',0,7400,,'',0,7400,,'',0,3700,,'',0,7500,,'',0,3500,,'',0,7500,,'',0,7800,,'',0,3500,,'',0,7100,,'',0,3700,,'',0,7400,,'',0,3300,,'',0,7700,,'',0,7600,,'',0,3300,,'',0
'520',4700,65500,4,'',0,7700,4,'',0,1100,4,'',0,300,4,'',0,1200,4,'',0,4400,4,'',0,1200,4,'',0,1300,4,'',0,900,4,'',0,600,4,'',0,300,4,'',0,700,4,'',0,5200,4,'',0,700,4,'',0,3600,4,'',0,5600,4,'',0,1000,4,'',0,1100,4,'',0,1500,4,'',0,1900,4,'',0,6000,4,'',0,1400,4,'',0,1600,4,'',0,5900,4,'',0,1600,4,'',0,1900,4,'',0,1600,4,'',0,6100,4,'',0,1500,4,'',0,1000,4,'',0,1000,4,'',0,5400,4,'',0,1100,4,'',0,1000,4,'',0,1000,4,'',0,1000,4,'',0,5400,4,'',0,1700,4,'',0,1000,4,'',0,1200,4,'',0,800,4,'',0,5000,4,'',0,1400,4,'',0,1600,4,'',0,1000,4,'',0,900,4,'',0,5600,4,'',0,1900,4,'',0,3400,4,'',0,5800,4,'',0,2100,4,'',0,7600,4,'',0,3100,4,'',0,7700,4,'',0,3200,4,'',0,7800,4,'',0,6900,4,'',0,2900,4,'',0,8000,4,'',0,2000,4,'',0
'520',4701,65900,,'',0,7600,,'',0,1200,,'',0,300,,'',0,5200,,'',0,400,,'',0,1200,,'',0,1300,,'',0,1000,,'',0,800,,'',0,900,,'',0,5000,,'',0,1100,,'',0,3200,,'',0,5700,,'',0,900,,'',0,1300,,'',0,1400,,'',0,6000,,'',0,1800,,'',0,1500,,'',0,1500,,'',0,6100,,'',0,1400,,'',0,2000,,'',0,5600,,'',0,2100,,'',0,1400,,'',0,1100,,'',0,900,,'',0,5400,,'',0,1100,,'',0,1000,,'',0,1000,,'',0,1000,,'',0,5500,,'',0,1600,,'',0,1000,,'',0,1400,,'',0,600,,'',0,5200,,'',0,1300,,'',0,1500,,'',0,1100,,'',0,900,,'',0,5600,,'',0,1900,,'',0,7600,,'',0,1400,,'',0,2300,,'',0,7400,,'',0,3100,,'',0,7900,,'',0,3100,,'',0,7700,,'',0,6900,,'',0,3100,,'',0,7800,,'',0,2100,,'',0
'521',4700,65500,4,'',0,7700,4,'',0,1100,4,'',0,300,4,'',0,1200,4,'',0,4400,4,'',0,1200,4,'',0,1300,4,'',0,900,4,'',0,600,4,'',0,300,4,'',0,700,4,'',0,5200,4,'',0,700,4,'',0,3600,4,'',0,5600,4,'',0,1000,4,'',0,1100,4,'',0,1500,4,'',0,1900,4,'',0,6000,4,'',0,1400,4,'',0,1600,4,'',0,5900,4,'',0,1600,4,'',0,1900,4,'',0,1600,4,'',0,6100,4,'',0,1500,4,'',0,1000,4,'',0,1000,4,'',0,5400,4,'',0,1100,4,'',0,1000,4,'',0,1000,4,'',0,1000,4,'',0,5400,4,'',0,1700,4,'',0,1000,4,'',0,1200,4,'',0,800,4,'',0,5000,4,'',0,1400,4,'',0,1600,4,'',0,1000,4,'',0,900,4,'',0,5600,4,'',0,1900,4,'',0,3400,4,'',0,5800,4,'',0,2100,4,'',0,7600,4,'',0,3100,4,'',0,7700,4,'',0,3200,4,'',0,7800,4,'',0,6900,4,'',0,2900,4,'',0,8000,4,'',0,2000,4,'',0
'521',4701,65900,,'',0,7600,,'',0,1200,,'',0,300,,'',0,5200,,'',0,400,,'',0,1200,,'',0,1300,,'',0,1000,,'',0,800,,'',0,900,,'',0,5000,,'',0,1100,,'',0,3200,,'',0,5700,,'',0,900,,'',0,1300,,'',0,1400,,'',0,6000,,'',0,1800,,'',0,1500,,'',0,1500,,'',0,6100,,'',0,1400,,'',0,2000,,'',0,5600,,'',0,2100,,'',0,1400,,'',0,1100,,'',0,900,,'',0,5400,,'',0,1100,,'',0,1000,,'',0,1000,,'',0,1000,,'',0,5500,,'',0,1600,,'',0,1000,,'',0,1400,,'',0,600,,'',0,5200,,'',0,1300,,'',0,1500,,'',0,1100,,'',0,900,,'',0,5600,,'',0,1900,,'',0,7600,,'',0,1400,,'',0,2300,,'',0,7400,,'',0,3100,,'',0,7900,,'',0,3100,,'',0,7700,,'',0,6900,,'',0,3100,,'',0,7800,,'',0,2100,,'',0
'522',4700,65500,4,'',0,7700,4,'',0,1100,4,'',0,300,4,'',0,1200,4,'',0,4400,4,'',0,1200,4,'',0,1300,4,'',0,900,4,'',0,600,4,'',0,300,4,'',0,700,4,'',0,5200,4,'',0,700,4,'',0,3600,4,'',0,5600,4,'',0,1000,4,'',0,1100,4,'',0,1500,4,'',0,1900,4,'',0,6000,4,'',0,1400,4,'',0,1600,4,'',0,5900,4,'',0,1600,4,'',0,1900,4,'',0,1600,4,'',0,6100,4,'',0,1500,4,'',0,1000,4,'',0,1000,4,'',0,5400,4,'',0,1100,4,'',0,1000,4,'',0,1000,4,'',0,1000,4,'',0,5400,4,'',0,1700,4,'',0,1000,4,'',0,1200,4,'',0,800,4,'',0,5000,4,'',0,1400,4,'',0,1600,4,'',0,1000,4,'',0,900,4,'',0,5600,4,'',0,1900,4,'',0,3400,4,'',0,5800,4,'',0,2100,4,'',0,7600,4,'',0,3100,4,'',0,7700,4,'',0,3200,4,'',0,7800,4,'',0,6900,4,'',0,2900,4,'',0,8000,4,'',0,2000,4,'',0
'522',4701,65900,,'',0,7600,,'',0,1200,,'',0,300,,'',0,5200,,'',0,400,,'',0,1200,,'',0,1300,,'',0,1000,,'',0,800,,'',0,900,,'',0,5000,,'',0,1100,,'',0,3200,,'',0,5700,,'',0,900,,'',0,1300,,'',0,1400,,'',0,6000,,'',0,1800,,'',0,1500,,'',0,1500,,'',0,6100,,'',0,1400,,'',0,2000,,'',0,5600,,'',0,2100,,'',0,1400,,'',0,1100,,'',0,900,,'',0,5400,,'',0,1100,,'',0,1000,,'',0,1000,,'',0,1000,,'',0,5500,,'',0,1600,,'',0,1000,,'',0,1400,,'',0,600,,'',0,5200,,'',0,1300,,'',0,1500,,'',0,1100,,'',0,900,,'',0,5600,,'',0,1900,,'',0,7600,,'',0,1400,,'',0,2300,,'',0,7400,,'',0,3100,,'',0,7900,,'',0,3100,,'',0,7700,,'',0,6900,,'',0,3100,,'',0,7800,,'',0,2100,,'',0
'523',4700,65500,4,'',0,7700,4,'',0,1100,4,'',0,300,4,'',0,1200,4,'',0,4400,4,'',0,1200,4,'',0,1300,4,'',0,900,4,'',0,600,4,'',0,300,4,'',0,700,4,'',0,5200,4,'',0,700,4,'',0,3600,4,'',0,5600,4,'',0,1000,4,'',0,1100,4,'',0,1500,4,'',0,1900,4,'',0,6000,4,'',0,1400,4,'',0,1600,4,'',0,5900,4,'',0,1600,4,'',0,1900,4,'',0,1600,4,'',0,6100,4,'',0,1500,4,'',0,1000,4,'',0,1000,4,'',0,5400,4,'',0,1100,4,'',0,1000,4,'',0,1000,4,'',0,1000,4,'',0,5400,4,'',0,1700,4,'',0,1000,4,'',0,1200,4,'',0,800,4,'',0,5000,4,'',0,1400,4,'',0,1600,4,'',0,1000,4,'',0,900,4,'',0,5600,4,'',0,1900,4,'',0,3400,4,'',0,5800,4,'',0,2100,4,'',0,7600,4,'',0,3100,4,'',0,7700,4,'',0,3200,4,'',0,7800,4,'',0,6900,4,'',0,2900,4,'',0,8000,4,'',0,2000,4,'',0
'523',4701,65900,,'',0,7600,,'',0,1200,,'',0,300,,'',0,5200,,'',0,400,,'',0,1200,,'',0,1300,,'',0,1000,,'',0,800,,'',0,900,,'',0,5000,,'',0,1100,,'',0,3200,,'',0,5700,,'',0,900,,'',0,1300,,'',0,1400,,'',0,6000,,'',0,1800,,'',0,1500,,'',0,1500,,'',0,6100,,'',0,1400,,'',0,2000,,'',0,5600,,'',0,2100,,'',0,1400,,'',0,1100,,'',0,900,,'',0,5400,,'',0,1100,,'',0,1000,,'',0,1000,,'',0,1000,,'',0,5500,,'',0,1600,,'',0,1000,,'',0,1400,,'',0,600,,'',0,5200,,'',0,1300,,'',0,1500,,'',0,1100,,'',0,900,,'',0,5600,,'',0,1900,,'',0,7600,,'',0,1400,,'',0,2300,,'',0,7400,,'',0,3100,,'',0,7900,,'',0,3100,,'',0,7700,,'',0,6900,,'',0,3100,,'',0,7800,,'',0,2100,,'',0
'524',4700,65500,4,'',0,7700,4,'',0,1100,4,'',0,300,4,'',0,1200,4,'',0,4400,4,'',0,1200,4,'',0,1300,4,'',0,900,4,'',0,600,4,'',0,300,4,'',0,700,4,'',0,5200,4,'',0,700,4,'',0,3600,4,'',0,5600,4,'',0,1000,4,'',0,1100,4,'',0,1500,4,'',0,1900,4,'',0,6000,4,'',0,1400,4,'',0,1600,4,'',0,5900,4,'',0,1600,4,'',0,1900,4,'',0,1600,4,'',0,6100,4,'',0,1500,4,'',0,1000,4,'',0,1000,4,'',0,5400,4,'',0,1100,4,'',0,1000,4,'',0,1000,4,'',0,1000,4,'',0,5400,4,'',0,1700,4,'',0,1000,4,'',0,1200,4,'',0,800,4,'',0,5000,4,'',0,1400,4,'',0,1600,4,'',0,1000,4,'',0,900,4,'',0,5600,4,'',0,1900,4,'',0,3400,4,'',0,5800,4,'',0,2100,4,'',0,7600,4,'',0,3100,4,'',0,7700,4,'',0,3200,4,'',0,7800,4,'',0,6900,4,'',0,2900,4,'',0,8000,4,'',0,2000,4,'',0
'524',4701,65900,,'',0,7600,,'',0,1200,,'',0,300,,'',0,5200,,'',0,400,,'',0,1200,,'',0,1300,,'',0,1000,,'',0,800,,'',0,900,,'',0,5000,,'',0,1100,,'',0,3200,,'',0,5700,,'',0,900,,'',0,1300,,'',0,1400,,'',0,6000,,'',0,1800,,'',0,1500,,'',0,1500,,'',0,6100,,'',0,1400,,'',0,2000,,'',0,5600,,'',0,2100,,'',0,1400,,'',0,1100,,'',0,900,,'',0,5400,,'',0,1100,,'',0,1000,,'',0,1000,,'',0,1000,,'',0,5500,,'',0,1600,,'',0,1000,,'',0,1400,,'',0,600,,'',0,5200,,'',0,1300,,'',0,1500,,'',0,1100,,'',0,900,,'',0,5600,,'',0,1900,,'',0,7600,,'',0,1400,,'',0,2300,,'',0,7400,,'',0,3100,,'',0,7900,,'',0,3100,,'',0,7700,,'',0,6900,,'',0,3100,,'',0,7800,,'',0,2100,,'',0
'525',4700,73100,4,'',0,11100,4,'',0,7300,4,'',0,3500,4,'',0,7500,4,'',0,7500,4,'',0,3700,4,'',0,7600,4,'',0,3300,4,'',0,7700,4,'',0,3400,4,'',0,7400,4,'',0,7800,4,'',0,3500,4,'',0,7500,4,'',0,3200,4,'',0,7400,4,'',0,7500,4,'',0,3600,4,'',0,7400,4,'',0,10900,4,'',0,11000,4,'',0,10200,4,'',0,9900,4,'',0
'525',4701,73300,,'',0,11000,,'',0,7700,,'',0,3500,,'',0,7600,,'',0,7500,,'',0,3500,,'',0,7500,,'',0,3300,,'',0,7700,,'',0,7500,,'',0,3300,,'',0,7800,,'',0,3500,,'',0,7600,,'',0,3100,,'',0,7600,,'',0,7500,,'',0,3500,,'',0,7600,,'',0,11000,,'',0,10900,,'',0,10000,,'',0,10000,,'',0
'520',51300,65700,4,'',0,10200,4,'',0,26800,4,'',0,60200,4,'',0,23000,4,'',0
'520',51301,60400,,'',0,10000,,'',0,22800,,'',0,60200,,'',0,27000,,'',0
'521',51300,65700,4,'',0,10200,4,'',0,26800,4,'',0,60200,4,'',0,23000,4,'',0
'521',51301,60400,,'',0,10000,,'',0,22800,,'',0,60200,,'',0,27000,,'',0
'522',51300,65700,4,'',0,10200,4,'',0,26800,4,'',0,60200,4,'',0,23000,4,'',0
'522',51301,60400,,'',0,10000,,'',0,22800,,'',0,60200,,'',0,27000,,'',0
'523',51300,65700,4,'',0,10200,4,'',0,26800,4,'',0,60200,4,'',0,23000,4,'',0
'523',51301,60400,,'',0,10000,,'',0,22800,,'',0,60200,,'',0,27000,,'',0
'524',51300,65700,4,'',0,10200,4,'',0,26800,4,'',0,60200,4,'',0,23000,4,'',0
'524',51301,60400,,'',0,10000,,'',0,22800,,'',0,60200,,'',0,27000,,'',0
