'498',4600,70600,,'',0,11000,,'',0,10800,,'',0,10800,,'',0,11000,,'',0,11100,,'',0,15300,,'',0,10600,,'',0,11000,,'',0,11000,,'',0,11000,,'',0
'498',4601,85400,4,'',0,15000,4,'',0,11200,4,'',0,10800,4,'',0,11400,4,'',0,11000,4,'',0,11000,4,'',0,14600,4,'',0,11200,4,'',0,10900,4,'',0,10500,4,'',0
'499',4600,60800,,'',0,3700,,'',0,1400,,'',0,5500,,'',0,1100,,'',0,2400,,'',0,900,,'',0,6000,,'',0,3400,,'',0,7700,,'',0,7400,,'',0,3400,,'',0,7500,,'',0,3500,,'',0,7600,,'',0,3500,,'',0,7500,,'',0,7400,,'',0,3900,,'',0,7200,,'',0,3500,,'',0,7500,,'',0,7400,,'',0,4100,,'',0,7800,,'',0,10900,,'',0,11000,,'',0,10000,,'',0,10000,,'',0
'499',4601,75100,4,'',0,7700,4,'',0,1500,4,'',0,1600,4,'',0,5300,4,'',0,2900,4,'',0,900,4,'',0,6100,4,'',0,3400,4,'',0,7800,4,'',0,3500,4,'',0,7300,4,'',0,7600,4,'',0,3400,4,'',0,7700,4,'',0,3400,4,'',0,7600,4,'',0,7500,4,'',0,3900,4,'',0,7100,4,'',0,3500,4,'',0,7400,4,'',0,3500,4,'',0,7600,4,'',0,7400,4,'',0,10800,4,'',0,10700,4,'',0,9800,4,'',0,9900,4,'',0
'500',4600,60800,,'',0,3700,,'',0,1400,,'',0,5500,,'',0,1100,,'',0,2400,,'',0,900,,'',0,6000,,'',0,3400,,'',0,7700,,'',0,7400,,'',0,3400,,'',0,7500,,'',0,3500,,'',0,7600,,'',0,3500,,'',0,7500,,'',0,7400,,'',0,3900,,'',0,7200,,'',0,3500,,'',0,7500,,'',0,7400,,'',0,4100,,'',0,7800,,'',0,10900,,'',0,11000,,'',0,10000,,'',0,10000,,'',0
'500',4601,75100,4,'',0,7700,4,'',0,1500,4,'',0,1600,4,'',0,5300,4,'',0,2900,4,'',0,900,4,'',0,6100,4,'',0,3400,4,'',0,7800,4,'',0,3500,4,'',0,7300,4,'',0,7600,4,'',0,3400,4,'',0,7700,4,'',0,3400,4,'',0,7600,4,'',0,7500,4,'',0,3900,4,'',0,7100,4,'',0,3500,4,'',0,7400,4,'',0,3500,4,'',0,7600,4,'',0,7400,4,'',0,10800,4,'',0,10700,4,'',0,9800,4,'',0,9900,4,'',0
'501',4600,60800,,'',0,3700,,'',0,1400,,'',0,5500,,'',0,1100,,'',0,2400,,'',0,900,,'',0,6000,,'',0,3400,,'',0,7700,,'',0,7400,,'',0,3400,,'',0,7500,,'',0,3500,,'',0,7600,,'',0,3500,,'',0,7500,,'',0,7400,,'',0,3900,,'',0,7200,,'',0,3500,,'',0,7500,,'',0,7400,,'',0,4100,,'',0,7800,,'',0,10900,,'',0,11000,,'',0,10000,,'',0,10000,,'',0
'501',4601,75100,4,'',0,7700,4,'',0,1500,4,'',0,1600,4,'',0,5300,4,'',0,2900,4,'',0,900,4,'',0,6100,4,'',0,3400,4,'',0,7800,4,'',0,3500,4,'',0,7300,4,'',0,7600,4,'',0,3400,4,'',0,7700,4,'',0,3400,4,'',0,7600,4,'',0,7500,4,'',0,3900,4,'',0,7100,4,'',0,3500,4,'',0,7400,4,'',0,3500,4,'',0,7600,4,'',0,7400,4,'',0,10800,4,'',0,10700,4,'',0,9800,4,'',0,9900,4,'',0
'502',4600,60800,,'',0,3700,,'',0,1400,,'',0,5500,,'',0,1100,,'',0,2400,,'',0,900,,'',0,6000,,'',0,3400,,'',0,7700,,'',0,7400,,'',0,3400,,'',0,7500,,'',0,3500,,'',0,7600,,'',0,3500,,'',0,7500,,'',0,7400,,'',0,3900,,'',0,7200,,'',0,3500,,'',0,7500,,'',0,7400,,'',0,4100,,'',0,7800,,'',0,10900,,'',0,11000,,'',0,10000,,'',0,10000,,'',0
'502',4601,75100,4,'',0,7700,4,'',0,1500,4,'',0,1600,4,'',0,5300,4,'',0,2900,4,'',0,900,4,'',0,6100,4,'',0,3400,4,'',0,7800,4,'',0,3500,4,'',0,7300,4,'',0,7600,4,'',0,3400,4,'',0,7700,4,'',0,3400,4,'',0,7600,4,'',0,7500,4,'',0,3900,4,'',0,7100,4,'',0,3500,4,'',0,7400,4,'',0,3500,4,'',0,7600,4,'',0,7400,4,'',0,10800,4,'',0,10700,4,'',0,9800,4,'',0,9900,4,'',0
'503',4600,64200,,'',0,10600,,'',0,7300,,'',0,3500,,'',0,7500,,'',0,7400,,'',0,3600,,'',0,7600,,'',0,3300,,'',0,7600,,'',0,7400,,'',0,3400,,'',0,7800,,'',0,3500,,'',0,7500,,'',0,3400,,'',0,7400,,'',0,7500,,'',0,3600,,'',0,7400,,'',0,11300,,'',0,11000,,'',0,10200,,'',0,9900,,'',0
'503',4601,82800,4,'',0,11000,4,'',0,7700,4,'',0,3500,4,'',0,7600,4,'',0,7500,4,'',0,3500,4,'',0,7800,4,'',0,3400,4,'',0,7500,4,'',0,7700,4,'',0,3300,4,'',0,7800,4,'',0,3200,4,'',0,7900,4,'',0,2900,4,'',0,7500,4,'',0,3200,4,'',0,7500,4,'',0,7500,4,'',0,11000,4,'',0,10900,4,'',0,10000,4,'',0,9900,4,'',0
'504',4600,60800,,'',0,3700,,'',0,1400,,'',0,5500,,'',0,1100,,'',0,2400,,'',0,900,,'',0,6000,,'',0,3400,,'',0,7700,,'',0,7400,,'',0,3400,,'',0,7500,,'',0,3500,,'',0,7600,,'',0,3500,,'',0,7500,,'',0,7400,,'',0,3900,,'',0,7200,,'',0,3500,,'',0,7500,,'',0,7400,,'',0,4100,,'',0,7800,,'',0,10900,,'',0,11000,,'',0,10000,,'',0,10000,,'',0
'504',4601,75100,4,'',0,7700,4,'',0,1500,4,'',0,1600,4,'',0,5300,4,'',0,2900,4,'',0,900,4,'',0,6100,4,'',0,3400,4,'',0,7800,4,'',0,3500,4,'',0,7300,4,'',0,7600,4,'',0,3400,4,'',0,7700,4,'',0,3400,4,'',0,7600,4,'',0,7500,4,'',0,3900,4,'',0,7100,4,'',0,3500,4,'',0,7400,4,'',0,3500,4,'',0,7600,4,'',0,7400,4,'',0,10800,4,'',0,10700,4,'',0,9800,4,'',0,9900,4,'',0
'498',4800,84200,,'',0,10700,,'',0,15100,,'',0,11000,,'',0,11000,,'',0,11000,,'',0,11000,,'',0,11000,,'',0,15100,,'',0,11000,,'',0
'498',4801,82100,4,'',0,9700,4,'',0,10000,4,'',0,11000,4,'',0,11000,4,'',0,11000,4,'',0,11000,4,'',0,15000,4,'',0,11000,4,'',0,10900,4,'',0,10800,4,'',0,10300,4,'',0,700,4,'',0
'499',4800,62900,,'',0,8500,,'',0,1800,,'',0,10100,,'',0,6700,,'',0,5800,,'',0,14900,,'',0,11100,,'',0,11000,,'',0,11000,,'',0,8800,,'',0,2200,,'',0,7500,,'',0,3500,,'',0,7600,,'',0,7500,,'',0,3700,,'',0,11200,,'',0,15000,,'',0,10300,,'',0,9700,,'',0
'499',4801,72400,4,'',0,1200,4,'',0,7300,4,'',0,9800,4,'',0,4900,4,'',0,5400,4,'',0,13000,4,'',0,11100,4,'',0,15100,4,'',0,11100,4,'',0,11000,4,'',0,8800,4,'',0,2300,4,'',0,7400,4,'',0,3400,4,'',0,7100,4,'',0,3200,4,'',0,7500,4,'',0,11000,4,'',0,11100,4,'',0,10200,4,'',0,700,4,'',0,9100,4,'',0
'500',4800,62900,,'',0,8500,,'',0,1800,,'',0,10100,,'',0,6700,,'',0,5800,,'',0,14900,,'',0,11100,,'',0,11000,,'',0,11000,,'',0,8800,,'',0,2200,,'',0,7500,,'',0,3500,,'',0,7600,,'',0,7500,,'',0,3700,,'',0,11200,,'',0,15000,,'',0,10300,,'',0,9700,,'',0
'500',4801,72400,4,'',0,1200,4,'',0,7300,4,'',0,9800,4,'',0,4900,4,'',0,5400,4,'',0,13000,4,'',0,11100,4,'',0,15100,4,'',0,11100,4,'',0,11000,4,'',0,8800,4,'',0,2300,4,'',0,7400,4,'',0,3400,4,'',0,7100,4,'',0,3200,4,'',0,7500,4,'',0,11000,4,'',0,11100,4,'',0,10200,4,'',0,700,4,'',0,9100,4,'',0
'501',4800,62900,,'',0,8500,,'',0,1800,,'',0,10100,,'',0,6700,,'',0,5800,,'',0,14900,,'',0,11100,,'',0,11000,,'',0,11000,,'',0,8800,,'',0,2200,,'',0,7500,,'',0,3500,,'',0,7600,,'',0,7500,,'',0,3700,,'',0,11200,,'',0,15000,,'',0,10300,,'',0,9700,,'',0
'501',4801,72400,4,'',0,1200,4,'',0,7300,4,'',0,9800,4,'',0,4900,4,'',0,5400,4,'',0,13000,4,'',0,11100,4,'',0,15100,4,'',0,11100,4,'',0,11000,4,'',0,8800,4,'',0,2300,4,'',0,7400,4,'',0,3400,4,'',0,7100,4,'',0,3200,4,'',0,7500,4,'',0,11000,4,'',0,11100,4,'',0,10200,4,'',0,700,4,'',0,9100,4,'',0
'502',4800,62900,,'',0,8500,,'',0,1800,,'',0,10100,,'',0,6700,,'',0,5800,,'',0,14900,,'',0,11100,,'',0,11000,,'',0,11000,,'',0,8800,,'',0,2200,,'',0,7500,,'',0,3500,,'',0,7600,,'',0,7500,,'',0,3700,,'',0,11200,,'',0,15000,,'',0,10300,,'',0,9700,,'',0
'502',4801,72400,4,'',0,1200,4,'',0,7300,4,'',0,9800,4,'',0,4900,4,'',0,5400,4,'',0,13000,4,'',0,11100,4,'',0,15100,4,'',0,11100,4,'',0,11000,4,'',0,8800,4,'',0,2300,4,'',0,7400,4,'',0,3400,4,'',0,7100,4,'',0,3200,4,'',0,7500,4,'',0,11000,4,'',0,11100,4,'',0,10200,4,'',0,700,4,'',0,9100,4,'',0
'503',4800,70800,,'',0,10900,,'',0,11000,,'',0,7500,,'',0,3500,,'',0,10900,,'',0,11000,,'',0,15000,,'',0,11000,,'',0,11000,,'',0,11000,,'',0,11100,,'',0,11000,,'',0,15000,,'',0,10000,,'',0,10100,,'',0
'503',4801,75100,4,'',0,9100,4,'',0,11100,4,'',0,15000,4,'',0,3500,4,'',0,7500,4,'',0,11000,4,'',0,11000,4,'',0,11000,4,'',0,11000,4,'',0,15000,4,'',0,10700,4,'',0,11000,4,'',0,10900,4,'',0,11000,4,'',0,10100,4,'',0,9900,4,'',0
'504',4800,62900,,'',0,8500,,'',0,1800,,'',0,10100,,'',0,6700,,'',0,5800,,'',0,14900,,'',0,11100,,'',0,11000,,'',0,11000,,'',0,8800,,'',0,2200,,'',0,7500,,'',0,3500,,'',0,7600,,'',0,7500,,'',0,3700,,'',0,11200,,'',0,15000,,'',0,10300,,'',0,9700,,'',0
'504',4801,72400,4,'',0,1200,4,'',0,7300,4,'',0,9800,4,'',0,4900,4,'',0,5400,4,'',0,13000,4,'',0,11100,4,'',0,15100,4,'',0,11100,4,'',0,11000,4,'',0,8800,4,'',0,2300,4,'',0,7400,4,'',0,3400,4,'',0,7100,4,'',0,3200,4,'',0,7500,4,'',0,11000,4,'',0,11100,4,'',0,10200,4,'',0,700,4,'',0,9100,4,'',0
