'547',4100,63500,,'',0,1300,,'',0,7100,,'',0,10000,,'',0,9900,,'',0,12900,,'',0,11000,,'',0,15000,,'',0,11300,,'',0,11300,,'',0,8500,,'',0,2100,,'',0,7500,,'',0,3500,,'',0,7400,,'',0,3500,,'',0,7500,,'',0,11000,,'',0,11000,,'',0,10300,,'',0,9700,,'',0
'547',4101,63300,4,'',0,1300,4,'',0,7200,4,'',0,10000,4,'',0,9900,4,'',0,12900,4,'',0,11000,4,'',0,15000,4,'',0,11300,4,'',0,11400,4,'',0,8400,4,'',0,2100,4,'',0,7500,4,'',0,3500,4,'',0,7400,4,'',0,3500,4,'',0,7500,4,'',0,11000,4,'',0,11000,4,'',0,10300,4,'',0,9700,4,'',0
'548',4100,63500,,'',0,1300,,'',0,7100,,'',0,10000,,'',0,9900,,'',0,12900,,'',0,11000,,'',0,15000,,'',0,11300,,'',0,11300,,'',0,8500,,'',0,2100,,'',0,7500,,'',0,3500,,'',0,7400,,'',0,3500,,'',0,7500,,'',0,11000,,'',0,11000,,'',0,10300,,'',0,9700,,'',0
'548',4101,63300,4,'',0,1300,4,'',0,7200,4,'',0,10000,4,'',0,9900,4,'',0,12900,4,'',0,11000,4,'',0,15000,4,'',0,11300,4,'',0,11400,4,'',0,8400,4,'',0,2100,4,'',0,7500,4,'',0,3500,4,'',0,7400,4,'',0,3500,4,'',0,7500,4,'',0,11000,4,'',0,11000,4,'',0,10300,4,'',0,9700,4,'',0
'549',4100,63500,,'',0,1300,,'',0,7100,,'',0,10000,,'',0,9900,,'',0,12900,,'',0,11000,,'',0,15000,,'',0,11300,,'',0,11300,,'',0,8500,,'',0,2100,,'',0,7500,,'',0,3500,,'',0,7400,,'',0,3500,,'',0,7500,,'',0,11000,,'',0,11000,,'',0,10300,,'',0,9700,,'',0
'549',4101,63300,4,'',0,1300,4,'',0,7200,4,'',0,10000,4,'',0,9900,4,'',0,12900,4,'',0,11000,4,'',0,15000,4,'',0,11300,4,'',0,11400,4,'',0,8400,4,'',0,2100,4,'',0,7500,4,'',0,3500,4,'',0,7400,4,'',0,3500,4,'',0,7500,4,'',0,11000,4,'',0,11000,4,'',0,10300,4,'',0,9700,4,'',0
'550',4100,63500,,'',0,1300,,'',0,7100,,'',0,10000,,'',0,9900,,'',0,12900,,'',0,11000,,'',0,15000,,'',0,11300,,'',0,11300,,'',0,8500,,'',0,2100,,'',0,7500,,'',0,3500,,'',0,7400,,'',0,3500,,'',0,7500,,'',0,11000,,'',0,11000,,'',0,10300,,'',0,9700,,'',0
'550',4101,63300,4,'',0,1300,4,'',0,7200,4,'',0,10000,4,'',0,9900,4,'',0,12900,4,'',0,11000,4,'',0,15000,4,'',0,11300,4,'',0,11400,4,'',0,8400,4,'',0,2100,4,'',0,7500,4,'',0,3500,4,'',0,7400,4,'',0,3500,4,'',0,7500,4,'',0,11000,4,'',0,11000,4,'',0,10300,4,'',0,9700,4,'',0
'551',4100,70000,,'',0,5200,,'',0,15000,,'',0,11000,,'',0,3500,,'',0,7500,,'',0,11000,,'',0,11000,,'',0,11000,,'',0,15000,,'',0,11000,,'',0,11000,,'',0,11000,,'',0,11000,,'',0,11000,,'',0,10000,,'',0,10000,,'',0
'551',4101,70000,4,'',0,5200,4,'',0,15000,4,'',0,11000,4,'',0,3500,4,'',0,7500,4,'',0,11000,4,'',0,11000,4,'',0,11000,4,'',0,15000,4,'',0,11000,4,'',0,11000,4,'',0,11000,4,'',0,11000,4,'',0,11000,4,'',0,10000,4,'',0,10000,4,'',0
'552',4100,73200,,'',0,9500,,'',0,10000,,'',0,11000,,'',0,11000,,'',0,11000,,'',0,15000,,'',0,11000,,'',0,11000,,'',0,11000,,'',0,11000,,'',0,11000,,'',0
'552',4101,73200,4,'',0,9500,4,'',0,10000,4,'',0,11000,4,'',0,11000,4,'',0,11000,4,'',0,15000,4,'',0,11000,4,'',0,11000,4,'',0,11000,4,'',0,11000,4,'',0,11000,4,'',0
'553',4100,63500,,'',0,1300,,'',0,7100,,'',0,10000,,'',0,9900,,'',0,12900,,'',0,11000,,'',0,15000,,'',0,11300,,'',0,11300,,'',0,8500,,'',0,2100,,'',0,7500,,'',0,3500,,'',0,7400,,'',0,3500,,'',0,7500,,'',0,11000,,'',0,11000,,'',0,10300,,'',0,9700,,'',0
'553',4101,63300,4,'',0,1300,4,'',0,7200,4,'',0,10000,4,'',0,9900,4,'',0,12900,4,'',0,11000,4,'',0,15000,4,'',0,11300,4,'',0,11400,4,'',0,8400,4,'',0,2100,4,'',0,7500,4,'',0,3500,4,'',0,7400,4,'',0,3500,4,'',0,7500,4,'',0,11000,4,'',0,11000,4,'',0,10300,4,'',0,9700,4,'',0
'554',4100,63500,,'',0,1300,,'',0,7100,,'',0,10000,,'',0,9900,,'',0,12900,,'',0,11000,,'',0,15000,,'',0,11300,,'',0,11300,,'',0,8500,,'',0,2100,,'',0,7500,,'',0,3500,,'',0,7400,,'',0,3500,,'',0,7500,,'',0,11000,,'',0,11000,,'',0,10300,,'',0,9700,,'',0
'554',4101,63300,4,'',0,1300,4,'',0,7200,4,'',0,10000,4,'',0,9900,4,'',0,12900,4,'',0,11000,4,'',0,15000,4,'',0,11300,4,'',0,11400,4,'',0,8400,4,'',0,2100,4,'',0,7500,4,'',0,3500,4,'',0,7400,4,'',0,3500,4,'',0,7500,4,'',0,11000,4,'',0,11000,4,'',0,10300,4,'',0,9700,4,'',0
'555',4100,63500,,'',0,1300,,'',0,7100,,'',0,10000,,'',0,9900,,'',0,12900,,'',0,11000,,'',0,15000,,'',0,11300,,'',0,11300,,'',0,8500,,'',0,2100,,'',0,7500,,'',0,3500,,'',0,7400,,'',0,3500,,'',0,7500,,'',0,11000,,'',0,11000,,'',0,10300,,'',0,9700,,'',0
'555',4101,63300,4,'',0,1300,4,'',0,7200,4,'',0,10000,4,'',0,9900,4,'',0,12900,4,'',0,11000,4,'',0,15000,4,'',0,11300,4,'',0,11400,4,'',0,8400,4,'',0,2100,4,'',0,7500,4,'',0,3500,4,'',0,7400,4,'',0,3500,4,'',0,7500,4,'',0,11000,4,'',0,11000,4,'',0,10300,4,'',0,9700,4,'',0
'556',4100,63500,,'',0,1300,,'',0,7100,,'',0,10000,,'',0,9900,,'',0,12900,,'',0,11000,,'',0,15000,,'',0,11300,,'',0,11300,,'',0,8500,,'',0,2100,,'',0,7500,,'',0,3500,,'',0,7400,,'',0,3500,,'',0,7500,,'',0,11000,,'',0,11000,,'',0,10300,,'',0,9700,,'',0
'556',4101,63300,4,'',0,1300,4,'',0,7200,4,'',0,10000,4,'',0,9900,4,'',0,12900,4,'',0,11000,4,'',0,15000,4,'',0,11300,4,'',0,11400,4,'',0,8400,4,'',0,2100,4,'',0,7500,4,'',0,3500,4,'',0,7400,4,'',0,3500,4,'',0,7500,4,'',0,11000,4,'',0,11000,4,'',0,10300,4,'',0,9700,4,'',0
'557',4100,63500,,'',0,1300,,'',0,7100,,'',0,10000,,'',0,9900,,'',0,12900,,'',0,11000,,'',0,15000,,'',0,11300,,'',0,11300,,'',0,8500,,'',0,2100,,'',0,7500,,'',0,3500,,'',0,7400,,'',0,3500,,'',0,7500,,'',0,11000,,'',0,11000,,'',0,10300,,'',0,9700,,'',0
'557',4101,63300,4,'',0,1300,4,'',0,7200,4,'',0,10000,4,'',0,9900,4,'',0,12900,4,'',0,11000,4,'',0,15000,4,'',0,11300,4,'',0,11400,4,'',0,8400,4,'',0,2100,4,'',0,7500,4,'',0,3500,4,'',0,7400,4,'',0,3500,4,'',0,7500,4,'',0,11000,4,'',0,11000,4,'',0,10300,4,'',0,9700,4,'',0
'558',4100,70000,,'',0,5200,,'',0,15000,,'',0,11000,,'',0,3500,,'',0,7500,,'',0,11000,,'',0,11000,,'',0,11000,,'',0,15000,,'',0,11000,,'',0,11000,,'',0,11000,,'',0,11000,,'',0,11000,,'',0,10000,,'',0,10000,,'',0
'558',4101,70000,4,'',0,5200,4,'',0,15000,4,'',0,11000,4,'',0,3500,4,'',0,7500,4,'',0,11000,4,'',0,11000,4,'',0,11000,4,'',0,15000,4,'',0,11000,4,'',0,11000,4,'',0,11000,4,'',0,11000,4,'',0,11000,4,'',0,10000,4,'',0,10000,4,'',0
'559',4100,73200,,'',0,9500,,'',0,10000,,'',0,11000,,'',0,11000,,'',0,11000,,'',0,15000,,'',0,11000,,'',0,11000,,'',0,11000,,'',0,11000,,'',0,11000,,'',0
'559',4101,73200,4,'',0,9500,4,'',0,10000,4,'',0,11000,4,'',0,11000,4,'',0,11000,4,'',0,15000,4,'',0,11000,4,'',0,11000,4,'',0,11000,4,'',0,11000,4,'',0,11000,4,'',0
'560',4100,63500,,'',0,1300,,'',0,7100,,'',0,10000,,'',0,9900,,'',0,12900,,'',0,11000,,'',0,15000,,'',0,11300,,'',0,11300,,'',0,8500,,'',0,2100,,'',0,7500,,'',0,3500,,'',0,7400,,'',0,3500,,'',0,7500,,'',0,11000,,'',0,11000,,'',0,10300,,'',0,9700,,'',0
'560',4101,63300,4,'',0,1300,4,'',0,7200,4,'',0,10000,4,'',0,9900,4,'',0,12900,4,'',0,11000,4,'',0,15000,4,'',0,11300,4,'',0,11400,4,'',0,8400,4,'',0,2100,4,'',0,7500,4,'',0,3500,4,'',0,7400,4,'',0,3500,4,'',0,7500,4,'',0,11000,4,'',0,11000,4,'',0,10300,4,'',0,9700,4,'',0
