'533',4200,75600,0,'Lantzville',0,25500,0,'Lantzville',0,22400,0,'Lantzville',0,21900,0,'Lantzville',0,25900,0,'Lantzville',0,11000,0,'Lantzville',0
'533',4201,75600,4,'',0,25500,4,'',0,22400,4,'',0,21900,4,'',0,25900,4,'',0,11000,4,'',0
'534',4200,65200,0,'Lantzville',0,8600,0,'Lantzville',0,19500,0,'Lantzville',0,20200,0,'Lantzville',0,21800,0,'Lantzville',0,9400,0,'Lantzville',0,16600,0,'Lantzville',0,11700,0,'Lantzville',0,11400,0,'Lantzville',0
'534',4201,65200,4,'',0,8600,4,'',0,19500,4,'',0,20200,4,'',0,21800,4,'',0,9400,4,'',0,16600,4,'',0,11700,4,'',0,11400,4,'',0
'535',4200,65200,0,'Lantzville',0,8600,0,'Lantzville',0,19500,0,'Lantzville',0,20200,0,'Lantzville',0,21800,0,'Lantzville',0,9400,0,'Lantzville',0,16600,0,'Lantzville',0,11700,0,'Lantzville',0,11400,0,'Lantzville',0
'535',4201,65200,4,'',0,8600,4,'',0,19500,4,'',0,20200,4,'',0,21800,4,'',0,9400,4,'',0,16600,4,'',0,11700,4,'',0,11400,4,'',0
'536',4200,65200,0,'Lantzville',0,8600,0,'Lantzville',0,19500,0,'Lantzville',0,20200,0,'Lantzville',0,21800,0,'Lantzville',0,9400,0,'Lantzville',0,16600,0,'Lantzville',0,11700,0,'Lantzville',0,11400,0,'Lantzville',0
'536',4201,65200,4,'',0,8600,4,'',0,19500,4,'',0,20200,4,'',0,21800,4,'',0,9400,4,'',0,16600,4,'',0,11700,4,'',0,11400,4,'',0
'537',4200,65200,0,'Lantzville',0,8600,0,'Lantzville',0,19500,0,'Lantzville',0,20200,0,'Lantzville',0,21800,0,'Lantzville',0,26000,0,'Lantzville',0,11700,0,'Lantzville',0,11400,0,'Lantzville',0
'537',4201,65200,4,'',0,8600,4,'',0,19500,4,'',0,20200,4,'',0,21800,4,'',0,26000,4,'',0,11700,4,'',0,11400,4,'',0
'538',4200,72000,0,'Lantzville',0,19500,0,'Lantzville',0,20400,0,'Lantzville',0,20900,0,'Lantzville',0,29000,0,'Lantzville',0,19000,0,'Lantzville',0,3600,0,'Lantzville',0
'538',4201,72000,4,'',0,19500,4,'',0,20400,4,'',0,20900,4,'',0,29000,4,'',0,19000,4,'',0,3600,4,'',0
'539',4200,65200,0,'Lantzville',0,8600,0,'Lantzville',0,19500,0,'Lantzville',0,20200,0,'Lantzville',0,21800,0,'Lantzville',0,26000,0,'Lantzville',0,11700,0,'Lantzville',0,11400,0,'Lantzville',0
'539',4201,65200,4,'',0,8600,4,'',0,19500,4,'',0,20200,4,'',0,21800,4,'',0,26000,4,'',0,11700,4,'',0,11400,4,'',0
'540',4200,65200,0,'Lantzville',0,8600,0,'Lantzville',0,19500,0,'Lantzville',0,20200,0,'Lantzville',0,21800,0,'Lantzville',0,9400,0,'Lantzville',0,16600,0,'Lantzville',0,11700,0,'Lantzville',0,11400,0,'Lantzville',0
'540',4201,65200,4,'',0,8600,4,'',0,19500,4,'',0,20200,4,'',0,21800,4,'',0,9400,4,'',0,16600,4,'',0,11700,4,'',0,11400,4,'',0
'541',4200,65200,0,'Lantzville',0,8600,0,'Lantzville',0,19500,0,'Lantzville',0,20200,0,'Lantzville',0,21800,0,'Lantzville',0,9400,0,'Lantzville',0,16600,0,'Lantzville',0,11700,0,'Lantzville',0,11400,0,'Lantzville',0
'541',4201,65200,4,'',0,8600,4,'',0,19500,4,'',0,20200,4,'',0,21800,4,'',0,9400,4,'',0,16600,4,'',0,11700,4,'',0,11400,4,'',0
'542',4200,65200,0,'Lantzville',0,8600,0,'Lantzville',0,19500,0,'Lantzville',0,20200,0,'Lantzville',0,21800,0,'Lantzville',0,9400,0,'Lantzville',0,16600,0,'Lantzville',0,11700,0,'Lantzville',0,11400,0,'Lantzville',0
'542',4201,65200,4,'',0,8600,4,'',0,19500,4,'',0,20200,4,'',0,21800,4,'',0,9400,4,'',0,16600,4,'',0,11700,4,'',0,11400,4,'',0
'543',4200,65200,0,'Lantzville',0,8600,0,'Lantzville',0,19500,0,'Lantzville',0,20200,0,'Lantzville',0,21800,0,'Lantzville',0,26000,0,'Lantzville',0,11700,0,'Lantzville',0,11400,0,'Lantzville',0
'543',4201,65200,4,'',0,8600,4,'',0,19500,4,'',0,20200,4,'',0,21800,4,'',0,26000,4,'',0,11700,4,'',0,11400,4,'',0
'544',4200,72000,0,'Lantzville',0,19500,0,'Lantzville',0,20400,0,'Lantzville',0,20900,0,'Lantzville',0,29000,0,'Lantzville',0,19000,0,'Lantzville',0,3600,0,'Lantzville',0
'544',4201,72000,4,'',0,19500,4,'',0,20400,4,'',0,20900,4,'',0,29000,4,'',0,19000,4,'',0,3600,4,'',0
'545',4200,75600,0,'Lantzville',0,25500,0,'Lantzville',0,22400,0,'Lantzville',0,21900,0,'Lantzville',0,25900,0,'Lantzville',0,11000,0,'Lantzville',0
'545',4201,75600,4,'',0,25500,4,'',0,22400,4,'',0,21900,4,'',0,25900,4,'',0,11000,4,'',0
'546',4200,65200,0,'Lantzville',0,8600,0,'Lantzville',0,19500,0,'Lantzville',0,20200,0,'Lantzville',0,21800,0,'Lantzville',0,26000,0,'Lantzville',0,11700,0,'Lantzville',0,11400,0,'Lantzville',0
'546',4201,65200,4,'',0,8600,4,'',0,19500,4,'',0,20200,4,'',0,21800,4,'',0,26000,4,'',0,11700,4,'',0,11400,4,'',0
