'2046',700,72300,4,'',0,9200,4,'',0,11000,4,'',0,11000,4,'',0,7500,4,'',0,3500,4,'',0,11000,4,'',0,15000,4,'',0,11000,4,'',0,11000,4,'',0,11000,4,'',0,10800,4,'',0,11000,4,'',0,15000,4,'',0,11000,4,'',0,10000,4,'',0,10000,4,'',0
'2046',701,64300,,'',0,9200,,'',0,11000,,'',0,11000,,'',0,7500,,'',0,7500,,'',0,11000,,'',0,11000,,'',0,11000,,'',0,11000,,'',0,11000,,'',0,15000,,'',0,11000,,'',0,11000,,'',0,11000,,'',0,10000,,'',0,10000,,'',0
'2048',700,65700,4,'',0,5500,4,'',0,3100,4,'',0,10000,4,'',0,9900,4,'',0,17000,4,'',0,11000,4,'',0,11000,4,'',0,11300,4,'',0,11300,4,'',0,8500,4,'',0,6100,4,'',0,3500,4,'',0,7500,4,'',0,10800,4,'',0,3500,4,'',0,15000,4,'',0,11000,4,'',0,10300,4,'',0,9700,4,'',0
'2048',701,70100,,'',0,10000,,'',0,9900,,'',0,12900,,'',0,11000,,'',0,11000,,'',0,15100,,'',0,11000,,'',0,4800,,'',0,6200,,'',0,3500,,'',0,7500,,'',0,11000,,'',0,7500,,'',0,11000,,'',0,11000,,'',0,10300,,'',0,9700,,'',0
'2050',700,184800,4,'',0
'2050',701,180500,,'',0
'2060',700,184800,4,'',0
'2060',701,180500,,'',0
'2330',700,75500,4,'',0,9500,4,'',0,10000,4,'',0,15000,4,'',0,11000,4,'',0,11000,4,'',0,11000,4,'',0,11000,4,'',0,11000,4,'',0,15000,4,'',0,10800,4,'',0,11000,4,'',0
'2330',701,71500,,'',0,9500,,'',0,10000,,'',0,11000,,'',0,11000,,'',0,11000,,'',0,11000,,'',0,15000,,'',0,11000,,'',0,11000,,'',0,11000,,'',0,11000,,'',0
