'519',4200,81400,4,'',0,21500,4,'',0,22400,4,'',0,25900,4,'',0,21900,4,'',0,11000,4,'',0
'519',4201,74300,0,'Lantzville',0,21500,0,'Lantzville',0,26400,0,'Lantzville',0,21900,0,'Lantzville',0,25900,0,'Lantzville',0,11000,0,'Lantzville',0
'520',4200,71100,4,'',0,9200,4,'',0,14900,4,'',0,20200,4,'',0,26000,4,'',0,21800,4,'',0,11700,4,'',0,15400,4,'',0
'520',4201,63900,0,'Lantzville',0,8600,0,'Lantzville',0,19500,0,'Lantzville',0,20200,0,'Lantzville',0,21400,0,'Lantzville',0,26400,0,'Lantzville',0,11700,0,'Lantzville',0,11400,0,'Lantzville',0
'521',4200,71100,4,'',0,9200,4,'',0,14900,4,'',0,20200,4,'',0,26000,4,'',0,9500,4,'',0,12300,4,'',0,11700,4,'',0,15400,4,'',0
'521',4201,63900,0,'Lantzville',0,8600,0,'Lantzville',0,19500,0,'Lantzville',0,20200,0,'Lantzville',0,21400,0,'Lantzville',0,9500,0,'Lantzville',0,16900,0,'Lantzville',0,11700,0,'Lantzville',0,11400,0,'Lantzville',0
'522',4200,71100,4,'',0,9200,4,'',0,14900,4,'',0,20200,4,'',0,26000,4,'',0,9500,4,'',0,12300,4,'',0,11700,4,'',0,15400,4,'',0
'522',4201,63900,0,'Lantzville',0,8600,0,'Lantzville',0,19500,0,'Lantzville',0,20200,0,'Lantzville',0,21400,0,'Lantzville',0,9500,0,'Lantzville',0,16900,0,'Lantzville',0,11700,0,'Lantzville',0,11400,0,'Lantzville',0
'523',4200,71100,4,'',0,9200,4,'',0,14900,4,'',0,20200,4,'',0,26000,4,'',0,9500,4,'',0,12300,4,'',0,11700,4,'',0,15400,4,'',0
'523',4201,63900,0,'Lantzville',0,8600,0,'Lantzville',0,19500,0,'Lantzville',0,20200,0,'Lantzville',0,21400,0,'Lantzville',0,9500,0,'Lantzville',0,16900,0,'Lantzville',0,11700,0,'Lantzville',0,11400,0,'Lantzville',0
'524',4200,71100,4,'',0,9200,4,'',0,14900,4,'',0,20200,4,'',0,20500,4,'',0,27300,4,'',0,11700,4,'',0,15400,4,'',0
'524',4201,63900,0,'Lantzville',0,8600,0,'Lantzville',0,19500,0,'Lantzville',0,20200,0,'Lantzville',0,19900,0,'Lantzville',0,27900,0,'Lantzville',0,11700,0,'Lantzville',0,11400,0,'Lantzville',0
'525',4200,73600,4,'',0,19500,4,'',0,20400,4,'',0,20900,4,'',0,29000,4,'',0,19000,4,'',0,7600,4,'',0
'525',4201,70700,0,'Lantzville',0,19500,0,'Lantzville',0,20400,0,'Lantzville',0,20900,0,'Lantzville',0,29000,0,'Lantzville',0,15000,0,'Lantzville',0,7600,0,'Lantzville',0
'519',4300,82200,,'',0,11000,,'',0,11000,,'',0,11000,,'',0,14900,,'',0,11000,,'',0,11000,,'',0,11000,,'',0,11000,,'',0,11000,,'',0
'519',4301,82500,4,'',0,1800,4,'',0,7900,4,'',0,3100,4,'',0,15000,4,'',0,11000,4,'',0,11000,4,'',0,11000,4,'',0,10900,4,'',0,11000,4,'',0,15000,4,'',0,11000,4,'',0
'520',4300,65800,0,'A VIU',0,5700,,'',0,1900,,'',0,1400,0,'A VIU',0,1100,,'',0,6300,,'',0,2200,0,'A VIU',0,6100,,'',0,2300,,'',0,2100,,'',0,6400,,'',0,2000,,'',0,9000,,'',0,3400,0,'A VIU',0,7600,,'',0,2400,,'',0,7200,,'',0,1200,,'',0,9400,,'',0,1300,,'',0,7900,,'',0,3000,0,'A VIU',0,6800,,'',0,8900,,'',0,10400,0,'A VIU',0,11600,,'',0,17300,,'',0
'520',4301,75000,4,'',0,6000,4,'',0,600,4,'',0,1200,4,'',0,2100,4,'',0,6500,4,'',0,1700,4,'',0,2200,4,'',0,6500,4,'',0,2300,4,'',0,8100,4,'',0,2900,4,'',0,7800,4,'',0,7800,4,'',0,4000,4,'',0,5900,4,'',0,600,4,'',0,11600,4,'',0,600,4,'',0,1900,4,'',0,5900,4,'',0,3000,4,'',0,9100,4,'',0,1400,4,'',0,10900,4,'',0,10100,4,'',0
'521',4300,65800,0,'A VIU',0,5700,,'',0,1900,,'',0,1400,0,'A VIU',0,1100,,'',0,6300,,'',0,2200,0,'A VIU',0,6100,,'',0,2300,,'',0,2100,,'',0,6400,,'',0,2000,,'',0,9000,,'',0,3400,0,'A VIU',0,7600,,'',0,2400,,'',0,7200,,'',0,1200,,'',0,9400,,'',0,1300,,'',0,7900,,'',0,3000,0,'A VIU',0,6800,,'',0,8900,,'',0,10400,0,'A VIU',0,11600,,'',0,17300,,'',0
'521',4301,75000,4,'',0,6000,4,'',0,600,4,'',0,1200,4,'',0,2100,4,'',0,6500,4,'',0,1700,4,'',0,2200,4,'',0,6500,4,'',0,2300,4,'',0,8100,4,'',0,2900,4,'',0,7800,4,'',0,7800,4,'',0,4000,4,'',0,5900,4,'',0,600,4,'',0,11600,4,'',0,600,4,'',0,1900,4,'',0,5900,4,'',0,3000,4,'',0,9100,4,'',0,1400,4,'',0,10900,4,'',0,10100,4,'',0
'522',4300,65800,0,'A VIU',0,5700,,'',0,1900,,'',0,1400,0,'A VIU',0,1100,,'',0,6300,,'',0,2200,0,'A VIU',0,6100,,'',0,2300,,'',0,2100,,'',0,6400,,'',0,2000,,'',0,9000,,'',0,3400,0,'A VIU',0,7600,,'',0,2400,,'',0,7200,,'',0,1200,,'',0,9400,,'',0,1300,,'',0,7900,,'',0,3000,0,'A VIU',0,6800,,'',0,8900,,'',0,10400,0,'A VIU',0,11600,,'',0,17300,,'',0
'522',4301,75000,4,'',0,6000,4,'',0,600,4,'',0,1200,4,'',0,2100,4,'',0,6500,4,'',0,1700,4,'',0,2200,4,'',0,6500,4,'',0,2300,4,'',0,8100,4,'',0,2900,4,'',0,7800,4,'',0,7800,4,'',0,4000,4,'',0,5900,4,'',0,600,4,'',0,11600,4,'',0,600,4,'',0,1900,4,'',0,5900,4,'',0,3000,4,'',0,9100,4,'',0,1400,4,'',0,10900,4,'',0,10100,4,'',0
'523',4300,65800,0,'A VIU',0,5700,,'',0,1900,,'',0,1400,0,'A VIU',0,1100,,'',0,6300,,'',0,2200,0,'A VIU',0,6100,,'',0,2300,,'',0,2100,,'',0,6400,,'',0,2000,,'',0,9000,,'',0,3400,0,'A VIU',0,7600,,'',0,2400,,'',0,7200,,'',0,1200,,'',0,9400,,'',0,1300,,'',0,7900,,'',0,3000,0,'A VIU',0,6800,,'',0,8900,,'',0,10400,0,'A VIU',0,11600,,'',0,17300,,'',0
'523',4301,75000,4,'',0,6000,4,'',0,600,4,'',0,1200,4,'',0,2100,4,'',0,6500,4,'',0,1700,4,'',0,2200,4,'',0,6500,4,'',0,2300,4,'',0,8100,4,'',0,2900,4,'',0,7800,4,'',0,7800,4,'',0,4000,4,'',0,5900,4,'',0,600,4,'',0,11600,4,'',0,600,4,'',0,1900,4,'',0,5900,4,'',0,3000,4,'',0,9100,4,'',0,1400,4,'',0,10900,4,'',0,10100,4,'',0
'524',4300,65800,0,'A VIU',0,5700,,'',0,1900,,'',0,1400,0,'A VIU',0,1100,,'',0,6300,,'',0,2200,0,'A VIU',0,6100,,'',0,2300,,'',0,2100,,'',0,6400,,'',0,2000,,'',0,9000,,'',0,3400,0,'A VIU',0,7600,,'',0,2400,,'',0,7200,,'',0,1200,,'',0,9400,,'',0,1300,,'',0,7900,,'',0,3000,0,'A VIU',0,6800,,'',0,8900,,'',0,10400,0,'A VIU',0,11600,,'',0,17300,,'',0
'524',4301,75000,4,'',0,6000,4,'',0,600,4,'',0,1200,4,'',0,2100,4,'',0,6500,4,'',0,1700,4,'',0,2200,4,'',0,6500,4,'',0,2300,4,'',0,8100,4,'',0,2900,4,'',0,7800,4,'',0,7800,4,'',0,4000,4,'',0,5900,4,'',0,600,4,'',0,11600,4,'',0,600,4,'',0,1900,4,'',0,5900,4,'',0,3000,4,'',0,9100,4,'',0,1400,4,'',0,10900,4,'',0,10100,4,'',0
'525',4300,75600,,'',0,14900,,'',0,11000,,'',0,11000,,'',0,11000,,'',0,11000,,'',0,11000,,'',0,15000,,'',0,11000,,'',0,11100,,'',0,11000,,'',0
'525',4301,75400,4,'',0,6300,4,'',0,11100,4,'',0,11000,4,'',0,11000,4,'',0,11000,4,'',0,15000,4,'',0,11000,4,'',0,11000,4,'',0,10900,4,'',0,11000,4,'',0,11000,4,'',0
'519',4500,75800,,'',0,25900,,'',0,22000,,'',0,22000,,'',0,27000,,'',0
'519',4501,91100,4,'',0,22000,4,'',0,22000,4,'',0,26000,4,'',0,23000,4,'',0
'520',4500,75800,,'',0,25900,,'',0,22000,,'',0,22000,,'',0,27000,,'',0,52200,4,'',0
'520',4501,92000,4,'',0,21500,4,'',0,22000,4,'',0,26000,4,'',0,23000,4,'',0
'521',4500,75800,,'',0,25900,,'',0,22000,,'',0,22000,,'',0,27000,,'',0,52200,4,'',0
'521',4501,92000,4,'',0,21500,4,'',0,22000,4,'',0,26000,4,'',0,23000,4,'',0
'522',4500,75800,,'',0,25900,,'',0,22000,,'',0,22000,,'',0,27000,,'',0,52200,4,'',0
'522',4501,92000,4,'',0,21500,4,'',0,22000,4,'',0,26000,4,'',0,23000,4,'',0
'523',4500,75800,,'',0,25900,,'',0,22000,,'',0,22000,,'',0,27000,,'',0,52200,4,'',0
'523',4501,92000,4,'',0,21500,4,'',0,22000,4,'',0,26000,4,'',0,23000,4,'',0
'524',4500,75800,,'',0,25900,,'',0,22000,,'',0,22000,,'',0,27000,,'',0,52200,4,'',0
'524',4501,92000,4,'',0,21500,4,'',0,22000,4,'',0,26000,4,'',0,23000,4,'',0
'525',4500,75800,,'',0,25900,,'',0,22000,,'',0,22000,,'',0,27000,,'',0
'525',4501,91200,4,'',0,22000,4,'',0,22000,4,'',0,26000,4,'',0,23000,4,'',0
'519',5000,92200,4,'',0,13700,4,'',0,26000,4,'',0,30000,4,'',0,22100,4,'',0,19300,4,'',0,11300,4,'',0
'519',5001,85600,,'',0,26000,,'',0,30000,,'',0,22000,,'',0,19400,,'',0,12000,,'',0
'520',5000,70800,4,'',0,2200,4,'',0,10300,4,'',0,10800,4,'',0,16300,4,'',0,4100,4,'',0,9000,4,'',0,10500,4,'',0,8800,4,'',0,9800,4,'',0,8900,4,'',0,4300,4,'',0,14700,4,'',0,4000,4,'',0,7100,4,'',0,2700,4,'',0
'520',5001,62800,,'',0,10000,,'',0,10800,,'',0,7300,,'',0,12900,,'',0,10700,,'',0,8700,,'',0,8800,,'',0,9500,,'',0,4400,,'',0,8400,,'',0,11000,,'',0,6100,,'',0,4200,,'',0,8700,,'',0,17800,,'',0,20300,,'',0,2600,,'',0
'521',5000,70800,4,'',0,2200,4,'',0,10300,4,'',0,10800,4,'',0,16300,4,'',0,4100,4,'',0,9000,4,'',0,10500,4,'',0,8800,4,'',0,9800,4,'',0,8900,4,'',0,4300,4,'',0,14700,4,'',0,4000,4,'',0,7100,4,'',0,2700,4,'',0
'521',5001,62800,,'',0,10000,,'',0,10800,,'',0,7300,,'',0,12900,,'',0,10700,,'',0,8700,,'',0,8800,,'',0,9500,,'',0,4400,,'',0,8400,,'',0,11000,,'',0,6100,,'',0,4200,,'',0,8700,,'',0,17800,,'',0,20300,,'',0,2600,,'',0
'522',5000,70800,4,'',0,2200,4,'',0,10300,4,'',0,10800,4,'',0,16300,4,'',0,4100,4,'',0,9000,4,'',0,10500,4,'',0,8800,4,'',0,9800,4,'',0,8900,4,'',0,4300,4,'',0,14700,4,'',0,4000,4,'',0,7100,4,'',0,2700,4,'',0
'522',5001,62800,,'',0,10000,,'',0,10800,,'',0,7300,,'',0,12900,,'',0,10700,,'',0,8700,,'',0,8800,,'',0,9500,,'',0,4400,,'',0,8400,,'',0,11000,,'',0,6100,,'',0,4200,,'',0,8700,,'',0,17800,,'',0,20300,,'',0,2600,,'',0
'523',5000,70800,4,'',0,2200,4,'',0,10300,4,'',0,10800,4,'',0,16300,4,'',0,4100,4,'',0,9000,4,'',0,10500,4,'',0,8800,4,'',0,9800,4,'',0,8900,4,'',0,4300,4,'',0,14700,4,'',0,4000,4,'',0,7100,4,'',0,2700,4,'',0
'523',5001,62800,,'',0,10000,,'',0,10800,,'',0,7300,,'',0,12900,,'',0,10700,,'',0,8700,,'',0,8800,,'',0,9500,,'',0,4400,,'',0,8400,,'',0,11000,,'',0,6100,,'',0,4200,,'',0,8700,,'',0,17800,,'',0,20300,,'',0,2600,,'',0
'524',5000,70800,4,'',0,2200,4,'',0,10300,4,'',0,10800,4,'',0,16300,4,'',0,4100,4,'',0,9000,4,'',0,10500,4,'',0,8800,4,'',0,9800,4,'',0,8900,4,'',0,4300,4,'',0,14700,4,'',0,4000,4,'',0,7100,4,'',0,2700,4,'',0
'524',5001,62800,,'',0,10000,,'',0,10800,,'',0,7300,,'',0,12900,,'',0,10700,,'',0,8700,,'',0,8800,,'',0,9500,,'',0,4400,,'',0,8400,,'',0,11000,,'',0,6100,,'',0,4200,,'',0,8700,,'',0,17800,,'',0,20300,,'',0,2600,,'',0
'525',5000,84900,4,'',0,7200,4,'',0,11200,4,'',0,10400,4,'',0,17700,4,'',0,11100,4,'',0,10400,4,'',0,9800,4,'',0,17900,4,'',0,10100,4,'',0,4300,4,'',0,8100,4,'',0
'525',5001,74000,,'',0,10600,,'',0,26800,,'',0,12700,,'',0,8200,,'',0,11300,,'',0,10900,,'',0,7000,,'',0,9000,,'',0,3500,,'',0,9000,,'',0,17000,,'',0
