'547',4000,65700,4,'',0,7500,4,'',0,1700,4,'',0,7100,4,'',0,2200,4,'',0,11000,4,'',0,15000,4,'',0,11000,4,'',0,11000,4,'',0,10800,4,'',0,11400,4,'',0,10800,4,'',0,15000,4,'',0,11000,4,'',0,11000,4,'',0,8600,4,'',0,11100,4,'',0,10100,4,'',0
'548',4000,65700,4,'',0,7500,4,'',0,1700,4,'',0,7100,4,'',0,2200,4,'',0,11000,4,'',0,15000,4,'',0,11000,4,'',0,11000,4,'',0,10800,4,'',0,11400,4,'',0,10800,4,'',0,15000,4,'',0,11000,4,'',0,11000,4,'',0,8600,4,'',0,11100,4,'',0,10100,4,'',0
'549',4000,65700,4,'',0,7500,4,'',0,1700,4,'',0,7100,4,'',0,2200,4,'',0,11000,4,'',0,15000,4,'',0,11000,4,'',0,11000,4,'',0,10800,4,'',0,11400,4,'',0,10800,4,'',0,15000,4,'',0,11000,4,'',0,11000,4,'',0,8600,4,'',0,11100,4,'',0,10100,4,'',0
'550',4000,65700,4,'',0,7500,4,'',0,1700,4,'',0,7100,4,'',0,2200,4,'',0,11000,4,'',0,15000,4,'',0,11000,4,'',0,11000,4,'',0,10800,4,'',0,11400,4,'',0,10800,4,'',0,15000,4,'',0,11000,4,'',0,11000,4,'',0,8600,4,'',0,11100,4,'',0,10100,4,'',0
'551',4000,73200,4,'',0,11000,4,'',0,11000,4,'',0,15000,4,'',0,11000,4,'',0,11000,4,'',0,11000,4,'',0,11000,4,'',0,11000,4,'',0,15000,4,'',0,11000,4,'',0,11000,4,'',0,8600,4,'',0,10700,4,'',0,10000,4,'',0
'552',4000,75800,4,'',0,15000,4,'',0,11000,4,'',0,11000,4,'',0,11000,4,'',0,10900,4,'',0,11000,4,'',0,15000,4,'',0,11000,4,'',0,11000,4,'',0,11000,4,'',0
'553',4000,65700,4,'',0,7500,4,'',0,1700,4,'',0,7100,4,'',0,2200,4,'',0,11000,4,'',0,15000,4,'',0,11000,4,'',0,11000,4,'',0,10800,4,'',0,11400,4,'',0,10800,4,'',0,15000,4,'',0,11000,4,'',0,11000,4,'',0,8600,4,'',0,11100,4,'',0,10100,4,'',0
'554',4000,65700,4,'',0,7500,4,'',0,1700,4,'',0,7100,4,'',0,2200,4,'',0,11000,4,'',0,15000,4,'',0,11000,4,'',0,11000,4,'',0,10800,4,'',0,11400,4,'',0,10800,4,'',0,15000,4,'',0,11000,4,'',0,11000,4,'',0,8600,4,'',0,11100,4,'',0,10100,4,'',0
'555',4000,65700,4,'',0,7500,4,'',0,1700,4,'',0,7100,4,'',0,2200,4,'',0,11000,4,'',0,15000,4,'',0,11000,4,'',0,11000,4,'',0,10800,4,'',0,11400,4,'',0,10800,4,'',0,15000,4,'',0,11000,4,'',0,11000,4,'',0,8600,4,'',0,11100,4,'',0,10100,4,'',0
'556',4000,65700,4,'',0,7500,4,'',0,1700,4,'',0,7100,4,'',0,2200,4,'',0,11000,4,'',0,15000,4,'',0,11000,4,'',0,11000,4,'',0,10800,4,'',0,11400,4,'',0,10800,4,'',0,15000,4,'',0,11000,4,'',0,11000,4,'',0,8600,4,'',0,11100,4,'',0,10100,4,'',0
'557',4000,65700,4,'',0,7500,4,'',0,1700,4,'',0,7100,4,'',0,2200,4,'',0,11000,4,'',0,15000,4,'',0,11000,4,'',0,11000,4,'',0,10800,4,'',0,11400,4,'',0,10800,4,'',0,15000,4,'',0,11000,4,'',0,11000,4,'',0,8600,4,'',0,11100,4,'',0,10100,4,'',0
'558',4000,73200,4,'',0,11000,4,'',0,11000,4,'',0,15000,4,'',0,11000,4,'',0,11000,4,'',0,11000,4,'',0,11000,4,'',0,11000,4,'',0,15000,4,'',0,11000,4,'',0,11000,4,'',0,8600,4,'',0,10700,4,'',0,10000,4,'',0
'559',4000,75800,4,'',0,15000,4,'',0,11000,4,'',0,11000,4,'',0,11000,4,'',0,10900,4,'',0,11000,4,'',0,15000,4,'',0,11000,4,'',0,11000,4,'',0,11000,4,'',0
'560',4000,65700,4,'',0,7500,4,'',0,1700,4,'',0,7100,4,'',0,2200,4,'',0,11000,4,'',0,15000,4,'',0,11000,4,'',0,11000,4,'',0,10800,4,'',0,11400,4,'',0,10800,4,'',0,15000,4,'',0,11000,4,'',0,11000,4,'',0,8600,4,'',0,11100,4,'',0,10100,4,'',0
