'519',4100,75500,4,'',0,9500,4,'',0,10000,4,'',0,15000,4,'',0,11000,4,'',0,11000,4,'',0,11000,4,'',0,11000,4,'',0,11000,4,'',0,15000,4,'',0,10800,4,'',0,11000,4,'',0
'519',4101,71500,,'',0,9500,,'',0,10000,,'',0,11000,,'',0,11000,,'',0,11000,,'',0,11000,,'',0,15000,,'',0,11000,,'',0,11000,,'',0,11000,,'',0,11000,,'',0
'520',4100,65800,4,'',0,5300,4,'',0,3100,4,'',0,10000,4,'',0,9900,4,'',0,17000,4,'',0,11000,4,'',0,11000,4,'',0,11300,4,'',0,11000,4,'',0,8800,4,'',0,6100,4,'',0,3500,4,'',0,7500,4,'',0,3400,4,'',0,7400,4,'',0,3500,4,'',0,15000,4,'',0,11000,4,'',0,10300,4,'',0,9700,4,'',0
'520',4101,70100,,'',0,10000,,'',0,9900,,'',0,12900,,'',0,11000,,'',0,11000,,'',0,15100,,'',0,11000,,'',0,4800,,'',0,6200,,'',0,3500,,'',0,7500,,'',0,7500,,'',0,3500,,'',0,7500,,'',0,11000,,'',0,11000,,'',0,10300,,'',0,9700,,'',0
'521',4100,65800,4,'',0,5300,4,'',0,3100,4,'',0,10000,4,'',0,9900,4,'',0,17000,4,'',0,11000,4,'',0,11000,4,'',0,11300,4,'',0,11000,4,'',0,8800,4,'',0,6100,4,'',0,3500,4,'',0,7500,4,'',0,3400,4,'',0,7400,4,'',0,3500,4,'',0,15000,4,'',0,11000,4,'',0,10300,4,'',0,9700,4,'',0
'521',4101,70100,,'',0,10000,,'',0,9900,,'',0,12900,,'',0,11000,,'',0,11000,,'',0,15100,,'',0,11000,,'',0,4800,,'',0,6200,,'',0,3500,,'',0,7500,,'',0,7500,,'',0,3500,,'',0,7500,,'',0,11000,,'',0,11000,,'',0,10300,,'',0,9700,,'',0
'522',4100,65800,4,'',0,5300,4,'',0,3100,4,'',0,10000,4,'',0,9900,4,'',0,17000,4,'',0,11000,4,'',0,11000,4,'',0,11300,4,'',0,11000,4,'',0,8800,4,'',0,6100,4,'',0,3500,4,'',0,7500,4,'',0,3400,4,'',0,7400,4,'',0,3500,4,'',0,15000,4,'',0,11000,4,'',0,10300,4,'',0,9700,4,'',0
'522',4101,70100,,'',0,10000,,'',0,9900,,'',0,12900,,'',0,11000,,'',0,11000,,'',0,15100,,'',0,11000,,'',0,4800,,'',0,6200,,'',0,3500,,'',0,7500,,'',0,7500,,'',0,3500,,'',0,7500,,'',0,11000,,'',0,11000,,'',0,10300,,'',0,9700,,'',0
'523',4100,65800,4,'',0,5300,4,'',0,3100,4,'',0,10000,4,'',0,9900,4,'',0,17000,4,'',0,11000,4,'',0,11000,4,'',0,11300,4,'',0,11000,4,'',0,8800,4,'',0,6100,4,'',0,3500,4,'',0,7500,4,'',0,3400,4,'',0,7400,4,'',0,3500,4,'',0,15000,4,'',0,11000,4,'',0,10300,4,'',0,9700,4,'',0
'523',4101,70100,,'',0,10000,,'',0,9900,,'',0,12900,,'',0,11000,,'',0,11000,,'',0,15100,,'',0,11000,,'',0,4800,,'',0,6200,,'',0,3500,,'',0,7500,,'',0,7500,,'',0,3500,,'',0,7500,,'',0,11000,,'',0,11000,,'',0,10300,,'',0,9700,,'',0
'524',4100,65800,4,'',0,5300,4,'',0,3100,4,'',0,10000,4,'',0,9900,4,'',0,17000,4,'',0,11000,4,'',0,11000,4,'',0,11300,4,'',0,11000,4,'',0,8800,4,'',0,6100,4,'',0,3500,4,'',0,7500,4,'',0,3400,4,'',0,7400,4,'',0,3500,4,'',0,15000,4,'',0,11000,4,'',0,10300,4,'',0,9700,4,'',0
'524',4101,70100,,'',0,10000,,'',0,9900,,'',0,12900,,'',0,11000,,'',0,11000,,'',0,15100,,'',0,11000,,'',0,4800,,'',0,6200,,'',0,3500,,'',0,7500,,'',0,7500,,'',0,3500,,'',0,7500,,'',0,11000,,'',0,11000,,'',0,10300,,'',0,9700,,'',0
'525',4100,72300,4,'',0,9200,4,'',0,11000,4,'',0,11000,4,'',0,7500,4,'',0,3500,4,'',0,11000,4,'',0,15000,4,'',0,11000,4,'',0,11000,4,'',0,11000,4,'',0,10800,4,'',0,11000,4,'',0,15000,4,'',0,11000,4,'',0,10000,4,'',0,10000,4,'',0
'525',4101,64300,,'',0,9200,,'',0,11000,,'',0,11000,,'',0,7500,,'',0,7500,,'',0,11000,,'',0,11000,,'',0,11000,,'',0,11000,,'',0,11000,,'',0,15000,,'',0,11000,,'',0,11000,,'',0,11000,,'',0,10000,,'',0,10000,,'',0
