'547',3800,65600,4,'',0,7200,4,'',0,2100,4,'',0,5400,4,'',0,3700,4,'',0,1600,4,'',0,5800,4,'',0,3600,4,'',0,7500,4,'',0,7500,4,'',0,3500,4,'',0,7600,4,'',0,3400,4,'',0,7700,4,'',0,3300,4,'',0,7700,4,'',0,7300,4,'',0,3600,4,'',0,7400,4,'',0,3600,4,'',0,7400,4,'',0,7500,4,'',0,3500,4,'',0,7600,4,'',0,10900,4,'',0,10900,4,'',0,9900,4,'',0,10000,4,'',0
'547',3801,70000,,'',0,3500,,'',0,1700,,'',0,5800,,'',0,1700,,'',0,1800,,'',0,5700,,'',0,1800,,'',0,3500,,'',0,7500,,'',0,7500,,'',0,3500,,'',0,7600,,'',0,3400,,'',0,7700,,'',0,7300,,'',0,3500,,'',0,7500,,'',0,4000,,'',0,7000,,'',0,3600,,'',0,7400,,'',0,7500,,'',0,3500,,'',0,7500,,'',0,11000,,'',0,11000,,'',0,10000,,'',0,10000,,'',0
'548',3800,65600,4,'',0,7200,4,'',0,2100,4,'',0,5400,4,'',0,3700,4,'',0,1600,4,'',0,5800,4,'',0,3600,4,'',0,7500,4,'',0,7500,4,'',0,3500,4,'',0,7600,4,'',0,3400,4,'',0,7700,4,'',0,3300,4,'',0,7700,4,'',0,7300,4,'',0,3600,4,'',0,7400,4,'',0,3600,4,'',0,7400,4,'',0,7500,4,'',0,3500,4,'',0,7600,4,'',0,10900,4,'',0,10900,4,'',0,9900,4,'',0,10000,4,'',0
'548',3801,70000,,'',0,3500,,'',0,1700,,'',0,5800,,'',0,1700,,'',0,1800,,'',0,5700,,'',0,1800,,'',0,3500,,'',0,7500,,'',0,7500,,'',0,3500,,'',0,7600,,'',0,3400,,'',0,7700,,'',0,7300,,'',0,3500,,'',0,7500,,'',0,4000,,'',0,7000,,'',0,3600,,'',0,7400,,'',0,7500,,'',0,3500,,'',0,7500,,'',0,11000,,'',0,11000,,'',0,10000,,'',0,10000,,'',0
'549',3800,65600,4,'',0,7200,4,'',0,2100,4,'',0,5400,4,'',0,3700,4,'',0,1600,4,'',0,5800,4,'',0,3600,4,'',0,7500,4,'',0,7500,4,'',0,3500,4,'',0,7600,4,'',0,3400,4,'',0,7700,4,'',0,3300,4,'',0,7700,4,'',0,7300,4,'',0,3600,4,'',0,7400,4,'',0,3600,4,'',0,7400,4,'',0,7500,4,'',0,3500,4,'',0,7600,4,'',0,10900,4,'',0,10900,4,'',0,9900,4,'',0,10000,4,'',0
'549',3801,70000,,'',0,3500,,'',0,1700,,'',0,5800,,'',0,1700,,'',0,1800,,'',0,5700,,'',0,1800,,'',0,3500,,'',0,7500,,'',0,7500,,'',0,3500,,'',0,7600,,'',0,3400,,'',0,7700,,'',0,7300,,'',0,3500,,'',0,7500,,'',0,4000,,'',0,7000,,'',0,3600,,'',0,7400,,'',0,7500,,'',0,3500,,'',0,7500,,'',0,11000,,'',0,11000,,'',0,10000,,'',0,10000,,'',0
'550',3800,65600,4,'',0,7200,4,'',0,2100,4,'',0,5400,4,'',0,3700,4,'',0,1600,4,'',0,5800,4,'',0,3600,4,'',0,7500,4,'',0,7500,4,'',0,3500,4,'',0,7600,4,'',0,3400,4,'',0,7700,4,'',0,3300,4,'',0,7700,4,'',0,7300,4,'',0,3600,4,'',0,7400,4,'',0,3600,4,'',0,7400,4,'',0,7500,4,'',0,3500,4,'',0,7600,4,'',0,10900,4,'',0,10900,4,'',0,9900,4,'',0,10000,4,'',0
'550',3801,70000,,'',0,3500,,'',0,1700,,'',0,5800,,'',0,1700,,'',0,1800,,'',0,5700,,'',0,1800,,'',0,3500,,'',0,7500,,'',0,7500,,'',0,3500,,'',0,7600,,'',0,3400,,'',0,7700,,'',0,7300,,'',0,3500,,'',0,7500,,'',0,4000,,'',0,7000,,'',0,3600,,'',0,7400,,'',0,7500,,'',0,3500,,'',0,7500,,'',0,11000,,'',0,11000,,'',0,10000,,'',0,10000,,'',0
'551',3800,73000,4,'',0,11000,4,'',0,7500,4,'',0,3500,4,'',0,7500,4,'',0,7500,4,'',0,3500,4,'',0,7500,4,'',0,3500,4,'',0,7500,4,'',0,3500,4,'',0,7500,4,'',0,7500,4,'',0,3500,4,'',0,7500,4,'',0,3500,4,'',0,7500,4,'',0,7500,4,'',0,3500,4,'',0,7600,4,'',0,10900,4,'',0,11000,4,'',0,10000,4,'',0,10000,4,'',0
'551',3801,73500,,'',0,11000,,'',0,7500,,'',0,3500,,'',0,7500,,'',0,7500,,'',0,3500,,'',0,7500,,'',0,3500,,'',0,7500,,'',0,7500,,'',0,3500,,'',0,7500,,'',0,3500,,'',0,7500,,'',0,3500,,'',0,7500,,'',0,7500,,'',0,3500,,'',0,7500,,'',0,11000,,'',0,11000,,'',0,10000,,'',0,10000,,'',0
'552',3800,75400,4,'',0,15100,4,'',0,11000,4,'',0,11000,4,'',0,11000,4,'',0,11000,4,'',0,11000,4,'',0,15000,4,'',0,11000,4,'',0,11000,4,'',0,11000,4,'',0
'552',3801,80000,,'',0,11000,,'',0,11000,,'',0,11000,,'',0,11000,,'',0,11000,,'',0,15000,,'',0,11000,,'',0,11000,,'',0,11000,,'',0,11000,,'',0
'553',3800,65600,4,'',0,7200,4,'',0,2100,4,'',0,5400,4,'',0,3700,4,'',0,1600,4,'',0,5800,4,'',0,3600,4,'',0,7500,4,'',0,7500,4,'',0,3500,4,'',0,7600,4,'',0,3400,4,'',0,7700,4,'',0,3300,4,'',0,7700,4,'',0,7300,4,'',0,3600,4,'',0,7400,4,'',0,3600,4,'',0,7400,4,'',0,7500,4,'',0,3500,4,'',0,7600,4,'',0,10900,4,'',0,10900,4,'',0,9900,4,'',0,10000,4,'',0
'553',3801,70000,,'',0,3500,,'',0,1700,,'',0,5800,,'',0,1700,,'',0,1800,,'',0,5700,,'',0,1800,,'',0,3500,,'',0,7500,,'',0,7500,,'',0,3500,,'',0,7600,,'',0,3400,,'',0,7700,,'',0,7300,,'',0,3500,,'',0,7500,,'',0,4000,,'',0,7000,,'',0,3600,,'',0,7400,,'',0,7500,,'',0,3500,,'',0,7500,,'',0,11000,,'',0,11000,,'',0,10000,,'',0,10000,,'',0
'554',3800,65600,4,'',0,7200,4,'',0,2100,4,'',0,5400,4,'',0,3700,4,'',0,1600,4,'',0,5800,4,'',0,3600,4,'',0,7500,4,'',0,7500,4,'',0,3500,4,'',0,7600,4,'',0,3400,4,'',0,7700,4,'',0,3300,4,'',0,7700,4,'',0,7300,4,'',0,3600,4,'',0,7400,4,'',0,3600,4,'',0,7400,4,'',0,7500,4,'',0,3500,4,'',0,7600,4,'',0,10900,4,'',0,10900,4,'',0,9900,4,'',0,10000,4,'',0
'554',3801,70000,,'',0,3500,,'',0,1700,,'',0,5800,,'',0,1700,,'',0,1800,,'',0,5700,,'',0,1800,,'',0,3500,,'',0,7500,,'',0,7500,,'',0,3500,,'',0,7600,,'',0,3400,,'',0,7700,,'',0,7300,,'',0,3500,,'',0,7500,,'',0,4000,,'',0,7000,,'',0,3600,,'',0,7400,,'',0,7500,,'',0,3500,,'',0,7500,,'',0,11000,,'',0,11000,,'',0,10000,,'',0,10000,,'',0
'555',3800,65600,4,'',0,7200,4,'',0,2100,4,'',0,5400,4,'',0,3700,4,'',0,1600,4,'',0,5800,4,'',0,3600,4,'',0,7500,4,'',0,7500,4,'',0,3500,4,'',0,7600,4,'',0,3400,4,'',0,7700,4,'',0,3300,4,'',0,7700,4,'',0,7300,4,'',0,3600,4,'',0,7400,4,'',0,3600,4,'',0,7400,4,'',0,7500,4,'',0,3500,4,'',0,7600,4,'',0,10900,4,'',0,10900,4,'',0,9900,4,'',0,10000,4,'',0
'555',3801,70000,,'',0,3500,,'',0,1700,,'',0,5800,,'',0,1700,,'',0,1800,,'',0,5700,,'',0,1800,,'',0,3500,,'',0,7500,,'',0,7500,,'',0,3500,,'',0,7600,,'',0,3400,,'',0,7700,,'',0,7300,,'',0,3500,,'',0,7500,,'',0,4000,,'',0,7000,,'',0,3600,,'',0,7400,,'',0,7500,,'',0,3500,,'',0,7500,,'',0,11000,,'',0,11000,,'',0,10000,,'',0,10000,,'',0
'556',3800,65600,4,'',0,7200,4,'',0,2100,4,'',0,5400,4,'',0,3700,4,'',0,1600,4,'',0,5800,4,'',0,3600,4,'',0,7500,4,'',0,7500,4,'',0,3500,4,'',0,7600,4,'',0,3400,4,'',0,7700,4,'',0,3300,4,'',0,7700,4,'',0,7300,4,'',0,3600,4,'',0,7400,4,'',0,3600,4,'',0,7400,4,'',0,7500,4,'',0,3500,4,'',0,7600,4,'',0,10900,4,'',0,10900,4,'',0,9900,4,'',0,10000,4,'',0
'556',3801,70000,,'',0,3500,,'',0,1700,,'',0,5800,,'',0,1700,,'',0,1800,,'',0,5700,,'',0,1800,,'',0,3500,,'',0,7500,,'',0,7500,,'',0,3500,,'',0,7600,,'',0,3400,,'',0,7700,,'',0,7300,,'',0,3500,,'',0,7500,,'',0,4000,,'',0,7000,,'',0,3600,,'',0,7400,,'',0,7500,,'',0,3500,,'',0,7500,,'',0,11000,,'',0,11000,,'',0,10000,,'',0,10000,,'',0
'557',3800,65600,4,'',0,7200,4,'',0,2100,4,'',0,5400,4,'',0,3700,4,'',0,1600,4,'',0,5800,4,'',0,3600,4,'',0,7500,4,'',0,7500,4,'',0,3500,4,'',0,7600,4,'',0,3400,4,'',0,7700,4,'',0,3300,4,'',0,7700,4,'',0,7300,4,'',0,3600,4,'',0,7400,4,'',0,3600,4,'',0,7400,4,'',0,7500,4,'',0,3500,4,'',0,7600,4,'',0,10900,4,'',0,10900,4,'',0,9900,4,'',0,10000,4,'',0
'557',3801,70000,,'',0,3500,,'',0,1700,,'',0,5800,,'',0,1700,,'',0,1800,,'',0,5700,,'',0,1800,,'',0,3500,,'',0,7500,,'',0,7500,,'',0,3500,,'',0,7600,,'',0,3400,,'',0,7700,,'',0,7300,,'',0,3500,,'',0,7500,,'',0,4000,,'',0,7000,,'',0,3600,,'',0,7400,,'',0,7500,,'',0,3500,,'',0,7500,,'',0,11000,,'',0,11000,,'',0,10000,,'',0,10000,,'',0
'558',3800,73000,4,'',0,11000,4,'',0,7500,4,'',0,3500,4,'',0,7500,4,'',0,7500,4,'',0,3500,4,'',0,7500,4,'',0,3500,4,'',0,7500,4,'',0,3500,4,'',0,7500,4,'',0,7500,4,'',0,3500,4,'',0,7500,4,'',0,3500,4,'',0,7500,4,'',0,7500,4,'',0,3500,4,'',0,7600,4,'',0,10900,4,'',0,11000,4,'',0,10000,4,'',0,10000,4,'',0
'558',3801,73500,,'',0,11000,,'',0,7500,,'',0,3500,,'',0,7500,,'',0,7500,,'',0,3500,,'',0,7500,,'',0,3500,,'',0,7500,,'',0,7500,,'',0,3500,,'',0,7500,,'',0,3500,,'',0,7500,,'',0,3500,,'',0,7500,,'',0,7500,,'',0,3500,,'',0,7500,,'',0,11000,,'',0,11000,,'',0,10000,,'',0,10000,,'',0
'559',3800,75400,4,'',0,15100,4,'',0,11000,4,'',0,11000,4,'',0,11000,4,'',0,11000,4,'',0,11000,4,'',0,15000,4,'',0,11000,4,'',0,11000,4,'',0,11000,4,'',0
'559',3801,80000,,'',0,11000,,'',0,11000,,'',0,11000,,'',0,11000,,'',0,11000,,'',0,15000,,'',0,11000,,'',0,11000,,'',0,11000,,'',0,11000,,'',0
'560',3800,65600,4,'',0,7200,4,'',0,2100,4,'',0,5400,4,'',0,3700,4,'',0,1600,4,'',0,5800,4,'',0,3600,4,'',0,7500,4,'',0,7500,4,'',0,3500,4,'',0,7600,4,'',0,3400,4,'',0,7700,4,'',0,3300,4,'',0,7700,4,'',0,7300,4,'',0,3600,4,'',0,7400,4,'',0,3600,4,'',0,7400,4,'',0,7500,4,'',0,3500,4,'',0,7600,4,'',0,10900,4,'',0,10900,4,'',0,9900,4,'',0,10000,4,'',0
'560',3801,70000,,'',0,3500,,'',0,1700,,'',0,5800,,'',0,1700,,'',0,1800,,'',0,5700,,'',0,1800,,'',0,3500,,'',0,7500,,'',0,7500,,'',0,3500,,'',0,7600,,'',0,3400,,'',0,7700,,'',0,7300,,'',0,3500,,'',0,7500,,'',0,4000,,'',0,7000,,'',0,3600,,'',0,7400,,'',0,7500,,'',0,3500,,'',0,7500,,'',0,11000,,'',0,11000,,'',0,10000,,'',0,10000,,'',0
