'533',5000,82400,,'',0,17700,,'',0,22000,,'',0,30000,,'',0,22100,,'',0,19300,,'',0,11400,,'',0
'533',5001,95500,4,'',0,26000,4,'',0,30000,4,'',0,22100,4,'',0,19300,4,'',0,11400,4,'',0
'534',5000,61600,,'',0,1900,,'',0,9800,,'',0,10800,,'',0,16600,,'',0,4100,,'',0,9400,,'',0,10100,,'',0,8800,,'',0,9500,,'',0,9000,,'',0,8600,,'',0,10700,,'',0,3800,,'',0,7500,,'',0,3000,,'',0
'534',5001,72600,4,'',0,10000,4,'',0,10500,4,'',0,6900,4,'',0,13300,4,'',0,10300,4,'',0,8800,4,'',0,9200,4,'',0,9100,4,'',0,4800,4,'',0,8800,4,'',0,9900,4,'',0,7200,4,'',0,3000,4,'',0,9700,4,'',0,17400,4,'',0,20300,4,'',0,2600,4,'',0
'535',5000,61600,,'',0,1900,,'',0,9800,,'',0,10800,,'',0,16600,,'',0,4100,,'',0,9400,,'',0,10100,,'',0,8800,,'',0,9500,,'',0,9000,,'',0,8600,,'',0,10700,,'',0,3800,,'',0,7500,,'',0,3000,,'',0
'535',5001,72600,4,'',0,10000,4,'',0,10500,4,'',0,6900,4,'',0,13300,4,'',0,10300,4,'',0,8800,4,'',0,9200,4,'',0,9100,4,'',0,4800,4,'',0,8800,4,'',0,9900,4,'',0,7200,4,'',0,3000,4,'',0,9700,4,'',0,17400,4,'',0,20300,4,'',0,2600,4,'',0
'536',5000,61600,,'',0,1900,,'',0,9800,,'',0,10800,,'',0,16600,,'',0,4100,,'',0,9400,,'',0,10100,,'',0,8800,,'',0,9500,,'',0,9000,,'',0,8600,,'',0,10700,,'',0,3800,,'',0,7500,,'',0,3000,,'',0
'536',5001,72600,4,'',0,10000,4,'',0,10500,4,'',0,6900,4,'',0,13300,4,'',0,10300,4,'',0,8800,4,'',0,9200,4,'',0,9100,4,'',0,4800,4,'',0,8800,4,'',0,9900,4,'',0,7200,4,'',0,3000,4,'',0,9700,4,'',0,17400,4,'',0,20300,4,'',0,2600,4,'',0
'537',5000,61600,,'',0,1900,,'',0,9800,,'',0,10800,,'',0,16600,,'',0,4100,,'',0,9400,,'',0,10100,,'',0,8800,,'',0,9500,,'',0,9000,,'',0,8600,,'',0,10700,,'',0,3800,,'',0,7500,,'',0,3000,,'',0
'537',5001,72600,4,'',0,10000,4,'',0,10500,4,'',0,6900,4,'',0,13300,4,'',0,10300,4,'',0,8800,4,'',0,9200,4,'',0,9100,4,'',0,4800,4,'',0,8800,4,'',0,9900,4,'',0,7200,4,'',0,3000,4,'',0,9700,4,'',0,17400,4,'',0,20300,4,'',0,2600,4,'',0
'538',5000,75100,,'',0,7200,,'',0,11500,,'',0,10700,,'',0,17300,,'',0,11500,,'',0,9700,,'',0,10100,,'',0,17600,,'',0,10200,,'',0,4300,,'',0,8700,,'',0
'538',5001,83800,4,'',0,9500,4,'',0,27900,4,'',0,11600,4,'',0,9300,4,'',0,10200,4,'',0,12000,4,'',0,5900,4,'',0,10100,4,'',0,3500,4,'',0,9000,4,'',0,13000,4,'',0
'539',5000,61600,,'',0,1900,,'',0,9800,,'',0,10800,,'',0,16600,,'',0,4100,,'',0,9400,,'',0,10100,,'',0,8800,,'',0,9500,,'',0,9000,,'',0,8600,,'',0,10700,,'',0,3800,,'',0,7500,,'',0,3000,,'',0
'539',5001,72600,4,'',0,10000,4,'',0,10500,4,'',0,6900,4,'',0,13300,4,'',0,10300,4,'',0,8800,4,'',0,9200,4,'',0,9100,4,'',0,4800,4,'',0,8800,4,'',0,9900,4,'',0,7200,4,'',0,3000,4,'',0,9700,4,'',0,17400,4,'',0,20300,4,'',0,2600,4,'',0
'540',5000,61600,,'',0,1900,,'',0,9800,,'',0,10800,,'',0,16600,,'',0,4100,,'',0,9400,,'',0,10100,,'',0,8800,,'',0,9500,,'',0,9000,,'',0,8600,,'',0,10700,,'',0,3800,,'',0,7500,,'',0,3000,,'',0
'540',5001,72600,4,'',0,10000,4,'',0,10500,4,'',0,6900,4,'',0,13300,4,'',0,10300,4,'',0,8800,4,'',0,9200,4,'',0,9100,4,'',0,4800,4,'',0,8800,4,'',0,9900,4,'',0,7200,4,'',0,3000,4,'',0,9700,4,'',0,17400,4,'',0,20300,4,'',0,2600,4,'',0
'541',5000,61600,,'',0,1900,,'',0,9800,,'',0,10800,,'',0,16600,,'',0,4100,,'',0,9400,,'',0,10100,,'',0,8800,,'',0,9500,,'',0,9000,,'',0,8600,,'',0,10700,,'',0,3800,,'',0,7500,,'',0,3000,,'',0
'541',5001,72600,4,'',0,10000,4,'',0,10500,4,'',0,6900,4,'',0,13300,4,'',0,10300,4,'',0,8800,4,'',0,9200,4,'',0,9100,4,'',0,4800,4,'',0,8800,4,'',0,9900,4,'',0,7200,4,'',0,3000,4,'',0,9700,4,'',0,17400,4,'',0,20300,4,'',0,2600,4,'',0
'542',5000,61600,,'',0,1900,,'',0,9800,,'',0,10800,,'',0,16600,,'',0,4100,,'',0,9400,,'',0,10100,,'',0,8800,,'',0,9500,,'',0,9000,,'',0,8600,,'',0,10700,,'',0,3800,,'',0,7500,,'',0,3000,,'',0
'542',5001,72600,4,'',0,10000,4,'',0,10500,4,'',0,6900,4,'',0,13300,4,'',0,10300,4,'',0,8800,4,'',0,9200,4,'',0,9100,4,'',0,4800,4,'',0,8800,4,'',0,9900,4,'',0,7200,4,'',0,3000,4,'',0,9700,4,'',0,17400,4,'',0,20300,4,'',0,2600,4,'',0
'543',5000,61600,,'',0,1900,,'',0,9800,,'',0,10800,,'',0,16600,,'',0,4100,,'',0,9400,,'',0,10100,,'',0,8800,,'',0,9500,,'',0,9000,,'',0,8600,,'',0,10700,,'',0,3800,,'',0,7500,,'',0,3000,,'',0
'543',5001,72600,4,'',0,10000,4,'',0,10500,4,'',0,6900,4,'',0,13300,4,'',0,10300,4,'',0,8800,4,'',0,9200,4,'',0,9100,4,'',0,4800,4,'',0,8800,4,'',0,9900,4,'',0,7200,4,'',0,3000,4,'',0,9700,4,'',0,17400,4,'',0,20300,4,'',0,2600,4,'',0
'544',5000,75100,,'',0,7200,,'',0,11500,,'',0,10700,,'',0,17300,,'',0,11500,,'',0,9700,,'',0,10100,,'',0,17600,,'',0,10200,,'',0,4300,,'',0,8700,,'',0
'544',5001,83800,4,'',0,9500,4,'',0,27900,4,'',0,11600,4,'',0,9300,4,'',0,10200,4,'',0,12000,4,'',0,5900,4,'',0,10100,4,'',0,3500,4,'',0,9000,4,'',0,13000,4,'',0
'545',5000,82400,,'',0,17700,,'',0,22000,,'',0,30000,,'',0,22100,,'',0,19300,,'',0,11400,,'',0
'545',5001,95500,4,'',0,26000,4,'',0,30000,4,'',0,22100,4,'',0,19300,4,'',0,11400,4,'',0
'546',5000,61600,,'',0,1900,,'',0,9800,,'',0,10800,,'',0,16600,,'',0,4100,,'',0,9400,,'',0,10100,,'',0,8800,,'',0,9500,,'',0,9000,,'',0,8600,,'',0,10700,,'',0,3800,,'',0,7500,,'',0,3000,,'',0
'546',5001,72600,4,'',0,10000,4,'',0,10500,4,'',0,6900,4,'',0,13300,4,'',0,10300,4,'',0,8800,4,'',0,9200,4,'',0,9100,4,'',0,4800,4,'',0,8800,4,'',0,9900,4,'',0,7200,4,'',0,3000,4,'',0,9700,4,'',0,17400,4,'',0,20300,4,'',0,2600,4,'',0
'534',5201,75400,,'',0,6800,4,'',0,2800,,'',0,6800,4,'',0,8900,,'',0,2800,4,'',0,6800,,'',0,2800,4,'',0,2000,,'',0,6800,4,'',0,2800,,'',0,6800,4,'',0,3900,,'',0,6800,4,'',0,10500,,'',0,2800,4,'',0,400,,'',0,6800,4,'',0,3000,,'',0,6800,4,'',0,8900,,'',0,2800,4,'',0
'535',5201,75400,,'',0,6800,4,'',0,2800,,'',0,6800,4,'',0,8900,,'',0,2800,4,'',0,6800,,'',0,2800,4,'',0,2000,,'',0,6800,4,'',0,2800,,'',0,6800,4,'',0,3900,,'',0,6800,4,'',0,10500,,'',0,2800,4,'',0,400,,'',0,6800,4,'',0,3000,,'',0,6800,4,'',0,8900,,'',0,2800,4,'',0
'536',5201,75400,,'',0,6800,4,'',0,2800,,'',0,6800,4,'',0,8900,,'',0,2800,4,'',0,6800,,'',0,2800,4,'',0,2000,,'',0,6800,4,'',0,2800,,'',0,6800,4,'',0,3900,,'',0,6800,4,'',0,10500,,'',0,2800,4,'',0,400,,'',0,6800,4,'',0,3000,,'',0,6800,4,'',0,8900,,'',0,2800,4,'',0
'537',5201,75400,,'',0,6800,4,'',0,2800,,'',0,6800,4,'',0,8900,,'',0,2800,4,'',0,6800,,'',0,2800,4,'',0,2000,,'',0,6800,4,'',0,2800,,'',0,6800,4,'',0,3900,,'',0,6800,4,'',0,10500,,'',0,2800,4,'',0,400,,'',0,6800,4,'',0,3000,,'',0,6800,4,'',0,8900,,'',0,2800,4,'',0
'538',5201,75400,,'',0,6800,4,'',0,2800,,'',0,6800,4,'',0,4000,,'',0,6800,4,'',0,2700,,'',0,6800,4,'',0,2600,,'',0,6800,4,'',0,3400,,'',0,6800,4,'',0,3700,,'',0,6800,4,'',0,2800,,'',0,6800,4,'',0,3600,,'',0,6800,4,'',0,8500,,'',0,2800,4,'',0,6700,,'',0,2800,4,'',0
'539',5201,75400,,'',0,6800,4,'',0,2800,,'',0,6800,4,'',0,8900,,'',0,2800,4,'',0,6800,,'',0,2800,4,'',0,2000,,'',0,6800,4,'',0,2800,,'',0,6800,4,'',0,3900,,'',0,6800,4,'',0,10500,,'',0,2800,4,'',0,400,,'',0,6800,4,'',0,3000,,'',0,6800,4,'',0,8900,,'',0,2800,4,'',0
'540',5201,75400,,'',0,6800,4,'',0,2800,,'',0,6800,4,'',0,8900,,'',0,2800,4,'',0,6800,,'',0,2800,4,'',0,2000,,'',0,6800,4,'',0,2800,,'',0,6800,4,'',0,3900,,'',0,6800,4,'',0,10500,,'',0,2800,4,'',0,400,,'',0,6800,4,'',0,3000,,'',0,6800,4,'',0,8900,,'',0,2800,4,'',0
'541',5201,75400,,'',0,6800,4,'',0,2800,,'',0,6800,4,'',0,8900,,'',0,2800,4,'',0,6800,,'',0,2800,4,'',0,2000,,'',0,6800,4,'',0,2800,,'',0,6800,4,'',0,3900,,'',0,6800,4,'',0,10500,,'',0,2800,4,'',0,400,,'',0,6800,4,'',0,3000,,'',0,6800,4,'',0,8900,,'',0,2800,4,'',0
'542',5201,75400,,'',0,6800,4,'',0,2800,,'',0,6800,4,'',0,8900,,'',0,2800,4,'',0,6800,,'',0,2800,4,'',0,2000,,'',0,6800,4,'',0,2800,,'',0,6800,4,'',0,3900,,'',0,6800,4,'',0,10500,,'',0,2800,4,'',0,400,,'',0,6800,4,'',0,3000,,'',0,6800,4,'',0,8900,,'',0,2800,4,'',0
'543',5201,75400,,'',0,6800,4,'',0,2800,,'',0,6800,4,'',0,8900,,'',0,2800,4,'',0,6800,,'',0,2800,4,'',0,2000,,'',0,6800,4,'',0,2800,,'',0,6800,4,'',0,3900,,'',0,6800,4,'',0,10500,,'',0,2800,4,'',0,400,,'',0,6800,4,'',0,3000,,'',0,6800,4,'',0,8900,,'',0,2800,4,'',0
'544',5201,75400,,'',0,6800,4,'',0,2800,,'',0,6800,4,'',0,4000,,'',0,6800,4,'',0,2700,,'',0,6800,4,'',0,2600,,'',0,6800,4,'',0,3400,,'',0,6800,4,'',0,3700,,'',0,6800,4,'',0,2800,,'',0,6800,4,'',0,3600,,'',0,6800,4,'',0,8500,,'',0,2800,4,'',0,6700,,'',0,2800,4,'',0
'546',5201,75400,,'',0,6800,4,'',0,2800,,'',0,6800,4,'',0,8900,,'',0,2800,4,'',0,6800,,'',0,2800,4,'',0,2000,,'',0,6800,4,'',0,2800,,'',0,6800,4,'',0,3900,,'',0,6800,4,'',0,10500,,'',0,2800,4,'',0,400,,'',0,6800,4,'',0,3000,,'',0,6800,4,'',0,8900,,'',0,2800,4,'',0
'534',5301,73000,,'',0,2100,4,'',0,7500,,'',0,2100,4,'',0,9100,,'',0,2100,4,'',0,8000,,'',0,6100,4,'',0,12300,,'',0,2100,4,'',0,8600,,'',0,2100,4,'',0,7500,,'',0,2100,4,'',0,5600,,'',0,2100,4,'',0,10900,,'',0,2100,4,'',0,9600,,'',0,6100,4,'',0
'535',5301,73000,,'',0,2100,4,'',0,7500,,'',0,2100,4,'',0,9100,,'',0,2100,4,'',0,8000,,'',0,6100,4,'',0,12300,,'',0,2100,4,'',0,8600,,'',0,2100,4,'',0,7500,,'',0,2100,4,'',0,5600,,'',0,2100,4,'',0,10900,,'',0,2100,4,'',0,9600,,'',0,6100,4,'',0
'536',5301,73000,,'',0,2100,4,'',0,7500,,'',0,2100,4,'',0,9100,,'',0,2100,4,'',0,8000,,'',0,6100,4,'',0,12300,,'',0,2100,4,'',0,8600,,'',0,2100,4,'',0,7500,,'',0,2100,4,'',0,5600,,'',0,2100,4,'',0,10900,,'',0,2100,4,'',0,9600,,'',0,6100,4,'',0
'537',5301,73000,,'',0,2100,4,'',0,7500,,'',0,2100,4,'',0,9100,,'',0,2100,4,'',0,8000,,'',0,6100,4,'',0,12300,,'',0,2100,4,'',0,8600,,'',0,2100,4,'',0,7500,,'',0,2100,4,'',0,5600,,'',0,2100,4,'',0,10900,,'',0,2100,4,'',0,9600,,'',0,6100,4,'',0
'538',5301,73000,,'',0,2100,4,'',0,7500,,'',0,2100,4,'',0,8700,,'',0,2100,4,'',0,7400,,'',0,2100,4,'',0,17500,,'',0,2100,4,'',0,8400,,'',0,2100,4,'',0,7500,,'',0,2100,4,'',0,8300,,'',0,2100,4,'',0,9200,,'',0,6100,4,'',0,3400,,'',0,2100,4,'',0
'539',5301,73000,,'',0,2100,4,'',0,7500,,'',0,2100,4,'',0,9100,,'',0,2100,4,'',0,8000,,'',0,6100,4,'',0,12300,,'',0,2100,4,'',0,8600,,'',0,2100,4,'',0,7500,,'',0,2100,4,'',0,5600,,'',0,2100,4,'',0,10900,,'',0,2100,4,'',0,9600,,'',0,6100,4,'',0
'540',5301,73000,,'',0,2100,4,'',0,7500,,'',0,2100,4,'',0,9100,,'',0,2100,4,'',0,8000,,'',0,6100,4,'',0,12300,,'',0,2100,4,'',0,8600,,'',0,2100,4,'',0,7500,,'',0,2100,4,'',0,5600,,'',0,2100,4,'',0,10900,,'',0,2100,4,'',0,9600,,'',0,6100,4,'',0
'541',5301,73000,,'',0,2100,4,'',0,7500,,'',0,2100,4,'',0,9100,,'',0,2100,4,'',0,8000,,'',0,6100,4,'',0,12300,,'',0,2100,4,'',0,8600,,'',0,2100,4,'',0,7500,,'',0,2100,4,'',0,5600,,'',0,2100,4,'',0,10900,,'',0,2100,4,'',0,9600,,'',0,6100,4,'',0
'542',5301,73000,,'',0,2100,4,'',0,7500,,'',0,2100,4,'',0,9100,,'',0,2100,4,'',0,8000,,'',0,6100,4,'',0,12300,,'',0,2100,4,'',0,8600,,'',0,2100,4,'',0,7500,,'',0,2100,4,'',0,5600,,'',0,2100,4,'',0,10900,,'',0,2100,4,'',0,9600,,'',0,6100,4,'',0
'543',5301,73000,,'',0,2100,4,'',0,7500,,'',0,2100,4,'',0,9100,,'',0,2100,4,'',0,8000,,'',0,6100,4,'',0,12300,,'',0,2100,4,'',0,8600,,'',0,2100,4,'',0,7500,,'',0,2100,4,'',0,5600,,'',0,2100,4,'',0,10900,,'',0,2100,4,'',0,9600,,'',0,6100,4,'',0
'544',5301,73000,,'',0,2100,4,'',0,7500,,'',0,2100,4,'',0,8700,,'',0,2100,4,'',0,7400,,'',0,2100,4,'',0,17500,,'',0,2100,4,'',0,8400,,'',0,2100,4,'',0,7500,,'',0,2100,4,'',0,8300,,'',0,2100,4,'',0,9200,,'',0,6100,4,'',0,3400,,'',0,2100,4,'',0
'546',5301,73000,,'',0,2100,4,'',0,7500,,'',0,2100,4,'',0,9100,,'',0,2100,4,'',0,8000,,'',0,6100,4,'',0,12300,,'',0,2100,4,'',0,8600,,'',0,2100,4,'',0,7500,,'',0,2100,4,'',0,5600,,'',0,2100,4,'',0,10900,,'',0,2100,4,'',0,9600,,'',0,6100,4,'',0
'534',5400,102500,4,'',0,80900,4,'',0
'534',5401,84600,,'',0,80500,,'',0
'535',5400,102500,4,'',0,80900,4,'',0
'535',5401,84600,,'',0,80500,,'',0
'536',5400,102500,4,'',0,80900,4,'',0
'536',5401,84600,,'',0,80500,,'',0
'537',5400,102500,4,'',0,80900,4,'',0
'537',5401,84600,,'',0,80500,,'',0
'538',5400,103100,4,'',0,80300,4,'',0
'538',5401,84600,,'',0,80500,,'',0
'540',5400,102500,4,'',0,80900,4,'',0
'540',5401,84600,,'',0,80500,,'',0
'541',5400,102500,4,'',0,80900,4,'',0
'541',5401,84600,,'',0,80500,,'',0
'542',5400,102500,4,'',0,80900,4,'',0
'542',5401,84600,,'',0,80500,,'',0
'543',5400,102500,4,'',0,80900,4,'',0
'543',5401,84600,,'',0,80500,,'',0
'544',5400,103100,4,'',0,80300,4,'',0
'544',5401,84600,,'',0,80500,,'',0
