'2046',700,70000,,'',0,5200,,'',0,15000,,'',0,11000,,'',0,3500,,'',0,7500,,'',0,11000,,'',0,11000,,'',0,11000,,'',0,15000,,'',0,11000,,'',0,11000,,'',0,11000,,'',0,11000,,'',0,11000,,'',0,10000,,'',0,10000,,'',0
'2046',701,70000,4,'',0,5200,4,'',0,15000,4,'',0,11000,4,'',0,3500,4,'',0,7500,4,'',0,11000,4,'',0,11000,4,'',0,11000,4,'',0,15000,4,'',0,11000,4,'',0,11000,4,'',0,11000,4,'',0,11000,4,'',0,11000,4,'',0,10000,4,'',0,10000,4,'',0
'2287',700,63300,,'',0,1500,,'',0,7100,,'',0,10000,,'',0,9900,,'',0,12900,,'',0,11000,,'',0,15000,,'',0,11300,,'',0,11300,,'',0,8500,,'',0,2100,,'',0,7500,,'',0,3500,,'',0,10900,,'',0,7500,,'',0,11000,,'',0,11000,,'',0,10300,,'',0,9700,,'',0
'2287',701,63100,4,'',0,1500,4,'',0,7200,4,'',0,10000,4,'',0,9900,4,'',0,12900,4,'',0,11000,4,'',0,15000,4,'',0,11300,4,'',0,11400,4,'',0,8400,4,'',0,2100,4,'',0,7500,4,'',0,3500,4,'',0,10900,4,'',0,7500,4,'',0,11000,4,'',0,11000,4,'',0,10300,4,'',0,9700,4,'',0
'2330',700,73200,,'',0,9500,,'',0,10000,,'',0,11000,,'',0,11000,,'',0,11000,,'',0,15000,,'',0,11000,,'',0,11000,,'',0,11000,,'',0,11000,,'',0,11000,,'',0
'2330',701,73200,4,'',0,9500,4,'',0,10000,4,'',0,11000,4,'',0,11000,4,'',0,11000,4,'',0,15000,4,'',0,11000,4,'',0,11000,4,'',0,11000,4,'',0,11000,4,'',0,11000,4,'',0
'2332',700,182300,,'',0
'2332',701,182200,4,'',0
'2335',700,182300,,'',0
'2335',701,182200,4,'',0
