'2046',9100,75100,,'',0,7200,,'',0,11500,,'',0,11300,,'',0,16700,,'',0,11500,,'',0,9700,,'',0,10100,,'',0,17600,,'',0,10200,,'',0,4300,,'',0,8700,,'',0
'2046',9101,84900,4,'',0,8400,4,'',0,27900,4,'',0,11600,4,'',0,9300,4,'',0,10200,4,'',0,12000,4,'',0,5900,4,'',0,10100,4,'',0,3500,4,'',0,9000,4,'',0,13000,4,'',0
'2048',9100,61600,,'',0,1900,,'',0,9500,,'',0,11100,,'',0,16600,,'',0,13500,,'',0,10100,,'',0,8800,,'',0,9200,,'',0,9300,,'',0,4300,,'',0,15000,,'',0,3800,,'',0,7500,,'',0,13300,,'',0
'2048',9101,72300,4,'',0,20800,4,'',0,6900,4,'',0,13300,4,'',0,10300,4,'',0,8800,4,'',0,9200,4,'',0,9100,4,'',0,4500,4,'',0,19000,4,'',0,7200,4,'',0,3000,4,'',0,9900,4,'',0,17700,4,'',0,12800,4,'',0,9600,4,'',0
'2050',9100,104800,,'',0,80400,,'',0
'2050',9101,82900,4,'',0,81400,4,'',0
'2060',9100,104800,,'',0,80400,,'',0
'2060',9101,82900,4,'',0,81400,4,'',0
'2330',9100,82400,,'',0,17700,,'',0,22000,,'',0,30000,,'',0,22100,,'',0,19300,,'',0,11400,,'',0
'2330',9101,95500,4,'',0,26000,4,'',0,30000,4,'',0,22100,4,'',0,19300,4,'',0,11400,4,'',0
'2046',9701,75400,,'',0,6800,4,'',0,2800,,'',0,6800,4,'',0,4000,,'',0,6800,4,'',0,2700,,'',0,6800,4,'',0,2600,,'',0,6800,4,'',0,3400,,'',0,6800,4,'',0,3700,,'',0,6800,4,'',0,2800,,'',0,6800,4,'',0,3600,,'',0,6800,4,'',0,8500,,'',0,2800,4,'',0,6700,,'',0,2800,4,'',0
'2048',9701,75400,,'',0,6800,4,'',0,2800,,'',0,6800,4,'',0,8900,,'',0,2800,4,'',0,6800,,'',0,2800,4,'',0,2000,,'',0,6800,4,'',0,2800,,'',0,6800,4,'',0,3900,,'',0,6800,4,'',0,10500,,'',0,2800,4,'',0,400,,'',0,6800,4,'',0,3000,,'',0,6800,4,'',0,8900,,'',0,2800,4,'',0
'2046',9801,73000,,'',0,2100,4,'',0,7500,,'',0,2100,4,'',0,8700,,'',0,2100,4,'',0,7400,,'',0,2100,4,'',0,17500,,'',0,2100,4,'',0,8400,,'',0,2100,4,'',0,7500,,'',0,2100,4,'',0,8300,,'',0,2100,4,'',0,9200,,'',0,6100,4,'',0,3400,,'',0,2100,4,'',0
'2048',9801,73000,,'',0,2100,4,'',0,7500,,'',0,2100,4,'',0,9100,,'',0,2100,4,'',0,8000,,'',0,6100,4,'',0,12300,,'',0,2100,4,'',0,8600,,'',0,2100,4,'',0,7500,,'',0,2100,4,'',0,5600,,'',0,2100,4,'',0,10900,,'',0,2100,4,'',0,9600,,'',0,6100,4,'',0
'2046',9900,104200,4,'',0,79200,4,'',0
'2046',9901,85700,,'',0,79400,,'',0
'2050',9900,103200,4,'',0,80800,4,'',0
'2050',9901,84600,,'',0,80500,,'',0
