'512',50500,72900,,'',0,9500,,'',0,10000,,'',0,11000,,'',0,11000,,'',0,11000,,'',0,16100,,'',0,11000,,'',0,11000,,'',0,11000,,'',0,11000,,'',0,15000,,'',0
'512',50501,72900,4,'',0,9400,4,'',0,10000,4,'',0,11000,4,'',0,11000,4,'',0,11000,4,'',0,16000,4,'',0,11000,4,'',0,11100,4,'',0,11000,4,'',0,11000,4,'',0,15000,4,'',0
'513',50500,63000,,'',0,8400,,'',0,10000,,'',0,9900,,'',0,13000,,'',0,11000,,'',0,15000,,'',0,12300,,'',0,11000,,'',0,8800,,'',0,9600,,'',0,10900,,'',0,11000,,'',0,10900,,'',0,11000,,'',0,14300,,'',0
'513',50501,63000,4,'',0,8400,4,'',0,10000,4,'',0,9900,4,'',0,13000,4,'',0,11000,4,'',0,15000,4,'',0,12300,4,'',0,11000,4,'',0,8800,4,'',0,9600,4,'',0,10900,4,'',0,11000,4,'',0,10900,4,'',0,11000,4,'',0,14300,4,'',0
'514',50500,63000,,'',0,8400,,'',0,10000,,'',0,9900,,'',0,13000,,'',0,11000,,'',0,15000,,'',0,12300,,'',0,11000,,'',0,8800,,'',0,9600,,'',0,10900,,'',0,11000,,'',0,10900,,'',0,11000,,'',0,14300,,'',0
'514',50501,63000,4,'',0,8400,4,'',0,10000,4,'',0,9900,4,'',0,13000,4,'',0,11000,4,'',0,15000,4,'',0,12300,4,'',0,11000,4,'',0,8800,4,'',0,9600,4,'',0,10900,4,'',0,11000,4,'',0,10900,4,'',0,11000,4,'',0,14300,4,'',0
'515',50500,63000,,'',0,8400,,'',0,10000,,'',0,9900,,'',0,13000,,'',0,11000,,'',0,15000,,'',0,12300,,'',0,11000,,'',0,8800,,'',0,9600,,'',0,10900,,'',0,11000,,'',0,10900,,'',0,11000,,'',0,14300,,'',0
'515',50501,63000,4,'',0,8400,4,'',0,10000,4,'',0,9900,4,'',0,13000,4,'',0,11000,4,'',0,15000,4,'',0,12300,4,'',0,11000,4,'',0,8800,4,'',0,9600,4,'',0,10900,4,'',0,11000,4,'',0,10900,4,'',0,11000,4,'',0,14300,4,'',0
'516',50500,63000,,'',0,8400,,'',0,10000,,'',0,9900,,'',0,13000,,'',0,11000,,'',0,15000,,'',0,12300,,'',0,11000,,'',0,8800,,'',0,9600,,'',0,10900,,'',0,11000,,'',0,10900,,'',0,11000,,'',0,14300,,'',0
'516',50501,63000,4,'',0,8400,4,'',0,10000,4,'',0,9900,4,'',0,13000,4,'',0,11000,4,'',0,15000,4,'',0,12300,4,'',0,11000,4,'',0,8800,4,'',0,9600,4,'',0,10900,4,'',0,11000,4,'',0,10900,4,'',0,11000,4,'',0,14300,4,'',0
'517',50500,63000,,'',0,8400,,'',0,10000,,'',0,9900,,'',0,13000,,'',0,11000,,'',0,15000,,'',0,12300,,'',0,11000,,'',0,8800,,'',0,9600,,'',0,10900,,'',0,11000,,'',0,10900,,'',0,11000,,'',0,14300,,'',0
'517',50501,63000,4,'',0,8400,4,'',0,10000,4,'',0,9900,4,'',0,13000,4,'',0,11000,4,'',0,15000,4,'',0,12300,4,'',0,11000,4,'',0,8800,4,'',0,9600,4,'',0,10900,4,'',0,11000,4,'',0,10900,4,'',0,11000,4,'',0,14300,4,'',0
'518',50500,65500,,'',0,9200,,'',0,11000,,'',0,18500,,'',0,7500,,'',0,11000,,'',0,11000,,'',0,12200,,'',0,15000,,'',0,11000,,'',0,11000,,'',0,11000,,'',0,11000,,'',0,11000,,'',0
'518',50501,65500,4,'',0,9000,4,'',0,11000,4,'',0,18500,4,'',0,7500,4,'',0,11000,4,'',0,11100,4,'',0,12200,4,'',0,15000,4,'',0,11000,4,'',0,11000,4,'',0,11000,4,'',0,11000,4,'',0,11000,4,'',0
