'491',3900,73400,,'',0,8600,,'',0,11000,,'',0,11000,,'',0,11000,,'',0,15000,,'',0,11000,,'',0,11000,,'',0,11000,,'',0,11000,,'',0,11000,,'',0,15000,0,'Westwood',0
'491',3901,82000,4,'',0,11000,4,'',0,11000,4,'',0,11000,4,'',0,15000,4,'',0,11000,4,'',0,11000,4,'',0,11000,4,'',0,11000,4,'',0,11000,4,'',0,15000,4,'',0
'492',3900,63300,,'',0,8800,,'',0,8500,,'',0,2500,,'',0,11000,,'',0,11000,,'',0,15000,,'',0,11000,,'',0,11000,,'',0,10800,0,'Westwood',0,200,,'',0,11000,,'',0,11000,,'',0,15000,,'',0,3500,,'',0,10900,,'',0,11000,,'',0,10000,,'',0,14800,0,'Westwood',0
'492',3901,72100,4,'',0,8500,4,'',0,2500,4,'',0,11000,4,'',0,11000,4,'',0,15000,4,'',0,11000,4,'',0,11000,4,'',0,10800,4,'',0,200,4,'',0,11000,4,'',0,11000,4,'',0,15000,4,'',0,3500,4,'',0,10900,4,'',0,11000,4,'',0,10000,4,'',0,14800,4,'',0
'493',3900,63300,,'',0,8800,,'',0,8500,,'',0,2500,,'',0,11000,,'',0,11000,,'',0,15000,,'',0,11000,,'',0,11000,,'',0,10800,0,'Westwood',0,200,,'',0,11000,,'',0,11000,,'',0,15000,,'',0,3500,,'',0,10900,,'',0,11000,,'',0,10000,,'',0,14800,0,'Westwood',0
'493',3901,72100,4,'',0,8500,4,'',0,2500,4,'',0,11000,4,'',0,11000,4,'',0,15000,4,'',0,11000,4,'',0,11000,4,'',0,10800,4,'',0,200,4,'',0,11000,4,'',0,11000,4,'',0,15000,4,'',0,3500,4,'',0,10900,4,'',0,11000,4,'',0,10000,4,'',0,14800,4,'',0
'494',3900,63300,,'',0,8800,,'',0,8500,,'',0,2500,,'',0,11000,,'',0,11000,,'',0,15000,,'',0,11000,,'',0,11000,,'',0,10800,0,'Westwood',0,200,,'',0,11000,,'',0,11000,,'',0,15000,,'',0,3500,,'',0,10900,,'',0,11000,,'',0,10000,,'',0,14800,0,'Westwood',0
'494',3901,72100,4,'',0,8500,4,'',0,2500,4,'',0,11000,4,'',0,11000,4,'',0,15000,4,'',0,11000,4,'',0,11000,4,'',0,10800,4,'',0,200,4,'',0,11000,4,'',0,11000,4,'',0,15000,4,'',0,3500,4,'',0,10900,4,'',0,11000,4,'',0,10000,4,'',0,14800,4,'',0
'495',3900,63300,,'',0,8800,,'',0,8500,,'',0,2500,,'',0,11000,,'',0,11000,,'',0,15000,,'',0,11000,,'',0,11000,,'',0,10800,0,'Westwood',0,200,,'',0,11000,,'',0,11000,,'',0,15000,,'',0,3500,,'',0,10900,,'',0,11000,,'',0,10000,,'',0,14800,0,'Westwood',0
'495',3901,72100,4,'',0,8500,4,'',0,2500,4,'',0,11000,4,'',0,11000,4,'',0,15000,4,'',0,11000,4,'',0,11000,4,'',0,10800,4,'',0,200,4,'',0,11000,4,'',0,11000,4,'',0,15000,4,'',0,3500,4,'',0,10900,4,'',0,11000,4,'',0,10000,4,'',0,14800,4,'',0
'496',3900,63300,,'',0,8800,,'',0,8500,,'',0,2500,,'',0,11000,,'',0,11000,,'',0,15000,,'',0,11000,,'',0,11000,,'',0,10800,0,'Westwood',0,200,,'',0,11000,,'',0,11000,,'',0,15000,,'',0,3500,,'',0,10900,,'',0,11000,,'',0,10000,,'',0,14800,0,'Westwood',0
'496',3901,72100,4,'',0,8500,4,'',0,2500,4,'',0,11000,4,'',0,11000,4,'',0,15000,4,'',0,11000,4,'',0,11000,4,'',0,10800,4,'',0,200,4,'',0,11000,4,'',0,11000,4,'',0,15000,4,'',0,3500,4,'',0,10900,4,'',0,11000,4,'',0,10000,4,'',0,14800,4,'',0
'497',3900,70500,,'',0,5000,,'',0,8300,,'',0,10200,,'',0,11000,,'',0,15000,,'',0,11000,,'',0,11000,,'',0,11000,,'',0,11000,,'',0,11000,,'',0,9800,,'',0,8700,,'',0,11000,,'',0,11000,,'',0,10000,,'',0,14800,0,'Westwood',0
'497',3901,75500,4,'',0,18500,4,'',0,11000,4,'',0,15000,4,'',0,11000,4,'',0,11000,4,'',0,11000,4,'',0,11000,4,'',0,11000,4,'',0,9800,4,'',0,8700,4,'',0,11000,4,'',0,11000,4,'',0,10000,4,'',0,14800,4,'',0
