'533',3801,82700,4,'',0,11000,4,'',0,11000,4,'',0,11000,4,'',0,15000,4,'',0,11000,4,'',0,11000,4,'',0,11000,4,'',0,11000,4,'',0,11000,4,'',0,14800,4,'',0
'534',3801,72700,4,'',0,7500,4,'',0,1700,4,'',0,1800,4,'',0,1800,4,'',0,5800,4,'',0,1900,4,'',0,1800,4,'',0,7500,4,'',0,7500,4,'',0,3500,4,'',0,7500,4,'',0,3600,4,'',0,7400,4,'',0,3700,4,'',0,7300,4,'',0,7500,4,'',0,3500,4,'',0,8000,4,'',0,3000,4,'',0,7600,4,'',0,7400,4,'',0,3500,4,'',0,7300,4,'',0,3100,4,'',0,11000,4,'',0,11000,4,'',0,10000,4,'',0,10000,4,'',0
'535',3801,72700,4,'',0,7500,4,'',0,1700,4,'',0,1800,4,'',0,1800,4,'',0,5800,4,'',0,1900,4,'',0,1800,4,'',0,7500,4,'',0,7500,4,'',0,3500,4,'',0,7500,4,'',0,3600,4,'',0,7400,4,'',0,3700,4,'',0,7300,4,'',0,7500,4,'',0,3500,4,'',0,8000,4,'',0,3000,4,'',0,7600,4,'',0,7400,4,'',0,3500,4,'',0,7300,4,'',0,3100,4,'',0,11000,4,'',0,11000,4,'',0,10000,4,'',0,10000,4,'',0
'536',3801,72700,4,'',0,7500,4,'',0,1700,4,'',0,1800,4,'',0,1800,4,'',0,5800,4,'',0,1900,4,'',0,1800,4,'',0,7500,4,'',0,7500,4,'',0,3500,4,'',0,7500,4,'',0,3600,4,'',0,7400,4,'',0,3700,4,'',0,7300,4,'',0,7500,4,'',0,3500,4,'',0,8000,4,'',0,3000,4,'',0,7600,4,'',0,7400,4,'',0,3500,4,'',0,7300,4,'',0,3100,4,'',0,11000,4,'',0,11000,4,'',0,10000,4,'',0,10000,4,'',0
'537',3801,72700,4,'',0,7500,4,'',0,1700,4,'',0,1800,4,'',0,1800,4,'',0,5800,4,'',0,1900,4,'',0,1800,4,'',0,7500,4,'',0,7500,4,'',0,3500,4,'',0,7500,4,'',0,3600,4,'',0,7400,4,'',0,3700,4,'',0,7300,4,'',0,7500,4,'',0,3500,4,'',0,8000,4,'',0,3000,4,'',0,7600,4,'',0,7400,4,'',0,3500,4,'',0,7300,4,'',0,3100,4,'',0,11000,4,'',0,11000,4,'',0,10000,4,'',0,10000,4,'',0
'538',3801,80200,4,'',0,11000,4,'',0,3600,4,'',0,7500,4,'',0,3500,4,'',0,7500,4,'',0,7500,4,'',0,3500,4,'',0,7500,4,'',0,3500,4,'',0,7500,4,'',0,7500,4,'',0,3500,4,'',0,7500,4,'',0,3500,4,'',0,7500,4,'',0,3500,4,'',0,7500,4,'',0,7500,4,'',0,3100,4,'',0,10900,4,'',0,11000,4,'',0,10000,4,'',0,10000,4,'',0
'539',3801,72700,4,'',0,7500,4,'',0,1700,4,'',0,1800,4,'',0,1800,4,'',0,5800,4,'',0,1900,4,'',0,1800,4,'',0,7500,4,'',0,7500,4,'',0,3500,4,'',0,7500,4,'',0,3600,4,'',0,7400,4,'',0,3700,4,'',0,7300,4,'',0,7500,4,'',0,3500,4,'',0,8000,4,'',0,3000,4,'',0,7600,4,'',0,7400,4,'',0,3500,4,'',0,7300,4,'',0,3100,4,'',0,11000,4,'',0,11000,4,'',0,10000,4,'',0,10000,4,'',0
'540',3801,72700,4,'',0,7500,4,'',0,1700,4,'',0,1800,4,'',0,1800,4,'',0,5800,4,'',0,1900,4,'',0,1800,4,'',0,7500,4,'',0,7500,4,'',0,3500,4,'',0,7500,4,'',0,3600,4,'',0,7400,4,'',0,3700,4,'',0,7300,4,'',0,7500,4,'',0,3500,4,'',0,8000,4,'',0,3000,4,'',0,7600,4,'',0,7400,4,'',0,3500,4,'',0,7300,4,'',0,3100,4,'',0,11000,4,'',0,11000,4,'',0,10000,4,'',0,10000,4,'',0
'541',3801,72700,4,'',0,7500,4,'',0,1700,4,'',0,1800,4,'',0,1800,4,'',0,5800,4,'',0,1900,4,'',0,1800,4,'',0,7500,4,'',0,7500,4,'',0,3500,4,'',0,7500,4,'',0,3600,4,'',0,7400,4,'',0,3700,4,'',0,7300,4,'',0,7500,4,'',0,3500,4,'',0,8000,4,'',0,3000,4,'',0,7600,4,'',0,7400,4,'',0,3500,4,'',0,7300,4,'',0,3100,4,'',0,11000,4,'',0,11000,4,'',0,10000,4,'',0,10000,4,'',0
'542',3801,72700,4,'',0,7500,4,'',0,1700,4,'',0,1800,4,'',0,1800,4,'',0,5800,4,'',0,1900,4,'',0,1800,4,'',0,7500,4,'',0,7500,4,'',0,3500,4,'',0,7500,4,'',0,3600,4,'',0,7400,4,'',0,3700,4,'',0,7300,4,'',0,7500,4,'',0,3500,4,'',0,8000,4,'',0,3000,4,'',0,7600,4,'',0,7400,4,'',0,3500,4,'',0,7300,4,'',0,3100,4,'',0,11000,4,'',0,11000,4,'',0,10000,4,'',0,10000,4,'',0
'543',3801,72700,4,'',0,7500,4,'',0,1700,4,'',0,1800,4,'',0,1800,4,'',0,5800,4,'',0,1900,4,'',0,1800,4,'',0,7500,4,'',0,7500,4,'',0,3500,4,'',0,7500,4,'',0,3600,4,'',0,7400,4,'',0,3700,4,'',0,7300,4,'',0,7500,4,'',0,3500,4,'',0,8000,4,'',0,3000,4,'',0,7600,4,'',0,7400,4,'',0,3500,4,'',0,7300,4,'',0,3100,4,'',0,11000,4,'',0,11000,4,'',0,10000,4,'',0,10000,4,'',0
'544',3801,80200,4,'',0,11000,4,'',0,3600,4,'',0,7500,4,'',0,3500,4,'',0,7500,4,'',0,7500,4,'',0,3500,4,'',0,7500,4,'',0,3500,4,'',0,7500,4,'',0,7500,4,'',0,3500,4,'',0,7500,4,'',0,3500,4,'',0,7500,4,'',0,3500,4,'',0,7500,4,'',0,7500,4,'',0,3100,4,'',0,10900,4,'',0,11000,4,'',0,10000,4,'',0,10000,4,'',0
'545',3801,82700,4,'',0,11000,4,'',0,11000,4,'',0,11000,4,'',0,15000,4,'',0,11000,4,'',0,11000,4,'',0,11000,4,'',0,11000,4,'',0,11000,4,'',0,14800,4,'',0
'546',3801,72700,4,'',0,7500,4,'',0,1700,4,'',0,1800,4,'',0,1800,4,'',0,5800,4,'',0,1900,4,'',0,1800,4,'',0,7500,4,'',0,7500,4,'',0,3500,4,'',0,7500,4,'',0,3600,4,'',0,7400,4,'',0,3700,4,'',0,7300,4,'',0,7500,4,'',0,3500,4,'',0,8000,4,'',0,3000,4,'',0,7600,4,'',0,7400,4,'',0,3500,4,'',0,7300,4,'',0,3100,4,'',0,11000,4,'',0,11000,4,'',0,10000,4,'',0,10000,4,'',0
'533',4400,73000,,'',0,22100,,'',0,26000,,'',0,22000,,'',0,37000,,'',0
'534',4400,70000,4,'',0,3300,4,'',0,1800,4,'',0,76600,,'',0,33000,,'',0,11000,,'',0,25100,,'',0
'535',4400,70000,4,'',0,3300,4,'',0,1800,4,'',0,76600,,'',0,33000,,'',0,11000,,'',0,25100,,'',0
'536',4400,70000,4,'',0,3300,4,'',0,1800,4,'',0,76600,,'',0,33000,,'',0,11000,,'',0,25100,,'',0
'537',4400,70000,4,'',0,3300,4,'',0,1800,4,'',0,76600,,'',0,33000,,'',0,11000,,'',0,25100,,'',0
'538',4400,184900,,'',0,26000,,'',0
'539',4400,70000,4,'',0,3300,4,'',0,1800,4,'',0,76600,,'',0,33000,,'',0,11000,,'',0,25100,,'',0
'540',4400,70000,4,'',0,3300,4,'',0,1800,4,'',0,76600,,'',0,33000,,'',0,11000,,'',0,25100,,'',0
'541',4400,70000,4,'',0,3300,4,'',0,1800,4,'',0,76600,,'',0,33000,,'',0,11000,,'',0,25100,,'',0
'542',4400,70000,4,'',0,3300,4,'',0,1800,4,'',0,76600,,'',0,33000,,'',0,11000,,'',0,25100,,'',0
'543',4400,70000,4,'',0,3300,4,'',0,1800,4,'',0,76600,,'',0,33000,,'',0,11000,,'',0,25100,,'',0
'544',4400,184900,,'',0,26000,,'',0
'545',4400,73000,,'',0,22100,,'',0,26000,,'',0,22000,,'',0,37000,,'',0
'546',4400,70000,4,'',0,3300,4,'',0,1800,4,'',0,76600,,'',0,33000,,'',0,11000,,'',0,25100,,'',0
'533',4500,80900,,'',0,22000,,'',0,22000,,'',0,26000,,'',0,23000,,'',0
'534',4500,80900,,'',0,22000,,'',0,22000,,'',0,26000,,'',0,23000,,'',0
'535',4500,80900,,'',0,22000,,'',0,22000,,'',0,26000,,'',0,23000,,'',0
'536',4500,80900,,'',0,22000,,'',0,22000,,'',0,26000,,'',0,23000,,'',0
'537',4500,80900,,'',0,22000,,'',0,22000,,'',0,26000,,'',0,23000,,'',0
'538',4500,80900,,'',0,22000,,'',0,22000,,'',0,26000,,'',0,23000,,'',0
'539',4500,80900,,'',0,22000,,'',0,22000,,'',0,26000,,'',0,23000,,'',0
'540',4500,75400,,'',0,25500,,'',0,22000,,'',0,22000,,'',0,28000,,'',0
'541',4500,75400,,'',0,25500,,'',0,22000,,'',0,22000,,'',0,28000,,'',0
'542',4500,75400,,'',0,25500,,'',0,22000,,'',0,22000,,'',0,28000,,'',0
'543',4500,75400,,'',0,25500,,'',0,22000,,'',0,22000,,'',0,28000,,'',0
'544',4500,75900,,'',0,25000,,'',0,22100,,'',0,21900,,'',0,27500,,'',0
'545',4500,74900,,'',0,26000,,'',0,22000,,'',0,22000,,'',0,27500,,'',0
'546',4500,75400,,'',0,25500,,'',0,22000,,'',0,22000,,'',0,28000,,'',0
'533',4800,85200,,'',0,14900,,'',0,11100,,'',0,11000,,'',0,11000,,'',0,11000,,'',0,11000,,'',0,15000,,'',0,11000,,'',0,11000,,'',0
'534',4800,64000,,'',0,8500,,'',0,1800,,'',0,10100,,'',0,6800,,'',0,9800,,'',0,10900,,'',0,11100,,'',0,11000,,'',0,11000,,'',0,8800,,'',0,6200,,'',0,3500,,'',0,7500,,'',0,3600,,'',0,7500,,'',0,3700,,'',0,15000,,'',0,11000,,'',0,10300,,'',0,9700,,'',0
'535',4800,64000,,'',0,8500,,'',0,1800,,'',0,10100,,'',0,6800,,'',0,9800,,'',0,10900,,'',0,11100,,'',0,11000,,'',0,11000,,'',0,8800,,'',0,6200,,'',0,3500,,'',0,7500,,'',0,3600,,'',0,7500,,'',0,3700,,'',0,15000,,'',0,11000,,'',0,10300,,'',0,9700,,'',0
'536',4800,64000,,'',0,8500,,'',0,1800,,'',0,10100,,'',0,6800,,'',0,9800,,'',0,10900,,'',0,11100,,'',0,11000,,'',0,11000,,'',0,8800,,'',0,6200,,'',0,3500,,'',0,7500,,'',0,3600,,'',0,7500,,'',0,3700,,'',0,15000,,'',0,11000,,'',0,10300,,'',0,9700,,'',0
'537',4800,64000,,'',0,8500,,'',0,1800,,'',0,10100,,'',0,6800,,'',0,9800,,'',0,10900,,'',0,11100,,'',0,11000,,'',0,11000,,'',0,8800,,'',0,6200,,'',0,3500,,'',0,7500,,'',0,3600,,'',0,7500,,'',0,3700,,'',0,15000,,'',0,11000,,'',0,10300,,'',0,9700,,'',0
'538',4800,71900,,'',0,11000,,'',0,11000,,'',0,7500,,'',0,3500,,'',0,10900,,'',0,15000,,'',0,11000,,'',0,11000,,'',0,11000,,'',0,11000,,'',0,11000,,'',0,15000,,'',0,11000,,'',0,10000,,'',0,10100,,'',0
'539',4800,64000,,'',0,8500,,'',0,1800,,'',0,10100,,'',0,6800,,'',0,9800,,'',0,10900,,'',0,11100,,'',0,11000,,'',0,11000,,'',0,8800,,'',0,6200,,'',0,3500,,'',0,7500,,'',0,3600,,'',0,7500,,'',0,3700,,'',0,15000,,'',0,11000,,'',0,10300,,'',0,9700,,'',0
'540',4800,64000,,'',0,8500,,'',0,1800,,'',0,10100,,'',0,6800,,'',0,9800,,'',0,10900,,'',0,11100,,'',0,11000,,'',0,11000,,'',0,8800,,'',0,6200,,'',0,3500,,'',0,7500,,'',0,3600,,'',0,7500,,'',0,3700,,'',0,15000,,'',0,11000,,'',0,10300,,'',0,9700,,'',0
'541',4800,64000,,'',0,8500,,'',0,1800,,'',0,10100,,'',0,6800,,'',0,9800,,'',0,10900,,'',0,11100,,'',0,11000,,'',0,11000,,'',0,8800,,'',0,6200,,'',0,3500,,'',0,7500,,'',0,3600,,'',0,7500,,'',0,3700,,'',0,15000,,'',0,11000,,'',0,10300,,'',0,9700,,'',0
'542',4800,64000,,'',0,8500,,'',0,1800,,'',0,10100,,'',0,6800,,'',0,9800,,'',0,10900,,'',0,11100,,'',0,11000,,'',0,11000,,'',0,8800,,'',0,6200,,'',0,3500,,'',0,7500,,'',0,3600,,'',0,7500,,'',0,3700,,'',0,15000,,'',0,11000,,'',0,10300,,'',0,9700,,'',0
'543',4800,64000,,'',0,8500,,'',0,1800,,'',0,10100,,'',0,6800,,'',0,9800,,'',0,10900,,'',0,11100,,'',0,11000,,'',0,11000,,'',0,8800,,'',0,6200,,'',0,3500,,'',0,7500,,'',0,3600,,'',0,7500,,'',0,3700,,'',0,15000,,'',0,11000,,'',0,10300,,'',0,9700,,'',0
'544',4800,71900,,'',0,11000,,'',0,11000,,'',0,7500,,'',0,3500,,'',0,10900,,'',0,15000,,'',0,11000,,'',0,11000,,'',0,11000,,'',0,11000,,'',0,11000,,'',0,15000,,'',0,11000,,'',0,10000,,'',0,10100,,'',0
'545',4800,85200,,'',0,14900,,'',0,11100,,'',0,11000,,'',0,11000,,'',0,11000,,'',0,11000,,'',0,15000,,'',0,11000,,'',0,11000,,'',0
'546',4800,64000,,'',0,8500,,'',0,1800,,'',0,10100,,'',0,6800,,'',0,9800,,'',0,10900,,'',0,11100,,'',0,11000,,'',0,11000,,'',0,8800,,'',0,6200,,'',0,3500,,'',0,7500,,'',0,3600,,'',0,7500,,'',0,3700,,'',0,15000,,'',0,11000,,'',0,10300,,'',0,9700,,'',0
