'547',4900,75200,,'',0,9200,,'',0,9900,,'',0,8900,,'',0,8900,,'',0,10800,,'',0,9000,,'',0,9600,,'',0,9100,,'',0,5000,,'',0,10100,,'',0,15000,,'',0,5000,,'',0,9000,,'',0
'547',4901,75200,4,'',0,9200,4,'',0,9900,4,'',0,8900,4,'',0,8900,4,'',0,10800,4,'',0,9000,4,'',0,9600,4,'',0,9100,4,'',0,5000,4,'',0,10100,4,'',0,15000,4,'',0,5000,4,'',0,9000,4,'',0
'548',4900,75200,,'',0,9200,,'',0,9900,,'',0,8900,,'',0,8900,,'',0,10800,,'',0,9000,,'',0,9600,,'',0,9100,,'',0,5000,,'',0,10100,,'',0,15000,,'',0,5000,,'',0,9000,,'',0
'548',4901,75200,4,'',0,9200,4,'',0,9900,4,'',0,8900,4,'',0,8900,4,'',0,10800,4,'',0,9000,4,'',0,9600,4,'',0,9100,4,'',0,5000,4,'',0,10100,4,'',0,15000,4,'',0,5000,4,'',0,9000,4,'',0
'549',4900,75200,,'',0,9200,,'',0,9900,,'',0,8900,,'',0,8900,,'',0,10800,,'',0,9000,,'',0,9600,,'',0,9100,,'',0,5000,,'',0,10100,,'',0,15000,,'',0,5000,,'',0,9000,,'',0
'549',4901,75200,4,'',0,9200,4,'',0,9900,4,'',0,8900,4,'',0,8900,4,'',0,10800,4,'',0,9000,4,'',0,9600,4,'',0,9100,4,'',0,5000,4,'',0,10100,4,'',0,15000,4,'',0,5000,4,'',0,9000,4,'',0
'550',4900,75200,,'',0,9200,,'',0,9900,,'',0,8900,,'',0,8900,,'',0,10800,,'',0,9000,,'',0,9600,,'',0,9100,,'',0,5000,,'',0,10100,,'',0,15000,,'',0,5000,,'',0,9000,,'',0
'550',4901,75200,4,'',0,9200,4,'',0,9900,4,'',0,8900,4,'',0,8900,4,'',0,10800,4,'',0,9000,4,'',0,9600,4,'',0,9100,4,'',0,5000,4,'',0,10100,4,'',0,15000,4,'',0,5000,4,'',0,9000,4,'',0
'551',4900,75000,,'',0,9000,,'',0,11500,,'',0,8800,,'',0,9900,,'',0,8800,,'',0,10100,,'',0,9600,,'',0,9900,,'',0,8800,,'',0,8900,,'',0,9900,,'',0
'551',4901,75000,4,'',0,9000,4,'',0,11500,4,'',0,8800,4,'',0,9900,4,'',0,8800,4,'',0,10100,4,'',0,9600,4,'',0,9900,4,'',0,8800,4,'',0,8900,4,'',0,9900,4,'',0
'553',4900,75200,,'',0,9200,,'',0,9900,,'',0,8900,,'',0,8900,,'',0,10800,,'',0,9000,,'',0,9600,,'',0,9100,,'',0,5000,,'',0,10100,,'',0,15000,,'',0,5000,,'',0,9000,,'',0
'553',4901,75200,4,'',0,9200,4,'',0,9900,4,'',0,8900,4,'',0,8900,4,'',0,10800,4,'',0,9000,4,'',0,9600,4,'',0,9100,4,'',0,5000,4,'',0,10100,4,'',0,15000,4,'',0,5000,4,'',0,9000,4,'',0
'554',4900,75200,,'',0,9200,,'',0,9900,,'',0,8900,,'',0,8900,,'',0,10800,,'',0,9000,,'',0,9600,,'',0,9100,,'',0,5000,,'',0,10100,,'',0,15000,,'',0,5000,,'',0,9000,,'',0
'554',4901,75200,4,'',0,9200,4,'',0,9900,4,'',0,8900,4,'',0,8900,4,'',0,10800,4,'',0,9000,4,'',0,9600,4,'',0,9100,4,'',0,5000,4,'',0,10100,4,'',0,15000,4,'',0,5000,4,'',0,9000,4,'',0
'555',4900,75200,,'',0,9200,,'',0,9900,,'',0,8900,,'',0,8900,,'',0,10800,,'',0,9000,,'',0,9600,,'',0,9100,,'',0,5000,,'',0,10100,,'',0,15000,,'',0,5000,,'',0,9000,,'',0
'555',4901,75200,4,'',0,9200,4,'',0,9900,4,'',0,8900,4,'',0,8900,4,'',0,10800,4,'',0,9000,4,'',0,9600,4,'',0,9100,4,'',0,5000,4,'',0,10100,4,'',0,15000,4,'',0,5000,4,'',0,9000,4,'',0
'556',4900,75200,,'',0,9200,,'',0,9900,,'',0,8900,,'',0,8900,,'',0,10800,,'',0,9000,,'',0,9600,,'',0,9100,,'',0,5000,,'',0,10100,,'',0,15000,,'',0,5000,,'',0,9000,,'',0
'556',4901,75200,4,'',0,9200,4,'',0,9900,4,'',0,8900,4,'',0,8900,4,'',0,10800,4,'',0,9000,4,'',0,9600,4,'',0,9100,4,'',0,5000,4,'',0,10100,4,'',0,15000,4,'',0,5000,4,'',0,9000,4,'',0
'557',4900,75200,,'',0,9200,,'',0,9900,,'',0,8900,,'',0,8900,,'',0,10800,,'',0,9000,,'',0,9600,,'',0,9100,,'',0,5000,,'',0,10100,,'',0,15000,,'',0,5000,,'',0,9000,,'',0
'557',4901,75200,4,'',0,9200,4,'',0,9900,4,'',0,8900,4,'',0,8900,4,'',0,10800,4,'',0,9000,4,'',0,9600,4,'',0,9100,4,'',0,5000,4,'',0,10100,4,'',0,15000,4,'',0,5000,4,'',0,9000,4,'',0
'558',4900,75000,,'',0,9000,,'',0,11500,,'',0,8800,,'',0,9900,,'',0,8800,,'',0,10100,,'',0,9600,,'',0,9900,,'',0,8800,,'',0,8900,,'',0,9900,,'',0
'558',4901,75000,4,'',0,9000,4,'',0,11500,4,'',0,8800,4,'',0,9900,4,'',0,8800,4,'',0,10100,4,'',0,9600,4,'',0,9900,4,'',0,8800,4,'',0,8900,4,'',0,9900,4,'',0
'560',4900,75200,,'',0,9200,,'',0,9900,,'',0,8900,,'',0,8900,,'',0,10800,,'',0,9000,,'',0,9600,,'',0,9100,,'',0,5000,,'',0,10100,,'',0,15000,,'',0,5000,,'',0,9000,,'',0
'560',4901,75200,4,'',0,9200,4,'',0,9900,4,'',0,8900,4,'',0,8900,4,'',0,10800,4,'',0,9000,4,'',0,9600,4,'',0,9100,4,'',0,5000,4,'',0,10100,4,'',0,15000,4,'',0,5000,4,'',0,9000,4,'',0
