'2086',800,63000,,'',0,8400,,'',0,10000,,'',0,9900,,'',0,13100,,'',0,10900,,'',0,15000,,'',0,12400,,'',0,11100,,'',0,8700,,'',0,9600,,'',0,10900,,'',0,11000,,'',0,11000,,'',0,10900,,'',0
'2086',801,63000,4,'',0,8400,4,'',0,10000,4,'',0,9900,4,'',0,13100,4,'',0,10900,4,'',0,15000,4,'',0,12400,4,'',0,11000,4,'',0,8800,4,'',0,9600,4,'',0,10900,4,'',0,11000,4,'',0,11000,4,'',0,10900,4,'',0
'2091',800,72900,,'',0,9300,,'',0,10000,,'',0,11000,,'',0,11000,,'',0,11000,,'',0,16300,,'',0,11000,,'',0,11000,,'',0,11000,,'',0,11000,,'',0,15000,,'',0
'2091',801,72900,4,'',0,9300,4,'',0,10000,4,'',0,11000,4,'',0,11000,4,'',0,11000,4,'',0,16300,4,'',0,11000,4,'',0,11000,4,'',0,11000,4,'',0,11000,4,'',0,15000,4,'',0
'2675',800,65700,,'',0,9200,,'',0,10900,,'',0,18600,,'',0,7400,,'',0,11000,,'',0,11000,,'',0,16200,,'',0,11000,,'',0,11000,,'',0,10900,,'',0,11000,,'',0,11000,,'',0,11000,,'',0
'2675',801,65700,4,'',0,9200,4,'',0,10900,4,'',0,18600,4,'',0,7400,4,'',0,11000,4,'',0,11000,4,'',0,16200,4,'',0,11000,4,'',0,11000,4,'',0,10900,4,'',0,11000,4,'',0,11000,4,'',0,11000,4,'',0
'2678',800,230400,,'',0
'2678',801,230400,4,'',0
'2679',800,230400,,'',0
'2679',801,230400,4,'',0
