100,37,1,0
100,39,2,0
100,40,3,0
100,41,4,0
100,42,5,0
100,43,6,0
100,44,7,0
100,45,8,0
100,46,9,0
100,47,10,0
100,48,11,0
100,49,12,0
100,50,13,0
100,51,14,0
100,52,15,0
100,53,16,0
100,54,17,0
100,55,18,0
100,56,19,0
100,57,20,0
100,58,21,0
100,59,22,0
100,60,23,0
100,61,24,0
100,62,25,0
100,63,26,0
100,64,27,0
100,65,28,0
100,66,29,0
100,1,30,1
101,1,1,0
101,3,2,0
101,4,3,0
101,5,4,0
101,6,5,0
101,7,6,0
101,8,7,0
101,9,8,0
101,10,9,0
101,11,10,0
101,12,11,0
101,13,12,0
101,14,13,0
101,15,14,0
101,16,15,0
101,17,16,0
101,18,17,0
101,19,18,0
101,20,19,0
101,21,20,0
101,22,21,0
101,23,22,0
101,24,23,0
101,25,24,0
101,26,25,0
101,27,26,0
101,28,27,0
101,29,28,0
101,30,29,0
101,31,30,0
101,32,31,0
101,33,32,0
101,34,33,0
101,35,34,0
101,36,35,0
101,37,36,1
500,67,1,0
500,68,2,0
500,69,3,0
500,70,4,0
500,71,5,0
500,72,6,0
500,73,7,0
500,74,8,0
500,75,9,0
500,76,10,0
500,77,11,0
500,78,12,0
500,79,13,0
500,80,14,0
500,81,15,0
500,82,16,0
500,83,17,0
500,84,18,0
500,85,19,0
500,86,20,0
500,87,21,0
500,88,22,0
500,89,23,0
500,90,24,0
500,91,25,0
500,5,26,0
500,6,27,0
500,7,28,0
500,92,29,0
500,93,30,0
500,94,31,1
501,94,1,0
501,3,2,0
501,95,3,0
501,96,4,0
501,97,5,0
501,98,6,0
501,99,7,0
501,100,8,0
501,101,9,0
501,102,10,0
501,103,11,0
501,104,12,0
501,105,13,0
501,106,14,0
501,107,15,0
501,108,16,0
501,81,17,0
501,109,18,0
501,110,19,0
501,111,20,0
501,112,21,0
501,113,22,0
501,114,23,0
501,115,24,0
501,116,25,0
501,67,26,1
600,137,1,0
600,109,2,0
600,138,3,0
600,107,4,0
600,139,5,0
600,140,6,0
600,141,7,0
600,142,8,0
600,143,9,0
600,144,10,0
600,145,11,0
600,146,12,0
600,147,13,0
600,148,14,0
600,149,15,0
600,150,16,0
600,151,17,0
600,152,18,0
600,153,19,0
600,154,20,0
600,155,21,0
600,156,22,0
600,157,23,0
600,158,24,0
600,89,25,0
600,90,26,0
600,91,27,0
600,5,28,0
600,6,29,0
600,7,30,0
600,92,31,0
600,93,32,0
600,117,33,1
601,117,1,0
601,3,2,0
601,95,3,0
601,96,4,0
601,97,5,0
601,98,6,0
601,99,7,0
601,100,8,0
601,101,9,0
601,118,10,0
601,119,11,0
601,120,12,0
601,121,13,0
601,122,14,0
601,123,15,0
601,124,16,0
601,125,17,0
601,126,18,0
601,127,19,0
601,128,20,0
601,129,21,0
601,130,22,0
601,131,23,0
601,132,24,0
601,133,25,0
601,134,26,0
601,135,27,0
601,136,28,0
601,137,29,1
700,193,1,0
700,172,2,0
700,173,3,0
700,174,4,0
700,175,5,0
700,176,6,0
700,177,7,0
700,178,8,0
700,194,9,0
700,195,10,0
700,196,11,0
700,197,12,0
700,198,13,0
700,199,14,0
700,200,15,0
700,201,16,0
700,202,17,0
700,203,18,0
700,204,19,0
700,205,20,0
700,206,21,0
700,207,22,0
700,208,23,0
700,159,24,0
700,209,25,0
700,210,26,0
700,211,27,0
700,212,28,0
700,213,29,0
700,214,30,0
700,215,31,0
700,216,32,0
700,217,33,0
700,218,34,0
700,6,35,0
700,7,36,0
700,92,37,0
700,66,38,0
700,219,39,1
701,219,1,0
701,3,2,0
701,95,3,0
701,96,4,0
701,97,5,0
701,220,6,0
701,221,7,0
701,222,8,0
701,223,9,0
701,224,10,0
701,225,11,0
701,226,12,0
701,227,13,0
701,228,14,0
701,229,15,0
701,230,16,0
701,231,17,0
701,208,18,0
701,159,19,0
701,160,20,0
701,161,21,0
701,162,22,0
701,163,23,0
701,164,24,0
701,165,25,0
701,166,26,0
701,167,27,0
701,168,28,0
701,169,29,0
701,170,30,0
701,171,31,0
701,178,32,0
701,179,33,0
701,180,34,0
701,181,35,0
701,182,36,0
701,183,37,0
701,184,38,0
701,185,39,0
701,186,40,0
701,187,41,0
701,188,42,0
701,189,43,0
701,190,44,0
701,191,45,0
701,192,46,0
701,193,47,1
1100,232,1,0
1100,234,2,0
1100,235,3,0
1100,236,4,0
1100,237,5,0
1100,238,6,0
1100,239,7,0
1100,240,8,0
1100,241,9,0
1100,242,10,0
1100,243,11,1
1101,243,1,0
1101,244,2,0
1101,245,3,0
1101,246,4,0
1101,247,5,0
1101,248,6,0
1101,249,7,0
1101,250,8,0
1101,251,9,0
1101,252,10,0
1101,253,11,0
1101,254,12,0
1101,255,13,0
1101,256,14,0
1101,257,15,0
1101,258,16,0
1101,259,17,0
1101,260,18,0
1101,263,19,0
1101,264,20,0
1101,265,21,0
1101,266,22,0
1101,267,23,0
1101,268,24,0
1101,261,25,0
1101,262,26,0
1101,232,27,1
1500,232,1,0
1500,279,2,0
1500,280,3,0
1500,281,4,0
1500,282,5,0
1500,283,6,0
1500,284,7,0
1500,285,8,0
1500,286,9,0
1500,287,10,0
1500,291,11,0
1500,292,12,0
1500,293,13,0
1500,74,14,0
1500,75,15,0
1500,76,16,0
1500,77,17,0
1500,78,18,0
1500,79,19,0
1500,80,20,0
1500,269,21,1
1501,269,1,0
1501,109,2,0
1501,110,3,0
1501,111,4,0
1501,112,5,0
1501,113,6,0
1501,114,7,0
1501,115,8,0
1501,288,9,0
1501,289,10,0
1501,290,11,0
1501,270,12,0
1501,271,13,0
1501,272,14,0
1501,273,15,0
1501,274,16,0
1501,275,17,0
1501,276,18,0
1501,277,19,0
1501,278,20,0
1501,232,21,1
2000,294,1,0
2000,387,2,0
2000,388,3,0
2000,389,4,0
2000,390,5,0
2000,295,6,0
2000,296,7,0
2000,256,8,0
2000,257,9,0
2000,258,10,0
2000,263,11,0
2000,264,12,0
2000,265,13,0
2000,266,14,0
2000,267,15,0
2000,297,16,0
2000,298,17,0
2000,299,18,0
2000,300,19,0
2000,301,20,0
2000,302,21,0
2000,303,22,0
2000,304,23,0
2000,305,24,0
2000,306,25,0
2000,307,26,0
2000,308,27,0
2000,309,28,0
2000,310,29,0
2000,311,30,0
2000,312,31,0
2000,313,32,0
2000,314,33,0
2000,315,34,0
2000,316,35,0
2000,317,36,0
2000,318,37,0
2000,319,38,0
2000,320,39,0
2000,321,40,0
2000,31,41,0
2000,32,42,0
2000,33,43,0
2000,34,44,0
2000,35,45,0
2000,36,46,0
2000,322,47,0
2000,39,48,0
2000,40,49,0
2000,41,50,0
2000,42,51,0
2000,323,52,0
2000,324,53,0
2000,325,54,0
2000,326,55,0
2000,327,56,0
2000,328,57,0
2000,329,58,0
2000,53,59,0
2000,330,60,0
2000,331,61,0
2000,332,62,0
2000,333,63,0
2000,334,64,0
2000,335,65,0
2000,336,66,0
2000,337,67,0
2000,338,68,0
2000,339,69,0
2000,64,70,0
2000,65,71,0
2000,66,72,0
2000,340,73,1
2001,340,1,0
2001,3,2,0
2001,4,3,0
2001,5,4,0
2001,6,5,0
2001,7,6,0
2001,8,7,0
2001,9,8,0
2001,341,9,0
2001,342,10,0
2001,343,11,0
2001,344,12,0
2001,345,13,0
2001,346,14,0
2001,333,15,0
2001,347,16,0
2001,348,17,0
2001,349,18,0
2001,21,19,0
2001,350,20,0
2001,351,21,0
2001,352,22,0
2001,353,23,0
2001,319,24,0
2001,320,25,0
2001,321,26,0
2001,31,27,0
2001,32,28,0
2001,33,29,0
2001,34,30,0
2001,35,31,0
2001,36,32,0
2001,377,33,0
2001,39,34,0
2001,40,35,0
2001,41,36,0
2001,42,37,0
2001,323,38,0
2001,324,39,0
2001,325,40,0
2001,354,41,0
2001,355,42,0
2001,356,43,0
2001,357,44,0
2001,358,45,0
2001,359,46,0
2001,360,47,0
2001,361,48,0
2001,362,49,0
2001,363,50,0
2001,364,51,0
2001,365,52,0
2001,366,53,0
2001,367,54,0
2001,368,55,0
2001,369,56,0
2001,370,57,0
2001,371,58,0
2001,372,59,0
2001,373,60,0
2001,374,61,0
2001,375,62,0
2001,378,63,0
2001,379,64,0
2001,380,65,0
2001,381,66,0
2001,382,67,0
2001,383,68,0
2001,384,69,0
2001,385,70,0
2001,386,71,0
2001,268,72,0
2001,261,73,0
2001,262,74,0
2001,376,75,1
2500,333,1,0
2500,334,2,0
2500,335,3,0
2500,336,4,0
2500,337,5,0
2500,338,6,0
2500,339,7,0
2500,96,8,0
2500,97,9,0
2500,98,10,0
2500,93,11,0
2500,394,12,0
2500,395,13,0
2500,108,14,0
2500,396,15,0
2500,109,16,0
2500,110,17,0
2500,111,18,0
2500,112,19,0
2500,113,20,0
2500,114,21,0
2500,270,22,0
2500,271,23,0
2500,272,24,0
2500,273,25,0
2500,274,26,0
2500,275,27,0
2500,276,28,0
2500,277,29,0
2500,278,30,0
2500,232,31,1
2501,232,1,0
2501,391,2,0
2501,392,3,0
2501,393,4,0
2501,322,5,0
2501,330,6,0
2501,331,7,0
2501,332,8,0
2501,333,9,1
3000,397,1,0
3000,387,2,0
3000,279,3,0
3000,280,4,0
3000,281,5,0
3000,282,6,0
3000,283,7,0
3000,284,8,0
3000,285,9,0
3000,286,10,0
3000,398,11,0
3000,399,12,0
3000,400,13,0
3000,401,14,0
3000,402,15,0
3000,403,16,0
3000,404,17,0
3000,405,18,0
3000,393,19,0
3000,406,20,0
3000,407,21,0
3000,479,22,0
3000,480,23,0
3000,481,24,0
3000,482,25,0
3000,483,26,0
3000,484,27,0
3000,485,28,0
3000,486,29,0
3000,487,30,0
3000,488,31,0
3000,408,32,0
3000,409,33,0
3000,410,34,0
3000,411,35,0
3000,412,36,0
3000,413,37,0
3000,414,38,0
3000,415,39,0
3000,416,40,0
3000,417,41,0
3000,418,42,0
3000,419,43,0
3000,420,44,0
3000,421,45,0
3000,422,46,0
3000,423,47,0
3000,424,48,0
3000,425,49,0
3000,426,50,0
3000,427,51,0
3000,428,52,0
3000,429,53,0
3000,430,54,0
3000,431,55,0
3000,432,56,0
3000,433,57,0
3000,434,58,0
3000,435,59,0
3000,436,60,0
3000,64,61,0
3000,65,62,0
3000,66,63,0
3000,437,64,1
3001,437,1,0
3001,3,2,0
3001,95,3,0
3001,8,4,0
3001,438,5,0
3001,439,6,0
3001,440,7,0
3001,441,8,0
3001,442,9,0
3001,443,10,0
3001,444,11,0
3001,445,12,0
3001,446,13,0
3001,447,14,0
3001,448,15,0
3001,449,16,0
3001,450,17,0
3001,451,18,0
3001,452,19,0
3001,453,20,0
3001,470,21,0
3001,471,22,0
3001,472,23,0
3001,473,24,0
3001,474,25,0
3001,475,26,0
3001,476,27,0
3001,477,28,0
3001,478,29,0
3001,454,30,0
3001,455,31,0
3001,456,32,0
3001,457,33,0
3001,458,34,0
3001,459,35,0
3001,460,36,0
3001,461,37,0
3001,462,38,0
3001,463,39,0
3001,464,40,0
3001,465,41,0
3001,466,42,0
3001,391,43,0
3001,392,44,0
3001,393,45,0
3001,467,46,0
3001,407,47,0
3001,408,48,0
3001,409,49,0
3001,410,50,0
3001,468,51,0
3001,469,52,0
3001,270,53,0
3001,271,54,0
3001,272,55,0
3001,273,56,0
3001,274,57,0
3001,275,58,0
3001,276,59,0
3001,277,60,0
3001,278,61,0
3001,397,62,1
4000,294,1,0
4000,295,2,0
4000,296,3,0
4000,256,4,0
4000,257,5,0
4000,258,6,0
4000,259,7,0
4000,260,8,0
4000,489,9,0
4000,490,10,0
4000,491,11,0
4000,492,12,0
4000,493,13,0
4000,494,14,0
4000,495,15,0
4000,496,16,0
4000,497,17,0
4000,498,18,0
4000,499,19,0
4000,500,20,0
4000,501,21,0
4000,502,22,0
4000,36,23,0
4000,503,24,0
4000,407,25,0
4000,504,26,0
4000,505,27,0
4000,417,28,0
4000,418,29,0
4000,506,30,0
4000,507,31,0
4000,508,32,0
4000,509,33,0
4000,510,34,0
4000,432,35,0
4000,511,36,0
4000,512,37,0
4000,79,38,0
4000,80,39,0
4000,396,40,0
4000,513,41,0
4000,514,42,0
4000,515,43,0
4000,516,44,0
4000,517,45,0
4000,518,46,0
4000,519,47,0
4000,219,48,0
4000,3,49,0
4000,4,50,0
4000,5,51,0
4000,6,52,0
4000,7,53,0
4000,92,54,0
4000,93,55,0
4000,520,56,1
4001,520,1,0
4001,395,2,0
4001,140,3,0
4001,141,4,0
4001,134,5,0
4001,135,6,0
4001,136,7,0
4001,396,8,0
4001,109,9,0
4001,110,10,0
4001,521,11,0
4001,522,12,0
4001,443,13,0
4001,523,14,0
4001,524,15,0
4001,525,16,0
4001,526,17,0
4001,527,18,0
4001,456,19,0
4001,457,20,0
4001,528,21,0
4001,404,22,0
4001,405,23,0
4001,393,24,0
4001,529,25,0
4001,39,26,0
4001,40,27,0
4001,530,28,0
4001,531,29,0
4001,532,30,0
4001,533,31,0
4001,534,32,0
4001,535,33,0
4001,536,34,0
4001,537,35,0
4001,538,36,0
4001,539,37,0
4001,540,38,0
4001,541,39,0
4001,542,40,0
4001,543,41,0
4001,544,42,0
4001,545,43,0
4001,382,44,0
4001,383,45,0
4001,384,46,0
4001,385,47,0
4001,386,48,0
4001,376,49,1
5000,397,1,0
5000,387,2,0
5000,391,3,0
5000,392,4,0
5000,393,5,0
5000,322,6,0
5000,330,7,0
5000,331,8,0
5000,332,9,0
5000,333,10,0
5000,334,11,0
5000,335,12,0
5000,336,13,0
5000,337,14,0
5000,338,15,0
5000,339,16,0
5000,554,17,0
5000,63,18,0
5000,64,19,0
5000,65,20,0
5000,66,21,0
5000,219,22,1
5001,219,1,0
5001,3,2,0
5001,95,3,0
5001,8,4,0
5001,9,5,0
5001,546,6,0
5001,547,7,0
5001,548,8,0
5001,549,9,0
5001,550,10,0
5001,551,11,0
5001,552,12,0
5001,553,13,0
5001,277,14,0
5001,278,15,0
5001,397,16,1
9100,671,1,0
9100,672,2,0
9100,673,3,0
9100,674,4,0
9100,675,5,0
9100,676,6,0
9100,677,7,0
9100,678,8,0
9100,679,9,0
9100,680,10,0
9100,681,11,0
9100,682,12,0
9100,683,13,0
9100,684,14,0
9100,685,15,0
9100,686,16,0
9100,687,17,0
9100,688,18,0
9100,689,19,0
9100,690,20,0
9100,691,21,0
9100,692,22,0
9100,587,23,0
9100,582,24,0
9100,693,25,0
9100,694,26,0
9100,695,27,0
9100,696,28,0
9100,697,29,0
9100,698,30,0
9100,699,31,0
9100,700,32,0
9100,701,33,0
9100,702,34,0
9100,703,35,0
9100,704,36,0
9100,705,37,0
9100,706,38,0
9100,707,39,0
9100,708,40,0
9100,709,41,0
9100,710,42,0
9100,711,43,0
9100,712,44,0
9100,713,45,0
9100,714,46,0
9100,715,47,0
9100,716,48,0
9100,717,49,0
9100,718,50,0
9100,719,51,0
9100,720,52,0
9100,721,53,0
9100,722,54,0
9100,723,55,0
9100,724,56,0
9100,725,57,0
9100,729,58,0
9100,726,59,0
9100,727,60,0
9100,728,61,0
9100,386,62,0
9100,232,63,0
9100,391,64,0
9100,392,65,0
9100,393,66,0
9100,322,67,0
9100,330,68,0
9100,331,69,0
9100,332,70,0
9100,333,71,1
9101,333,1,0
9101,347,2,0
9101,348,3,0
9101,349,4,0
9101,548,5,0
9101,549,6,0
9101,550,7,0
9101,551,8,0
9101,277,9,0
9101,278,10,0
9101,232,11,0
9101,621,12,0
9101,622,13,0
9101,623,14,0
9101,624,15,0
9101,625,16,0
9101,626,17,0
9101,627,18,0
9101,628,19,0
9101,629,20,0
9101,630,21,0
9101,631,22,0
9101,632,23,0
9101,633,24,0
9101,634,25,0
9101,635,26,0
9101,636,27,0
9101,730,28,0
9101,637,29,0
9101,638,30,0
9101,639,31,0
9101,640,32,0
9101,641,33,0
9101,642,34,0
9101,615,35,0
9101,616,36,0
9101,617,37,0
9101,618,38,0
9101,619,39,0
9101,620,40,0
9101,555,41,0
9101,556,42,0
9101,610,43,0
9101,643,44,0
9101,644,45,0
9101,645,46,0
9101,646,47,0
9101,647,48,0
9101,648,49,0
9101,649,50,0
9101,650,51,0
9101,651,52,0
9101,652,53,0
9101,653,54,0
9101,654,55,0
9101,655,56,0
9101,656,57,0
9101,657,58,0
9101,731,59,0
9101,658,60,0
9101,659,61,0
9101,660,62,0
9101,661,63,0
9101,662,64,0
9101,663,65,0
9101,664,66,0
9101,665,67,0
9101,666,68,0
9101,667,69,0
9101,668,70,0
9101,669,71,0
9101,670,72,0
9101,671,73,1
9700,690,1,0
9700,749,2,0
9700,750,3,0
9700,751,4,0
9700,752,5,0
9700,753,6,0
9700,754,7,0
9700,755,8,0
9700,756,9,0
9700,757,10,0
9700,758,11,0
9700,759,12,0
9700,760,13,0
9700,761,14,0
9700,762,15,0
9700,763,16,0
9700,764,17,0
9700,765,18,0
9700,662,19,0
9700,663,20,0
9700,664,21,0
9700,665,22,0
9700,666,23,0
9700,667,24,0
9700,766,25,0
9700,671,26,1
9701,671,1,0
9701,732,2,0
9701,733,3,0
9701,734,4,0
9701,735,5,0
9701,736,6,0
9701,737,7,0
9701,738,8,0
9701,739,9,0
9701,740,10,0
9701,741,11,0
9701,742,12,0
9701,743,13,0
9701,744,14,0
9701,745,15,0
9701,746,16,0
9701,747,17,0
9701,748,18,0
9701,689,19,0
9701,690,20,1
9800,778,1,0
9800,779,2,0
9800,780,3,0
9800,781,4,0
9800,782,5,0
9800,783,6,0
9800,784,7,0
9800,793,8,0
9800,785,9,0
9800,786,10,0
9800,787,11,0
9800,788,12,0
9800,789,13,0
9800,790,14,0
9800,791,15,0
9800,792,16,0
9800,766,17,0
9800,671,18,1
9801,671,1,0
9801,672,2,0
9801,767,3,0
9801,768,4,0
9801,769,5,0
9801,770,6,0
9801,771,7,0
9801,772,8,0
9801,773,9,0
9801,774,10,0
9801,775,11,0
9801,776,12,0
9801,777,13,0
9801,778,14,1
9900,799,1,0
9900,800,2,0
9900,801,3,0
9900,802,4,0
9900,803,5,0
9900,795,6,0
9900,804,7,0
9900,667,8,0
9900,668,9,0
9900,669,10,0
9900,670,11,0
9900,671,12,1
9901,671,1,0
9901,672,2,0
9901,673,3,0
9901,674,4,0
9901,675,5,0
9901,676,6,0
9901,778,7,0
9901,779,8,0
9901,780,9,0
9901,781,10,0
9901,782,11,0
9901,783,12,0
9901,794,13,0
9901,795,14,0
9901,796,15,0
9901,797,16,0
9901,798,17,0
9901,800,18,0
9901,799,19,1
88010,555,1,0
88010,556,2,0
88010,557,3,0
88010,558,4,0
88010,559,5,0
88010,560,6,0
88010,561,7,0
88010,562,8,0
88010,563,9,0
88010,564,10,0
88010,565,11,0
88010,566,12,0
88010,567,13,0
88010,568,14,0
88010,569,15,0
88010,570,16,0
88010,571,17,0
88010,572,18,0
88010,573,19,0
88010,574,20,0
88010,575,21,0
88010,576,22,0
88010,577,23,0
88010,578,24,0
88010,579,25,0
88010,580,26,0
88010,581,27,0
88010,582,28,1
88011,582,1,0
88011,584,2,0
88011,585,3,0
88011,586,4,0
88011,587,5,0
88011,588,6,0
88011,589,7,0
88011,590,8,0
88011,591,9,0
88011,592,10,0
88011,593,11,0
88011,594,12,0
88011,595,13,0
88011,596,14,0
88011,597,15,0
88011,598,16,0
88011,599,17,0
88011,600,18,0
88011,601,19,0
88011,602,20,0
88011,603,21,0
88011,604,22,0
88011,605,23,0
88011,562,24,0
88011,606,25,0
88011,607,26,0
88011,608,27,0
88011,609,28,0
88011,610,29,0
88011,611,30,0
88011,612,31,0
88011,613,32,0
88011,614,33,0
88011,615,34,0
88011,616,35,0
88011,617,36,0
88011,618,37,0
88011,619,38,0
88011,620,39,0
88011,555,40,1
