2000,'5034',840,,2499,37,,,0,219,,2502,37,,,0,259,,2501,37,,,0,221,,2503,37,,,0,265,,2500,37,,,0
2000,'5035',627,,3758,54,,,0,110,,2517,54,,,0,107,,3759,54,,,0,66,,3749,37,,,0,110,,3750,37,,,0,110,,3751,37,,,0,117,,3752,54,,,0,103,,3753,37,,,0,78,,2509,37,,,0,110,,3754,37,,,0,74,,3755,54,,,0,119,,2512,54,,,0,104,,3756,37,,,0,187,,2514,54,,,0,201,,3757,54,,,0
2000,'5041',833,,2528,37,,,0,112,,2527,37,,,0,101,,2529,37,,,0,158,,2519,37,,,0,108,,2520,37,,,0,112,,2522,37,,,0,111,,2523,37,,,0,110,,3760,37,,,0,103,,3761,37,,,0,253,,2524,54,,,0,217,,2530,54,,,0,102,,2526,54,,,0
2500,'5034',807,,3773,19,0,5,0,210,,3774,19,0,13 14,0,215,,2567,19,0,13 14,0,515,,2568,19,0,5,0,260,,2569,19,0,13 14,0
2500,'5035',811,,2570,19,0,5,0,207,,3775,19,0,13 14,0,226,,2572,19,0,5,0,165,,3776,19,0,13 14,0,333,,2574,19,0,13 14,0
2500,'5041',807,,3777,19,0,5,0,210,,3779,19,0,13 14,0,215,,3778,19,0,13 14,0,515,,3780,19,0,5,0,260,,2575,19,0,13 14,0
1002000,'5034',735,,4180,60,,,0,219,,3344,60,,,0,250,,3343,60,,,0,233,,3348,60,,,0,217,,3345,60,,,0,277,,3346,60,,,0
1002000,'5035',651,,3349,43,,,0,149,,4181,43,,,0,104,,4182,60,,,0,40,,4183,43,,,0,111,,3353,43,,,0,150,,3354,43,,,0,110,,4184,43,,,0,193,,3356,60,,,0,137,,3357,43,,,0,113,,3358,43,,,0,152,,3359,43,,,0,413,,3360,60,,,0
1002000,'5038',2123,,3361,60,,,0
1002000,'5039',2123,,3362,60,,,0
1002000,'5040',2123,,3363,60,,,0
1002000,'5041',659,,3369,60,,,0,152,,3370,60,,,0,110,,3365,60,,,0,108,,4186,60,,,0,115,,3373,60,,,0,106,,3371,60,,,0,101,,3366,60,,,0,152,,3374,60,,,0,117,,3367,60,,,0,110,,4187,60,,,0,125,,3368,60,,,0,263,,4185,60,,,0
