2000,'5034',823,,2499,18,,,0,218,,2502,18,,,0,259,,2501,18,,,0,221,,2503,18,,,0,225,,2500,18,,,0
2000,'5035',558,,3758,18,0,9 12 2 5,0,148,,2517,18,0,9 12 2 5,0,106,,3759,18,0,9 12 2 5,0,39,,3749,18,,,0,149,,3750,18,,,0,110,,3751,18,,,0,105,,3752,18,0,9 12 2 5,0,115,,3753,18,,,0,78,,2509,18,,,0,110,,3754,18,,,0,20,,3755,18,0,9 12 2 5,0,120,,2512,18,0,9 12 2 5,0,157,,3756,18,,,0,136,,2514,18,0,9 12 2 5,0,203,,3757,18,0,9 12 2 5,0
2000,'5041',814,,2528,18,,,0,112,,2527,18,,,0,100,,2529,18,,,0,118,,2519,18,,,0,108,,2520,18,,,0,151,,2522,18,,,0,111,,2523,18,,,0,111,,3760,18,,,0,103,,3761,18,,,0,204,,2524,18,0,9 12 2 5,0,218,,2530,18,0,9 12 2 5,0,102,,2526,18,0,9 12 2 5,0
9200,'5038',1426,,4167,14,,,0,2,,3261,14,,,0
9200,'5039',1525,,4169,14,,,0,2,,4168,14,,,0
9200,'5040',1406,,4170,14,,,0,2,,3265,14,,,0
1002000,'5034',707,,4180,24,,,0,218,,3344,24,,,0,209,,3343,24,,,0,272,,3348,24,,,0,218,,3345,24,,,0,278,,3346,24,,,0
1002000,'5035',632,,3349,24,,,0,108,,4181,24,,,0,93,,4182,24,,,0,91,,4183,24,,,0,110,,3353,24,,,0,110,,3354,24,,,0,110,,4184,24,,,0,179,,3356,24,,,0,191,,3357,24,,,0,113,,3358,24,,,0,112,,3359,24,,,0,405,,3360,24,,,0
1002000,'5038',2054,,3361,24,,,0
1002000,'5039',2054,,3362,24,,,0
1002000,'5040',2054,,3363,24,,,0
1002000,'5041',631,,3369,24,,,0,112,,3370,24,,,0,110,,3365,24,,,0,147,,4186,24,,,0,114,,3373,24,,,0,106,,3371,24,,,0,100,,3366,24,,,0,112,,3374,24,,,0,118,,3367,24,,,0,150,,4187,24,,,0,125,,3368,24,,,0,225,,4185,24,,,0
