3000,'5034',726,,2603,23,,,0,117,,3794,23,,,0,106,,3793,23,,,0,107,,2606,23,,,0,154,,2597,23,,,0,110,,2599,23,,,0,110,,2605,23,,,0,109,,2600,23,,,0,110,,3792,23,,,0,110,,2598,23,,,0,150,,2604,23,,,0
3000,'5035',631,,3797,23,,,0,75,,2630,23,,,0,16,,2631,23,,,0,18,,2626,23,,,0,18,,2632,23,,,0,57,,2629,23,,,0,17,,2633,23,,,0,18,,2627,23,,,0,75,,3795,23,,,0,75,,2609,23,,,0,35,,2610,23,,,0,75,,2611,23,,,0,34,,2612,23,,,0,75,,2613,23,,,0,35,,2614,23,,,0,74,,2615,23,,,0,74,,2616,23,,,0,35,,2617,23,,,0,111,,2618,23,,,0,111,,2619,23,,,0,155,,2620,23,,,0,35,,2621,23,,,0,109,,2622,23,,,0,142,,3796,23,,,0,101,,2624,23,,,0,101,,2625,23,,,0
3000,'5036',1513,,2634,23,,,0,225,,2635,23,,,0
3000,'5037',1624,,3798,23,,,0
3000,'5039',1624,,3799,23,,,0
3000,'5040',1513,,3800,23,,,0,225,,3801,23,,,0
3000,'5041',700,,2655,23,,,0,106,,3812,23,,,0,37,,3808,23,,,0,72,,2653,23,,,0,34,,3807,23,,,0,77,,2648,23,,,0,32,,2646,23,,,0,75,,2661,23,,,0,76,,2660,23,,,0,35,,2663,23,,,0,75,,2647,23,,,0,35,,2642,23,,,0,75,,3806,23,,,0,75,,2656,23,,,0,38,,3802,23,,,0,71,,3810,23,,,0,35,,2650,23,,,0,79,,2641,23,,,0,31,,2649,23,,,0,76,,3803,23,,,0,110,,3809,23,,,0,112,,3804,23,,,0,144,,3811,23,,,0,59,,3805,23,,,0
3001,'5034',831,,2670,39,,,0,121,,3814,39,,,0,150,,2664,39,,,0,111,,3817,39,,,0,110,,3815,39,,,0,110,,2674,39,,,0,112,,3816,39,,,0,108,,2666,39,,,0,150,,2668,39,,,0,103,,3813,39,,,0,115,,2669,39,,,0
3001,'5035',654,,3823,39,,,0,86,,3822,39,,,0,79,,2698,39,,,0,18,,2700,39,,,0,16,,2697,39,,,0,58,,2701,39,,,0,17,,2675,39,,,0,74,,2676,39,,,0,35,,3818,39,,,0,75,,2678,39,,,0,35,,2679,39,,,0,76,,2680,39,,,0,35,,2682,39,,,0,75,,2683,39,,,0,76,,2684,39,,,0,36,,3819,39,,,0,76,,2685,39,,,0,37,,2686,39,,,0,147,,2687,39,,,0,34,,3820,39,,,0,74,,2689,39,,,0,34,,2690,39,,,0,75,,2691,39,,,0,35,,2693,39,,,0,148,,2694,39,,,0,197,,3821,39,,,0,100,,2695,39,,,0
3001,'5036',1632,,2702,39,,,0
3001,'5038',2205,,3824,39,,,0
3001,'5039',2205,,3825,39,,,0
3001,'5040',1632,,3826,39,,,0,573,,3827,39,,,0
3001,'5041',806,,2725,39,,,0,108,,3832,39,,,0,37,,3834,39,,,0,76,,2719,39,,,0,77,,2716,39,,,0,35,,2721,39,,,0,76,,2710,39,,,0,36,,2727,39,,,0,75,,2728,39,,,0,76,,2708,39,,,0,35,,2711,39,,,0,71,,2715,39,,,0,37,,2724,39,,,0,75,,3835,39,,,0,35,,3831,39,,,0,73,,3838,39,,,0,75,,3828,39,,,0,35,,3837,39,,,0,74,,3830,39,,,0,35,,2714,39,,,0,108,,3836,39,,,0,149,,3829,39,,,0,100,,2726,39,,,0,101,,3833,39,,,0
