800,'5034',747,,2245,27,,,0,110,,2246,27,,,0,161,,2247,27,,,0,104,,2248,27,,,0,111,,2249,27,,,0,117,,2250,27,,,0,109,,2251,27,,,0,152,,2244,27,,,0,111,,2242,27,,,0,106,,2243,27,,,0,110,,2252,27,,,0,105,,2253,27,,,0
800,'5035',614,,3651,27,,,0,131,,2255,27,,,0,103,,2258,27,,,0,153,,2263,27,,,0,115,,2254,27,,,0,125,,2262,27,,,0,115,,3648,27,,,0,157,,3647,27,,,0,229,,2259,27,,,0,113,,3650,27,,,0,154,,3649,27,,,0,114,,2265,27,,,0,111,,3652,27,,,0,118,,2267,27,,,0
800,'5038',1618,,2268,27,,,0
800,'5039',1618,,2269,27,,,0
800,'5040',1618,,2270,27,,,0
800,'5041',747,,2273,27,,,0,110,,2272,27,,,0,150,,2274,27,,,0,111,,2275,27,,,0,123,,2283,27,,,0,109,,3658,27,,,0,152,,2276,27,,,0,104,,3654,27,,,0,120,,3655,27,,,0,102,,3656,27,,,0,110,,3653,27,,,0,105,,2280,27,,,0,105,,2282,27,,,0,108,,3657,27,,,0
4000,'5034',745,,3874,45,0,5,0,157,,3884,45,0,5,0,107,,3871,45,0,5,0,35,,3887,45,0,5,0,72,,3873,45,0,5,0,85,,3869,45,0,5,0,28,,3888,45,0,5,0,75,,3882,45,0,5,0,35,,3883,45,0,5,0,75,,3878,45,0,5,0,35,,3875,45,0,5,0,73,,3877,45,0,5,0,37,,3872,45,0,5,0,75,,3880,45,0,5,0,75,,3879,45,0,5,0,35,,3886,45,0,5,0,75,,3870,45,0,5,0,35,,3881,45,0,5,0,74,,3876,45,0,5,0,75,,3885,45,0,5,0
4000,'5035',638,,3936,45,0,5,0,70,,3937,45,0,5,0,16,,3944,45,0,5,0,14,,3938,45,0,5,0,15,,3939,45,0,5,0,57,,3940,45,0,5,0,15,,3941,45,0,5,0,15,,3943,45,0,5,0,15,,3894,45,0,5,0,55,,3895,45,0,5,0,15,,3896,45,0,5,0,15,,3897,45,0,5,0,15,,3898,45,0,5,0,55,,3899,45,0,5,0,15,,3900,45,0,5,0,15,,3901,45,0,5,0,15,,3902,45,0,5,0,54,,3903,45,0,5,0,15,,3904,45,0,5,0,16,,3905,45,0,5,0,15,,3906,45,0,5,0,55,,3907,45,0,5,0,15,,3908,45,0,5,0,15,,3909,45,0,5,0,15,,3910,45,0,5,0,55,,3911,45,0,5,0,15,,3912,45,0,5,0,15,,3913,45,0,5,0,15,,3914,45,0,5,0,55,,3915,45,0,5,0,15,,3916,45,0,5,0,14,,3917,45,0,5,0,15,,3918,45,0,5,0,55,,3919,45,0,5,0,15,,3920,45,0,5,0,15,,3921,45,0,5,0,15,,3922,45,0,5,0,55,,3924,45,0,5,0,15,,3925,45,0,5,0,15,,3926,45,0,5,0,15,,3927,45,0,5,0,57,,3929,45,0,5,0,15,,3923,45,0,5,0,15,,3930,45,0,5,0,15,,3928,45,0,5,0,55,,3931,45,0,5,0,17,,3932,45,0,5,0,20,,3933,45,0,5,0,60,,3934,45,0,5,0,41,,3935,45,0,5,0,70,,3892,45,0,5,0,102,,3891,45,0,5,0,99,,3890,45,0,5,0,29,,3893,45,0,5,0,71,,3889,45,0,5,0
4000,'5037',1929,,3946,45,0,5,0,221,,3945,45,0,5,0
4000,'5038',2049,,3947,45,0,5,0
4000,'5039',1929,,3950,45,0,5,0,120,,3948,45,0,5,0,101,,3949,45,0,5,0
4000,'5040',2049,,3951,45,0,5,0
4000,'5041',720,,3971,45,0,5,0,32,,3976,45,0,5,0,74,,3964,45,0,5,0,77,,3956,45,0,5,0,33,,3972,45,0,5,0,74,,3953,45,0,5,0,37,,3969,45,0,5,0,73,,3954,45,0,5,0,35,,3960,45,0,5,0,75,,3963,45,0,5,0,76,,3952,45,0,5,0,35,,3957,45,0,5,0,75,,3961,45,0,5,0,35,,3970,45,0,5,0,75,,3975,45,0,5,0,77,,3959,45,0,5,0,32,,3965,45,0,5,0,75,,3974,45,0,5,0,39,,3973,45,0,5,0,71,,3962,45,0,5,0,36,,3966,45,0,5,0,74,,3977,45,0,5,0,75,,3955,45,0,5,0,36,,3978,45,0,5,0,75,,3967,45,0,5,0,104,,3958,45,0,5,0,99,,3968,45,0,5,0
