2500,'5034',815,,3773,27,4,,0,210,,3774,27,0,13 14,0,215,,2567,27,0,13 14,0,515,,2568,27,4,,0,260,,2569,27,0,13 14,0
2500,'5035',819,,2570,27,4,,0,207,,3775,27,0,13 14,0,226,,2572,27,4,,0,165,,3776,27,0,13 14,0,333,,2574,27,0,13 14,0
2500,'5041',815,,3777,27,4,,0,210,,3779,27,0,13 14,0,215,,3778,27,0,13 14,0,515,,3780,27,4,,0,260,,2575,27,0,13 14,0
4000,'5034',751,,3874,52,0,5,0,158,,3884,52,0,5,0,107,,3871,52,0,5,0,35,,3887,52,0,5,0,72,,3873,52,0,5,0,85,,3869,52,0,5,0,28,,3888,52,0,5,0,75,,3882,52,0,5,0,35,,3883,52,0,5,0,75,,3878,52,0,5,0,35,,3875,52,0,5,0,73,,3877,52,0,5,0,77,,3872,52,0,5,0,35,,3880,52,0,5,0,75,,3879,52,0,5,0,35,,3886,52,0,5,0,75,,3870,52,0,5,0,75,,3881,52,0,5,0,34,,3876,52,0,5,0,75,,3885,52,0,5,0
4000,'5035',644,,3936,52,0,5,0,70,,3937,52,0,5,0,16,,3944,52,0,5,0,15,,3938,52,0,5,0,55,,3939,52,0,5,0,17,,3940,52,0,5,0,15,,3941,52,0,5,0,15,,3943,52,0,5,0,55,,3894,52,0,5,0,15,,3895,52,0,5,0,15,,3896,52,0,5,0,15,,3897,52,0,5,0,55,,3898,52,0,5,0,15,,3899,52,0,5,0,15,,3900,52,0,5,0,15,,3901,52,0,5,0,55,,3902,52,0,5,0,15,,3903,52,0,5,0,15,,3904,52,0,5,0,16,,3905,52,0,5,0,55,,3906,52,0,5,0,15,,3907,52,0,5,0,15,,3908,52,0,5,0,15,,3909,52,0,5,0,55,,3910,52,0,5,0,15,,3911,52,0,5,0,15,,3912,52,0,5,0,15,,3913,52,0,5,0,55,,3914,52,0,5,0,15,,3915,52,0,5,0,15,,3916,52,0,5,0,15,,3917,52,0,5,0,55,,3918,52,0,5,0,15,,3919,52,0,5,0,15,,3920,52,0,5,0,15,,3921,52,0,5,0,55,,3922,52,0,5,0,15,,3924,52,0,5,0,15,,3925,52,0,5,0,15,,3926,52,0,5,0,55,,3927,52,0,5,0,15,,3929,52,0,5,0,15,,3923,52,0,5,0,15,,3930,52,0,5,0,55,,3928,52,0,5,0,15,,3931,52,0,5,0,17,,3932,52,0,5,0,20,,3933,52,0,5,0,60,,3934,52,0,5,0,40,,3935,52,0,5,0,70,,3892,52,0,5,0,102,,3891,52,0,5,0,99,,3890,52,0,5,0,29,,3893,52,0,5,0,71,,3889,52,0,5,0
4000,'5037',1935,,3946,52,0,5,0,221,,3945,52,0,5,0
4000,'5038',2055,,3947,52,0,5,0
4000,'5039',1935,,3950,52,0,5,0,120,,3948,52,0,5,0,101,,3949,52,0,5,0
4000,'5040',2055,,3951,52,0,5,0
4000,'5041',726,,3971,52,0,5,0,32,,3976,52,0,5,0,75,,3964,52,0,5,0,77,,3956,52,0,5,0,33,,3972,52,0,5,0,74,,3953,52,0,5,0,37,,3969,52,0,5,0,73,,3954,52,0,5,0,75,,3960,52,0,5,0,35,,3963,52,0,5,0,76,,3952,52,0,5,0,35,,3957,52,0,5,0,75,,3961,52,0,5,0,35,,3970,52,0,5,0,75,,3975,52,0,5,0,77,,3959,52,0,5,0,32,,3965,52,0,5,0,75,,3974,52,0,5,0,39,,3973,52,0,5,0,71,,3962,52,0,5,0,76,,3966,52,0,5,0,34,,3977,52,0,5,0,75,,3955,52,0,5,0,36,,3978,52,0,5,0,75,,3967,52,0,5,0,104,,3958,52,0,5,0,99,,3968,52,0,5,0
