2001,'5014',651,,6662,14,,,0,158,,6663,14,0,9 10 11,0,104,,5132,14,,,0,109,,6658,14,,,0,110,,5134,14,,,0,111,,5135,14,,,0,260,,5136,14,0,9 10 11,0,110,,5137,14,,,0,110,,5138,14,,,0,105,,6659,14,0,9 10 11,0,114,,6660,14,,,0,205,,5141,14,0,9 10 11,0,198,,6661,14,0,9 10 11,0
2001,'5015',922,,6665,14,,,0,88,,5155,14,,,0,105,,6666,14,,,0,128,,6664,14,,,0,115,,5154,14,,,0,142,,5148,14,,,0,107,,5153,14,,,0,103,,5149,14,,,0,111,,5146,14,,,0,324,,5150,14,0,9 10 11,0,199,,5147,14,0,9 10 11,0
2001,'5221',912,,5156,14,,,0,227,,5158,14,,,0,219,,5157,14,,,0,249,,5159,14,,,0,225,,5160,14,,,0
2501,'5014',836,,5176,14,,,0,216,,6670,15,,,0,257,,5178,14,,,0,135,,5179,15,,,0,372,,5180,15,,,0,225,,5181,14,,,0
2501,'5015',833,,6671,14,,,0,220,,5185,15,,,0,255,,5184,15,,,0,505,,5186,14,,,0,230,,5182,15,,,0
2501,'5221',833,,5187,14,,,0,220,,5188,15,,,0,255,,5189,15,,,0,505,,5190,14,,,0,230,,5191,15,,,0
1002001,'4623',931,,6935,14,,,0,607,,5889,14,,,0
1002001,'5014',726,,5890,14,,,0,111,,5891,14,,,0,220,,5892,14,,,0,150,,6936,14,,,0,111,,5894,14,,,0,35,,5895,14,,,0,75,,5896,14,,,0,220,,5897,14,,,0,111,,6937,14,,,0,148,,5899,14,,,0,138,,5900,14,,,0,201,,5901,14,,,0
1002001,'5015',723,,6939,14,,,0,113,,5907,14,,,0,111,,6938,14,,,0,111,,5905,14,,,0,143,,6941,14,,,0,117,,5912,14,,,0,110,,5903,14,,,0,104,,5909,14,,,0,116,,5904,14,,,0,109,,5910,14,,,0,164,,5908,14,,,0,103,,6942,14,,,0,219,,6940,14,,,0
1002001,'5221',759,,6945,14,,,0,252,,5919,14,,,0,232,,6943,14,,,0,262,,5917,14,,,0,217,,6944,14,,,0,305,,5918,14,,,0
1002001,'5222',931,,6946,14,,,0,607,,5922,14,,,0
