900,'5014',657,,6105,60,,,0,101,,4951,60,,,0,73,,4949,60,,,0,71,,4950,60,,,0,32,,6104,52,,,0,22,,4934,46,,,0,99,,4933,52,,,0,146,,4932,60,,,0,55,,4935,52,,,0,102,,4953,60,,,0,86,,4937,52,,,0,89,,4936,60,,,0,83,,4938,52,,,0,86,,6103,60,,,0,25,,4941,46,,,0,77,,4939,60,,,0,22,,4942,46,,,0,78,,4943,60,,,0,52,,4944,60,,,0,100,,4946,52,,,0,91,,4947,38,,,0,107,,4948,60,,,0
900,'5015',826,,4954,60,,,0,100,,4956,60,,,0,77,,4957,46,,,0,99,,4962,46,,,0,50,,6106,60,,,0,167,,4958,46,,,0,112,,4967,60,,,0,70,,4961,52,,,0,42,,4960,60,,,0,61,,4968,46,,,0,36,,6107,60,,,0,100,,4955,46,,,0,105,,4963,60,,,0,109,,6108,46,,,0,102,,4965,60,,,0
900,'5221',911,,4974,60,,,0,103,,4971,60,,,0,134,,4977,60,,,0,164,,4973,60,,,0,128,,4978,60,,,0,99,,4969,60,,,0,169,,4970,60,,,0,133,,4972,60,,,0,162,,6109,60,,,0,119,,4975,60,,,0
3100,'5014',649,,6204,19,,,0,95,,6205,19,,,0,111,,5318,19,,,0,90,,5319,19,,,0,109,,5320,19,,,0,100,,5321,19,,,0,100,,6206,19,,,0,100,,5323,19,,,0,100,,5324,19,,,0,98,,5325,19,,,0,102,,6207,19,,,0,101,,6208,19,,,0,104,,6209,19,,,0,100,,5329,19,,,0
3100,'5015',756,,6211,19,,,0,145,,5338,19,,,0,58,,5340,19,,,0,172,,5339,19,,,0,170,,5332,19,,,0,100,,5335,19,,,0,100,,5330,19,,,0,100,,5331,19,,,0,100,,5336,19,,,0,100,,6210,19,,,0,100,,6212,19,,,0
3100,'5221',845,,5346,19,,,0,165,,5342,19,,,0,120,,5348,19,,,0,170,,6214,19,,,0,125,,5345,19,,,0,130,,5349,19,,,0,160,,6213,19,,,0,126,,6215,19,,,0,179,,6216,19,,,0
4001,'4623',739,,6313,54,,,0,477,,6312,54,,,0
4001,'5014',706,,5497,54,,,0,108,,6332,54,,,0,30,,6331,54,,,0,72,,6323,54,,,0,28,,5480,54,,,0,69,,6324,54,,,0,30,,5481,54,,,0,70,,6325,54,,,0,31,,6326,54,,,0,105,,5484,54,,,0,70,,5485,54,,,0,30,,6327,54,,,0,71,,5487,54,,,0,31,,5488,54,,,0,70,,5489,54,,,0,30,,5490,54,,,0,69,,6328,54,,,0,30,,5491,54,,,0,68,,6329,54,,,0,28,,6333,54,,,0,69,,5495,54,,,0,29,,6330,54,,,0,70,,5496,54,,,0,36,,6322,54,,,0,70,,5476,54,,,0,29,,6321,54,,,0,69,,6317,54,,,0,30,,6320,54,,,0,70,,6316,54,,,0,26,,6319,54,,,0,69,,6315,54,,,0,30,,6318,54,,,0,70,,6314,54,,,0
4001,'5015',736,,5528,54,,,0,85,,6343,54,,,0,34,,5525,54,,,0,74,,6346,54,,,0,77,,5514,54,,,0,37,,6345,54,,,0,76,,6334,54,,,0,35,,5523,54,,,0,76,,6336,54,,,0,76,,6338,54,,,0,35,,6339,54,,,0,76,,6347,54,,,0,35,,6335,54,,,0,71,,5519,54,,,0,77,,6340,54,,,0,35,,5520,54,,,0,75,,5506,54,,,0,32,,6341,54,,,0,75,,6344,54,,,0,35,,5508,54,,,0,74,,5507,54,,,0,74,,5504,54,,,0,34,,5526,54,,,0,74,,6337,54,,,0,34,,6348,54,,,0,75,,6342,54,,,0,100,,5502,54,,,0,100,,5510,54,,,0
4001,'5221',738,,5548,54,,,0,108,,5536,54,,,0,161,,6355,54,,,0,110,,5545,54,,,0,36,,6351,54,,,0,75,,5532,54,,,0,78,,5529,54,,,0,32,,5530,54,,,0,75,,6356,54,,,0,35,,5533,54,,,0,75,,6354,54,,,0,77,,5537,54,,,0,27,,6353,54,,,0,80,,5531,54,,,0,35,,5544,54,,,0,75,,5542,54,,,0,32,,6357,54,,,0,69,,6349,54,,,0,40,,6350,54,,,0,75,,6352,54,,,0
4001,'5222',739,,6359,54,,,0,477,,6358,54,,,0
1002001,'4623',1012,,6423,67,,,0,610,,5889,67,,,0
1002001,'5014',751,,5890,50,,,0,152,,5891,50,,,0,219,,5892,50,,,0,110,,6424,50,,,0,111,,5894,50,,,0,97,,5895,67,,,0,76,,5896,67,,,0,213,,5897,67,,,0,94,,6425,50,,,0,107,,5899,50,,,0,192,,5900,67,,,0,200,,5901,67,,,0
1002001,'5015',759,,6427,67,,,0,155,,5907,67,,,0,112,,6426,67,,,0,111,,5905,67,,,0,103,,6429,67,,,0,117,,5912,67,,,0,150,,5903,67,,,0,103,,5909,67,,,0,115,,5904,67,,,0,109,,5910,67,,,0,124,,5908,67,,,0,142,,6430,67,,,0,219,,6428,67,,,0
1002001,'5221',836,,6433,67,,,0,215,,5919,67,,,0,271,,6431,67,,,0,222,,5917,67,,,0,256,,6432,67,,,0,303,,5918,67,,,0
1002001,'5222',1012,,6434,67,,,0,610,,5922,67,,,0
