4000,'4623',1227,,6742,4,,,0
4000,'5014',602,,6771,4,,,0,29,,6772,4,,,0,28,,6773,4,,,0,68,,6774,4,,,0,28,,6775,4,,,0,72,,6750,4,,,0,31,,6751,4,,,0,72,,6752,4,,,0,70,,6753,4,,,0,28,,6754,4,,,0,30,,6755,4,,,0,70,,6756,4,,,0,29,,6757,4,,,0,99,,6758,4,,,0,69,,6759,4,,,0,28,,6761,4,,,0,69,,6760,4,,,0,31,,6762,4,,,0,69,,6763,4,,,0,32,,6764,4,,,0,70,,6765,4,,,0,33,,6766,4,,,0,71,,6767,4,,,0,77,,6768,4,,,0,32,,6769,4,,,0,70,,6770,4,,,0,32,,6746,4,,,0,71,,6747,4,,,0,32,,6745,4,,,0,70,,6748,4,,,0,32,,6744,4,,,0,70,,6749,4,,,0,31,,6743,4,,,0
4000,'5015',642,,6795,4,,,0,71,,6800,4,,,0,34,,6788,4,,,0,77,,6780,4,,,0,32,,6796,4,,,0,74,,6777,4,,,0,77,,6793,4,,,0,32,,6778,4,,,0,74,,6784,4,,,0,35,,6787,4,,,0,75,,6776,4,,,0,35,,6781,4,,,0,75,,6785,4,,,0,75,,6794,4,,,0,35,,6799,4,,,0,78,,6783,4,,,0,32,,6789,4,,,0,75,,6798,4,,,0,79,,6797,4,,,0,31,,6786,4,,,0,76,,6790,4,,,0,35,,6801,4,,,0,75,,6779,4,,,0,78,,6802,4,,,0,35,,6791,4,,,0,104,,6782,4,,,0,99,,6792,4,,,0
4000,'5221',708,,6808,4,,,0,117,,6818,4,,,0,106,,6805,4,,,0,75,,6821,4,,,0,32,,6807,4,,,0,85,,6803,4,,,0,28,,6822,4,,,0,75,,6816,4,,,0,74,,6817,4,,,0,35,,6812,4,,,0,75,,6809,4,,,0,33,,6811,4,,,0,77,,6806,4,,,0,35,,6814,4,,,0,75,,6813,4,,,0,75,,6820,4,,,0,35,,6804,4,,,0,75,,6815,4,,,0,35,,6810,4,,,0,75,,6819,4,,,0
4000,'5222',1227,,6823,4,,,0
1002000,'4623',1022,,6931,4,,,0,397,,5857,4,,,0
1002000,'5014',620,,5858,4,,,0,107,,5859,4,,,0,185,,5860,4,,,0,219,,5861,4,,,0,110,,5862,4,,,0,369,,5863,4,,,0,113,,5864,4,,,0,113,,5865,4,,,0,206,,5866,4,,,0,200,,5867,4,,,0
1002000,'5015',619,,6932,4,,,0,112,,6933,4,,,0,110,,5869,4,,,0,107,,5876,4,,,0,154,,5877,4,,,0,106,,5875,4,,,0,100,,5870,4,,,0,112,,5878,4,,,0,118,,5871,4,,,0,110,,5879,4,,,0,165,,5872,4,,,0,225,,5868,4,,,0
1002000,'5221',655,,5884,4,,,0,258,,5881,4,,,0,209,,5880,4,,,0,231,,5885,4,,,0,257,,5882,4,,,0,240,,5883,4,,,0
1002000,'5222',1022,,6934,4,,,0,397,,5887,4,,,0
