2000,'5034',841,,2499,38,,,0,259,,2502,38,,,0,219,,2501,38,,,0,221,,2503,38,,,0,265,,2500,38,,,0
2000,'5035',627,,3758,55,,,0,111,,2517,55,,,0,107,,3759,55,,,0,66,,3749,38,,,0,110,,3750,38,,,0,110,,3751,38,,,0,117,,3752,55,,,0,103,,3753,38,,,0,78,,2509,38,,,0,110,,3754,38,,,0,74,,3755,55,,,0,119,,2512,55,,,0,103,,3756,38,,,0,187,,2514,55,,,0,201,,3757,55,,,0
2000,'5041',834,,2528,38,,,0,112,,2527,38,,,0,101,,2529,38,,,0,158,,2519,38,,,0,108,,2520,38,,,0,112,,2522,38,,,0,111,,2523,38,,,0,110,,3760,38,,,0,103,,3761,38,,,0,253,,2524,55,,,0,217,,2530,55,,,0,102,,2526,55,,,0
2500,'5034',808,,3773,20,0,5,0,210,,3774,20,0,13 14,0,215,,2567,20,0,13 14,0,515,,2568,20,0,5,0,260,,2569,20,0,13 14,0
2500,'5035',812,,2570,20,0,5,0,207,,3775,20,0,13 14,0,226,,2572,20,0,5,0,165,,3776,20,0,13 14,0,333,,2574,20,0,13 14,0
2500,'5041',808,,3777,20,0,5,0,210,,3779,20,0,13 14,0,215,,3778,20,0,13 14,0,515,,3780,20,0,5,0,260,,2575,20,0,13 14,0
1002000,'5034',736,,4180,61,,,0,219,,3344,61,,,0,250,,3343,61,,,0,233,,3348,61,,,0,217,,3345,61,,,0,277,,3346,61,,,0
1002000,'5035',652,,3349,44,,,0,149,,4181,44,,,0,104,,4182,61,,,0,40,,4183,44,,,0,111,,3353,44,,,0,150,,3354,44,,,0,110,,4184,44,,,0,193,,3356,61,,,0,137,,3357,44,,,0,113,,3358,44,,,0,151,,3359,44,,,0,413,,3360,61,,,0
1002000,'5038',2123,,3361,61,,,0
1002000,'5039',2123,,3362,61,,,0
1002000,'5040',2123,,3363,61,,,0
1002000,'5041',700,,3369,61,,,0,112,,3370,61,,,0,110,,3365,61,,,0,108,,4186,61,,,0,115,,3373,61,,,0,106,,3371,61,,,0,101,,3366,61,,,0,152,,3374,61,,,0,117,,3367,61,,,0,110,,4187,61,,,0,125,,3368,61,,,0,263,,4185,61,,,0
