501,'4623',1339,,6529,2,,,0,212,,6528,2,,,0,275,,4624,2,,,0
501,'5014',641,,6531,2,,,0,110,,4635,2,,,0,150,,4627,2,,,0,110,,4632,2,,,0,101,,4629,2,,,0,99,,4630,2,,,0,225,,6530,2,,,0,275,,4633,2,,,0,230,,6532,2,,,0,109,,6533,2,,,0,151,,4636,2,,,0,49,,6534,2,,,0
501,'5015',744,,4643,2,,,0,196,,4642,2,,,0,108,,4644,2,,,0,156,,4645,2,,,0,117,,4646,2,,,0,109,,4648,2,,,0,110,,4649,2,,,0,109,,4650,2,,,0,152,,4647,2,,,0,110,,6537,2,,,0,105,,6538,2,,,0,107,,4653,2,,,0,110,,4641,2,,,0
501,'5221',831,,4657,2,,,0,110,,4659,2,,,0,110,,4654,2,,,0,100,,6539,2,,,0,170,,4661,2,,,0,104,,6540,2,,,0,116,,4663,2,,,0,110,,4662,2,,,0,150,,4664,2,,,0,110,,4660,2,,,0,110,,6541,2,,,0
501,'5222',1339,,6543,2,,,0,212,,6542,2,,,0,275,,4665,2,,,0
601,'5014',651,,4715,2,,,0,80,,4714,2,,,0,116,,4722,2,,,0,155,,4711,2,,,0,125,,4721,2,,,0,113,,4713,2,,,0,114,,4712,2,,,0,155,,4716,2,,,0,116,,4718,2,,,0,115,,6555,2,,,0,118,,6554,2,,,0,157,,6556,2,,,0,112,,6557,2,,,0,120,,4724,2,,,0,91,,6558,2,,,0
601,'5015',726,,4734,2,,,0,185,,4735,2,,,0,102,,4732,2,,,0,118,,4736,2,,,0,110,,4733,2,,,0,110,,6561,2,,,0,150,,4726,2,,,0,109,,6559,2,,,0,111,,4729,2,,,0,110,,6560,2,,,0,112,,4727,2,,,0,108,,6564,2,,,0,96,,4740,2,,,0,104,,6562,2,,,0,85,,6563,2,,,0
601,'5221',801,,4745,2,,,0,110,,6566,2,,,0,110,,4741,2,,,0,110,,4747,2,,,0,110,,4742,2,,,0,110,,4744,2,,,0,150,,4748,2,,,0,110,,6565,2,,,0,110,,4750,2,,,0,110,,4749,2,,,0,110,,4746,2,,,0
4001,'4623',651,,6825,2,,,0,474,,6824,2,,,0
4001,'5014',621,,5497,2,,,0,100,,6844,2,,,0,31,,6843,2,,,0,73,,6835,2,,,0,30,,5480,2,,,0,70,,6836,2,,,0,30,,5481,2,,,0,70,,6837,2,,,0,30,,6838,2,,,0,101,,5484,2,,,0,70,,5485,2,,,0,30,,6839,2,,,0,70,,5487,2,,,0,30,,5488,2,,,0,70,,5489,2,,,0,30,,5490,2,,,0,70,,6840,2,,,0,30,,5491,2,,,0,70,,6841,2,,,0,30,,6845,2,,,0,70,,5495,2,,,0,30,,6842,2,,,0,70,,5496,2,,,0,77,,6834,2,,,0,30,,5476,2,,,0,70,,6833,2,,,0,29,,6829,2,,,0,70,,6832,2,,,0,31,,6828,2,,,0,70,,6831,2,,,0,30,,6827,2,,,0,70,,6830,2,,,0,30,,6826,2,,,0
4001,'5015',647,,5528,2,,,0,83,,6855,2,,,0,74,,5525,2,,,0,33,,6858,2,,,0,75,,5514,2,,,0,37,,6857,2,,,0,76,,6846,2,,,0,34,,5523,2,,,0,76,,6848,2,,,0,75,,6850,2,,,0,35,,6851,2,,,0,76,,6859,2,,,0,35,,6847,2,,,0,71,,5519,2,,,0,78,,6852,2,,,0,36,,5520,2,,,0,75,,5506,2,,,0,34,,6853,2,,,0,75,,6856,2,,,0,76,,5508,2,,,0,34,,5507,2,,,0,75,,5504,2,,,0,35,,5526,2,,,0,75,,6849,2,,,0,35,,6860,2,,,0,75,,6854,2,,,0,101,,5502,2,,,0,101,,5510,2,,,0
4001,'5221',651,,5548,2,,,0,106,,5536,2,,,0,158,,6867,2,,,0,110,,5545,2,,,0,76,,6863,2,,,0,35,,5532,2,,,0,77,,5529,2,,,0,32,,5530,2,,,0,75,,6868,2,,,0,35,,5533,2,,,0,75,,6866,2,,,0,77,,5537,2,,,0,29,,6865,2,,,0,81,,5531,2,,,0,35,,5544,2,,,0,76,,5542,2,,,0,75,,6869,2,,,0,29,,6861,2,,,0,81,,6862,2,,,0,35,,6864,2,,,0
4001,'5222',651,,6871,2,,,0,474,,6870,2,,,0
