1501,'5034',834,,3735,10,,,0,111,,3739,10,,,0,110,,2462,10,,,0,150,,3736,10,,,0,110,,3734,10,,,0,110,,2465,10,,,0,110,,2468,10,,,0,109,,3733,10,,,0,110,,3738,10,,,0,150,,3737,10,,,0
1501,'5035',845,,2473,10,,,0,69,,3740,10,,,0,30,,2475,10,,,0,70,,2472,10,,,0,30,,3741,10,,,0,70,,3742,10,,,0,29,,3743,10,,,0,71,,3744,10,,,0,103,,2481,10,,,0,27,,2480,10,,,0,509,,3745,10,,,0,260,,3746,10,,,0
1501,'5038',2003,,2484,10,,,0
1501,'5039',2003,,2485,10,,,0
1501,'5040',2003,,2486,10,,,0
1501,'5041',800,,2495,10,,,0,145,,2496,10,,,0,102,,2493,10,,,0,158,,2497,10,,,0,112,,3748,10,,,0,109,,2492,10,,,0,110,,3747,10,,,0,109,,2489,10,,,0,111,,2490,10,,,0,148,,2491,10,,,0,112,,2488,10,,,0,107,,2498,10,,,0
3001,'5034',838,,2670,48,,,0,162,,3814,48,,,0,110,,2664,48,,,0,111,,3817,48,,,0,110,,3815,48,,,0,110,,2674,48,,,0,112,,3816,48,,,0,147,,2666,48,,,0,110,,2668,48,,,0,102,,3813,48,,,0,115,,2669,48,,,0
3001,'5035',700,,3823,48,,,0,48,,3822,48,,,0,79,,2698,48,,,0,18,,2700,48,,,0,56,,2697,48,,,0,17,,2701,48,,,0,17,,2675,48,,,0,75,,2676,48,,,0,35,,3818,48,,,0,75,,2678,48,,,0,35,,2679,48,,,0,76,,2680,48,,,0,75,,2682,48,,,0,35,,2683,48,,,0,76,,2684,48,,,0,36,,3819,48,,,0,76,,2685,48,,,0,77,,2686,48,,,0,107,,2687,48,,,0,34,,3820,48,,,0,74,,2689,48,,,0,34,,2690,48,,,0,74,,2691,48,,,0,75,,2693,48,,,0,107,,2694,48,,,0,197,,3821,48,,,0,100,,2695,48,,,0
3001,'5036',1640,,2702,48,,,0
3001,'5038',2211,,3824,48,,,0
3001,'5039',2211,,3825,48,,,0
3001,'5040',1640,,3826,48,,,0,571,,3827,48,,,0
3001,'5041',813,,2725,48,,,0,108,,3832,48,,,0,37,,3834,48,,,0,76,,2719,48,,,0,77,,2716,48,,,0,35,,2721,48,,,0,77,,2710,48,,,0,36,,2727,48,,,0,75,,2728,48,,,0,76,,2708,48,,,0,35,,2711,48,,,0,71,,2715,48,,,0,37,,2724,48,,,0,75,,3835,48,,,0,74,,3831,48,,,0,33,,3838,48,,,0,75,,3828,48,,,0,35,,3837,48,,,0,74,,3830,48,,,0,35,,2714,48,,,0,148,,3836,48,,,0,108,,3829,48,,,0,100,,2726,48,,,0,101,,3833,48,,,0
1001501,'5035',733,,3332,15,,,0,78,,4176,15,,,0,440,,4177,15,,,0,171,,3333,15,,,0,36,,3334,15,,,0,76,,3337,15,,,0,77,,3340,15,,,0,37,,3339,15,,,0,73,,3336,15,,,0,35,,3338,15,,,0
1001501,'5037',1830,,4178,15,,,0
1001501,'5039',1830,,4179,15,,,0
