100,'5014',625,,4402,11,,,0,30,,4400,11,,,0,54,,4409,11,,,0,22,,4403,11,,,0,19,,4399,11,,,0,59,,4398,11,,,0,22,,4401,11,,,0,18,,4395,11,,,0,59,,4394,11,,,0,20,,4396,11,,,0,72,,4388,11,,,0,25,,4393,11,,,0,30,,4379,11,,,0,66,,4397,11,,,0,34,,4380,11,,,0,74,,4389,11,,,0,26,,4382,11,,,0,73,,4392,11,,,0,27,,4411,11,,,0,73,,4386,11,,,0,27,,4383,11,,,0,73,,4387,11,,,0,17,,4371,11,,,0,61,,4385,11,,,0,22,,4370,11,,,0,17,,4391,11,,,0,60,,4372,11,,,0,25,,4381,11,,,0,15,,4410,11,,,0,58,,4390,11,,,0,29,,4375,11,,,0,68,,4404,11,,,0,30,,4378,11,,,0,70,,4405,11,,,0,30,,4376,11,,,0,70,,4406,11,,,0,30,,4374,11,,,0,26,,4407,11,,,0,74,,4377,11,,,0,70,,4408,11,,,0,33,,4373,11,,,0,85,,4384,11,,,0
100,'5015',656,,4420,11,,,0,70,,4445,11,,,0,30,,4424,11,,,0,70,,4427,11,,,0,30,,4431,11,,,0,65,,4439,11,,,0,37,,4419,11,,,0,71,,4422,11,,,0,29,,4429,11,,,0,71,,4430,11,,,0,28,,4423,11,,,0,71,,4417,11,,,0,29,,4437,11,,,0,73,,4432,11,,,0,70,,4434,11,,,0,30,,4418,11,,,0,70,,4415,11,,,0,30,,4438,11,,,0,70,,4412,11,,,0,33,,4421,11,,,0,67,,4428,11,,,0,30,,4425,11,,,0,26,,4416,11,,,0,74,,4426,11,,,0,70,,4433,11,,,0,30,,4444,11,,,0,28,,4435,11,,,0,70,,4443,11,,,0,27,,4413,11,,,0,72,,4441,11,,,0,30,,4440,11,,,0,69,,4414,11,,,0,30,,4442,11,,,0,74,,4436,11,,,0
100,'5221',745,,4466,11,,,0,70,,4465,11,,,0,30,,4456,11,,,0,68,,4455,11,,,0,32,,4446,11,,,0,72,,4459,11,,,0,26,,4468,11,,,0,76,,4462,11,,,0,30,,4469,11,,,0,70,,4453,11,,,0,30,,4454,11,,,0,70,,4470,11,,,0,30,,4448,11,,,0,70,,4467,11,,,0,30,,4461,11,,,0,70,,4451,11,,,0,30,,4457,11,,,0,70,,4460,11,,,0,30,,4471,11,,,0,70,,4452,11,,,0,30,,4447,11,,,0,68,,4450,11,,,0,29,,4472,11,,,0,71,,4463,11,,,0,30,,4449,11,,,0,70,,4473,11,,,0,29,,4464,11,,,0,70,,4474,11,,,0,35,,4458,11,,,0
2000,'4623',1738,,5099,61,,,0
2000,'5014',632,,5111,61,,,0,111,,5112,61,,,0,109,,5113,61,,,0,65,,5100,44,,,0,110,,5101,44,,,0,110,,5102,44,,,0,117,,5103,61,,,0,103,,5104,44,,,0,78,,5105,44,,,0,111,,5106,44,,,0,74,,5107,61,,,0,220,,5108,44,,,0,187,,5109,61,,,0,201,,5110,61,,,0
2000,'5015',840,,5123,44,,,0,112,,5122,44,,,0,102,,5124,44,,,0,158,,5114,44,,,0,108,,5115,44,,,0,112,,5117,44,,,0,111,,5118,44,,,0,109,,5116,44,,,0,103,,5120,44,,,0,253,,5119,61,,,0,216,,5125,61,,,0,102,,5121,61,,,0
2000,'5221',847,,5126,44,,,0,259,,5129,44,,,0,219,,5128,44,,,0,221,,5130,44,,,0,264,,5127,44,,,0
2000,'5222',1738,,5131,61,,,0
3000,'4623',844,,5192,54,,,0
3000,'5014',655,,5216,54,,,0,76,,5217,54,,,0,78,,5214,54,,,0,109,,5215,54,,,0,34,,5193,54,,,0,76,,5194,54,,,0,75,,5195,54,,,0,35,,5196,54,,,0,75,,5197,54,,,0,35,,5198,54,,,0,75,,5199,54,,,0,35,,5201,54,,,0,74,,5202,54,,,0,76,,5203,54,,,0,35,,5200,54,,,0,75,,5204,54,,,0,35,,5205,54,,,0,75,,5206,54,,,0,77,,5207,54,,,0,35,,5208,54,,,0,74,,5209,54,,,0,109,,5210,54,,,0,101,,5211,54,,,0,99,,5212,54,,,0,101,,5213,54,,,0
3000,'5015',724,,5233,54,,,0,107,,5240,54,,,0,77,,5232,54,,,0,33,,5231,54,,,0,74,,5230,54,,,0,37,,5226,54,,,0,73,,5224,54,,,0,75,,5239,54,,,0,36,,5238,54,,,0,75,,5241,54,,,0,35,,5225,54,,,0,75,,5220,54,,,0,35,,5229,54,,,0,75,,5234,54,,,0,78,,5218,54,,,0,31,,5236,54,,,0,75,,5228,54,,,0,38,,5219,54,,,0,70,,5227,54,,,0,36,,5221,54,,,0,150,,5235,54,,,0,112,,5222,54,,,0,103,,5237,54,,,0,99,,5223,54,,,0
3000,'5221',749,,5248,54,,,0,158,,5252,54,,,0,107,,5247,54,,,0,108,,5251,54,,,0,114,,5242,54,,,0,110,,5244,54,,,0,110,,5250,54,,,0,149,,5245,54,,,0,110,,5246,54,,,0,109,,5243,54,,,0,109,,5249,54,,,0
3000,'5222',844,,5253,54,,,0
7200,'4623',1544,,5595,28,,,0
7200,'5014',656,,5620,28,,,0,76,,5619,28,,,0,73,,5618,28,,,0,37,,5617,28,,,0,74,,5596,28,,,0,34,,5597,28,,,0,75,,5598,28,,,0,76,,5599,28,,,0,35,,5600,28,,,0,75,,5601,28,,,0,35,,5602,28,,,0,75,,5603,28,,,0,35,,5604,28,,,0,78,,5605,28,,,0,75,,5606,28,,,0,108,,5607,28,,,0,35,,5608,28,,,0,75,,5609,28,,,0,76,,5610,28,,,0,37,,5611,28,,,0,75,,5612,28,,,0,111,,5613,28,,,0,101,,5614,28,,,0,100,,5615,28,,,0,100,,5616,28,,,0
7200,'5015',722,,5644,28,,,0,96,,5621,28,,,0,88,,5629,28,,,0,21,,5622,28,,,0,88,,5630,28,,,0,37,,5624,28,,,0,74,,5631,28,,,0,83,,5625,28,,,0,27,,5632,28,,,0,81,,5626,28,,,0,28,,5633,28,,,0,83,,5634,28,,,0,27,,5635,28,,,0,84,,5636,28,,,0,66,,5637,28,,,0,44,,5638,28,,,0,66,,5623,28,,,0,38,,5639,28,,,0,72,,5640,28,,,0,75,,5641,28,,,0,107,,5642,28,,,0,116,,5643,28,,,0,102,,5627,28,,,0,100,,5628,28,,,0
7200,'5221',741,,5655,28,,,0,105,,5645,28,,,0,154,,5647,28,,,0,105,,5649,28,,,0,120,,5648,28,,,0,99,,5650,28,,,0,120,,5651,28,,,0,102,,5652,28,,,0,154,,5653,28,,,0,110,,5654,28,,,0,110,,5646,28,,,0
7200,'5222',1544,,5656,28,,,0
1002000,'4623',1102,,5856,50,,,0,414,,5857,67,,,0
1002000,'5014',657,,5858,50,,,0,150,,5859,50,,,0,144,,5860,50,,,0,261,,5861,50,,,0,110,,5862,50,,,0,331,,5863,50,,,0,152,,5864,50,,,0,110,,5865,50,,,0,213,,5866,67,,,0,200,,5867,67,,,0
1002000,'5015',705,,5873,67,,,0,112,,5874,67,,,0,111,,5869,67,,,0,109,,5876,67,,,0,115,,5877,67,,,0,106,,5875,67,,,0,101,,5870,67,,,0,152,,5878,67,,,0,116,,5871,67,,,0,110,,5879,67,,,0,165,,5872,67,,,0,222,,5868,67,,,0
1002000,'5221',741,,5884,67,,,0,260,,5881,67,,,0,210,,5880,67,,,0,233,,5885,67,,,0,257,,5882,67,,,0,236,,5883,67,,,0
1002000,'5222',1102,,5886,50,,,0,414,,5887,67,,,0
