600,'5034',711,,2052,18,,,0,110,,2060,18,,,0,110,,2059,18,,,0,111,,2057,18,,,0,111,,2054,18,,,0,149,,2061,18,,,0,110,,2051,18,,,0,111,,2058,18,,,0,111,,2056,18,,,0,111,,2062,18,,,0,107,,2055,18,,,0,151,,2053,18,,,0
600,'5035',636,,2076,18,,,0,88,,2070,18,,,0,28,,2065,18,,,0,73,,2063,18,,,0,85,,2069,18,,,0,113,,2074,18,,,0,120,,2064,18,,,0,162,,2075,18,,,0,117,,2066,18,,,0,94,,2068,18,,,0,23,,2067,18,,,0,267,,2072,18,,,0,113,,2071,18,,,0,114,,2073,18,,,0,112,,2077,18,,,0,111,,2078,18,,,0,90,,2079,18,,,0
600,'5038',1652,,2080,18,,,0
600,'5039',1652,,2081,18,,,0
600,'5040',1652,,2082,18,,,0
600,'5041',712,,2088,18,,,0,110,,2091,18,,,0,109,,2085,18,,,0,110,,2095,18,,,0,108,,2086,18,,,0,159,,2089,18,,,0,106,,2090,18,,,0,112,,2092,18,,,0,108,,2094,18,,,0,116,,2083,18,,,0,104,,2087,18,,,0,148,,2084,18,,,0,109,,2096,18,,,0,110,,2097,18,,,0,100,,2093,18,,,0
800,'5034',744,,2245,23,,,0,110,,2246,23,,,0,161,,2247,23,,,0,104,,2248,23,,,0,111,,2249,23,,,0,117,,2250,23,,,0,109,,2251,23,,,0,152,,2244,23,,,0,111,,2242,23,,,0,106,,2243,23,,,0,110,,2252,23,,,0,105,,2253,23,,,0
800,'5035',610,,2264,23,,,0,131,,2255,23,,,0,103,,2258,23,,,0,113,,2263,23,,,0,155,,2254,23,,,0,125,,2262,23,,,0,115,,2257,23,,,0,157,,2256,23,,,0,230,,2259,23,,,0,113,,2261,23,,,0,154,,2260,23,,,0,114,,2265,23,,,0,111,,2266,23,,,0,118,,2267,23,,,0
800,'5038',1614,,2268,23,,,0
800,'5039',1614,,2269,23,,,0
800,'5040',1614,,2270,23,,,0
800,'5041',744,,2273,23,,,0,110,,2272,23,,,0,150,,2274,23,,,0,111,,2275,23,,,0,123,,2283,23,,,0,109,,2284,23,,,0,112,,2276,23,,,0,144,,2277,23,,,0,120,,2278,23,,,0,102,,2279,23,,,0,110,,2271,23,,,0,105,,2280,23,,,0,105,,2282,23,,,0,108,,2281,23,,,0
