500,'5034',853,,1954,8,0,5,0,150,,3518,8,0,5,0,112,,3516,8,0,5,0,100,,3517,8,0,5,0,130,,3519,8,0,5,0,104,,1953,8,0,5,0,156,,1960,8,0,5,0,110,,1959,8,0,5,0,110,,1961,8,0,5,0,110,,1957,8,0,5,0
500,'5035',618,,3522,8,0,5,0,86,,1968,8,0,5,0,107,,3520,8,0,6 7,0,6,,1972,8,0,5,0,109,,1963,8,0,5,0,110,,1967,8,0,5,0,101,,1965,8,0,5,0,99,,1966,8,0,5,0,168,,3523,8,0,5,0,99,,3521,8,0,5,0,503,,3524,8,0,5,0,108,,3525,8,0,5,0,109,,1973,8,0,5,0,89,,1975,8,0,5,0
500,'5036',1851,,1977,8,0,5,0
500,'5038',1524,,3527,8,0,6 7,0,94,,3529,8,0,5,0,119,,3528,8,0,5,0
500,'5039',1524,,3530,8,0,6 7,0,94,,3532,8,0,5,0,119,,3531,8,0,5,0
500,'5040',1524,,3533,8,0,6 7,0,94,,3536,8,0,5,0,119,,3534,8,0,5,0,114,,3535,8,0,5,0
500,'5041',806,,1988,8,0,5,0,196,,3537,8,0,5,0,110,,1990,8,0,5,0,116,,1991,8,0,5,0,117,,3538,8,0,5,0,109,,1993,8,0,5,0,150,,3539,8,0,5,0,109,,1995,8,0,5,0,112,,1996,8,0,5,0,109,,3540,8,0,5,0,105,,3541,8,0,5,0,107,,1999,8,0,5,0,109,,2000,8,0,5,0
1001500,'5035',701,,3323,15,,,0,35,,4171,15,,,0,77,,3322,15,,,0,33,,4172,15,,,0,401,,4173,15,,,0,285,,3327,15,,,0,76,,3328,15,,,0,37,,3325,15,,,0,76,,3326,15,,,0
1001500,'5037',1756,,4174,15,,,0
1001500,'5039',1756,,4175,15,,,0
