7000,'5034',912,,4061,1,,,0,188,,4057,1,,,0,133,,4058,1,,,0,307,,4059,1,,,0,360,,4060,1,,,0
7000,'5035',619,,4064,1,,,0,105,,4062,1,,,0,190,,4065,1,,,0,329,,4063,1,,,0,284,,4067,1,,,0,200,,4066,1,,,0
7000,'5037',1853,,4068,1,,,0
7000,'5039',1853,,4069,1,,,0
7000,'5040',2000,,4071,1,,,0,102,,4070,1,,,0
7000,'5041',812,,4079,1,,,0,100,,4075,1,,,0,188,,4077,1,,,0,133,,4073,1,,,0,307,,4074,1,,,0,168,,4072,1,,,0,192,,4076,1,,,0,150,,4078,1,,,0
7001,'5034',858,,4084,10,4,,0,188,,4081,10,4,,0,163,,4080,10,4,,0,312,,4082,10,4,,0,323,,4083,10,4,,0
7001,'5035',610,,4086,10,4,,0,105,,4085,10,4,,0,192,,4087,10,4,,0,325,,4089,10,4,,0,288,,4090,10,4,,0,196,,4088,10,4,,0
7001,'5037',1846,,4091,10,4,,0
7001,'5039',1846,,4092,10,4,,0
7001,'5040',1947,,4093,10,4,,0,102,,4094,10,4,,0
7001,'5041',757,,4102,10,4,,0,101,,4098,10,4,,0,188,,4100,10,4,,0,163,,4096,10,4,,0,312,,4097,10,4,,0,134,,4095,10,4,,0,189,,4099,10,4,,0,189,,4101,10,4,,0
