2000,'4623',1648,,5099,7,0,9 12 2 5,0
2000,'5014',551,,5111,7,0,9 12 2 5,0,108,,6139,7,0,9 12 2 5,0,145,,5113,7,0,9 12 2 5,0,39,,6136,7,,,0,110,,5101,7,,,0,149,,5102,7,,,0,105,,5103,7,0,9 12 2 5,0,114,,5104,7,,,0,37,,5105,7,,,0,150,,6137,7,,,0,20,,5107,7,0,9 12 2 5,0,279,,6138,7,,,0,136,,5109,7,0,9 12 2 5,0,204,,5110,7,0,9 12 2 5,0
2000,'5015',807,,6143,7,,,0,112,,5122,7,,,0,100,,6144,7,,,0,117,,5114,7,,,0,107,,5115,7,,,0,111,,5117,7,,,0,151,,6141,7,,,0,111,,6140,7,,,0,104,,5120,7,,,0,204,,6142,7,0,9 12 2 5,0,219,,6145,7,0,9 12 2 5,0,102,,5121,7,0,9 12 2 5,0
2000,'5221',816,,5126,7,,,0,218,,5129,7,,,0,217,,5128,7,,,0,260,,5130,7,,,0,226,,5127,7,,,0
2000,'5222',1648,,5131,7,0,9 12 2 5,0
1002000,'4623',1027,,6419,13,,,0,397,,5857,13,,,0
1002000,'5014',625,,5858,13,,,0,107,,5859,13,,,0,185,,5860,13,,,0,219,,5861,13,,,0,110,,5862,13,,,0,369,,5863,13,,,0,113,,5864,13,,,0,113,,5865,13,,,0,206,,5866,13,,,0,200,,5867,13,,,0
1002000,'5015',624,,6420,13,,,0,112,,6421,13,,,0,110,,5869,13,,,0,107,,5876,13,,,0,154,,5877,13,,,0,106,,5875,13,,,0,100,,5870,13,,,0,112,,5878,13,,,0,118,,5871,13,,,0,110,,5879,13,,,0,165,,5872,13,,,0,225,,5868,13,,,0
1002000,'5221',700,,5884,13,,,0,218,,5881,13,,,0,209,,5880,13,,,0,231,,5885,13,,,0,257,,5882,13,,,0,240,,5883,13,,,0
1002000,'5222',1027,,6422,13,,,0,397,,5887,13,,,0
