500,'4623',1410,,4579,14,,,0,214,,4581,14,,,0,232,,4580,14,,,0
500,'5014',624,,4588,14,,,0,86,,4587,14,,,0,115,,4591,14,,,0,107,,4582,14,,,0,110,,4586,14,,,0,101,,4584,14,,,0,99,,4585,14,,,0,267,,4583,14,,,0,233,,4590,14,,,0,269,,4589,14,,,0,108,,4593,14,,,0,109,,4592,14,,,0,89,,4594,14,,,0
500,'5015',812,,4596,14,,,0,196,,4597,14,,,0,110,,4598,14,,,0,116,,4599,14,,,0,117,,4600,14,,,0,149,,4601,14,,,0,110,,4602,14,,,0,108,,4603,14,,,0,112,,4604,14,,,0,109,,4605,14,,,0,105,,4606,14,,,0,107,,4607,14,,,0,149,,4608,14,,,0
500,'5221',858,,4613,14,,,0,150,,4615,14,,,0,112,,4610,14,,,0,100,,4611,14,,,0,130,,4617,14,,,0,104,,4612,14,,,0,156,,4619,14,,,0,110,,4618,14,,,0,110,,4620,14,,,0,110,,4616,14,,,0
500,'5222',1410,,4621,14,,,0,214,,4623,14,,,0,232,,4622,14,,,0
1500,'5014',924,,5028,16,,,0,30,,5027,16,,,0,70,,5029,16,,,0,30,,5033,16,,,0,69,,5032,16,,,0,31,,5031,16,,,0,69,,5030,16,,,0,100,,5037,16,,,0,30,,5036,16,,,0,75,,5035,16,,,0,74,,5034,16,,,0,331,,5038,16,,,0,109,,5039,16,,,0,110,,5040,16,,,0
1500,'5015',802,,5048,16,,,0,110,,5043,16,,,0,110,,5051,16,,,0,108,,5047,16,,,0,119,,5046,16,,,0,105,,5044,16,,,0,150,,5049,16,,,0,110,,5050,16,,,0,114,,5041,16,,,0,106,,5042,16,,,0,110,,5045,16,,,0,107,,5052,16,,,0
1500,'5221',802,,5061,16,,,0,113,,5060,16,,,0,110,,5058,16,,,0,111,,5056,16,,,0,109,,5062,16,,,0,109,,5054,16,,,0,150,,5057,16,,,0,110,,5053,16,,,0,110,,5063,16,,,0,109,,5059,16,,,0,111,,5055,16,,,0
4000,'4623',1302,,5384,38,,,0
4000,'5014',630,,5413,38,,,0,70,,5414,38,,,0,30,,5415,38,,,0,70,,5416,38,,,0,31,,5417,38,,,0,70,,5392,38,,,0,30,,5393,38,,,0,71,,5394,38,,,0,30,,5395,38,,,0,69,,5396,38,,,0,31,,5397,38,,,0,70,,5398,38,,,0,30,,5399,38,,,0,99,,5400,38,,,0,69,,5401,38,,,0,29,,5403,38,,,0,30,,5402,38,,,0,70,,5404,38,,,0,30,,5405,38,,,0,70,,5406,38,,,0,72,,5407,38,,,0,31,,5408,38,,,0,70,,5409,38,,,0,37,,5410,38,,,0,71,,5411,38,,,0,30,,5412,38,,,0,70,,5388,38,,,0,30,,5389,38,,,0,72,,5387,38,,,0,30,,5390,38,,,0,70,,5386,38,,,0,29,,5391,38,,,0,71,,5385,38,,,0
4000,'5015',711,,5437,38,,,0,32,,5442,38,,,0,74,,5430,38,,,0,37,,5422,38,,,0,73,,5438,38,,,0,74,,5419,38,,,0,37,,5435,38,,,0,73,,5420,38,,,0,35,,5426,38,,,0,75,,5429,38,,,0,36,,5418,38,,,0,75,,5423,38,,,0,75,,5427,38,,,0,35,,5436,38,,,0,75,,5441,38,,,0,37,,5425,38,,,0,72,,5431,38,,,0,75,,5440,38,,,0,39,,5439,38,,,0,71,,5428,38,,,0,36,,5432,38,,,0,74,,5443,38,,,0,35,,5421,38,,,0,76,,5444,38,,,0,75,,5433,38,,,0,104,,5424,38,,,0,99,,5434,38,,,0
4000,'5221',737,,5450,38,,,0,117,,5460,38,,,0,147,,5447,38,,,0,35,,5463,38,,,0,72,,5449,38,,,0,45,,5445,38,,,0,68,,5464,38,,,0,35,,5458,38,,,0,75,,5459,38,,,0,75,,5454,38,,,0,35,,5451,38,,,0,73,,5453,38,,,0,37,,5448,38,,,0,75,,5456,38,,,0,75,,5455,38,,,0,35,,5462,38,,,0,75,,5446,38,,,0,35,,5457,38,,,0,74,,5452,38,,,0,35,,5461,38,,,0
4000,'5222',1302,,5465,38,,,0
1001500,'5014',706,,5838,21,,,0,36,,5835,21,,,0,78,,5837,21,,,0,31,,5836,21,,,0,402,,5839,21,,,0,285,,5842,21,,,0,76,,5844,21,,,0,37,,5840,21,,,0,76,,5841,21,,,0,75,,5843,21,,,0
