501,'5034',846,,2005,20,,,0,110,,3544,20,,,0,152,,3542,20,,,0,100,,3543,20,,,0,130,,3545,20,,,0,104,,2004,20,,,0,116,,2011,20,,,0,150,,2010,20,,,0,110,,2012,20,,,0,110,,2008,20,,,0,110,,2006,20,,,0
501,'5035',657,,2017,20,,,0,152,,2021,20,,,0,110,,2013,20,,,0,110,,2018,20,,,0,101,,2015,20,,,0,99,,2016,20,,,0,128,,3548,20,,,0,98,,3546,20,,,0,504,,3547,20,,,0,148,,3549,20,,,0,109,,2022,20,,,0,89,,2024,20,,,0,54,,3550,7,,,0
501,'5036',1844,,2026,20,,,0
501,'5038',1516,,3551,7,,,0,94,,3552,20,,,0,119,,3553,20,,,0
501,'5039',1516,,3554,7,,,0,94,,3555,20,,,0,119,,3556,20,,,0
501,'5040',1516,,3557,7,,,0,94,,3559,20,,,0,119,,3560,20,,,0,115,,3558,20,,,0
501,'5041',759,,2039,20,,,0,196,,3561,20,,,0,150,,2041,20,,,0,116,,2042,20,,,0,117,,3562,20,,,0,109,,2044,20,,,0,110,,3563,20,,,0,149,,2046,20,,,0,112,,2047,20,,,0,109,,3564,20,,,0,105,,3565,20,,,0,107,,2050,20,,,0,109,,2038,20,,,0,110,,2037,7,,,0
1501,'5034',826,,3735,7,,,0,110,,3739,7,,,0,110,,2462,7,,,0,110,,3736,7,,,0,150,,3734,7,,,0,110,,2465,7,,,0,110,,2468,7,,,0,110,,3733,7,,,0,110,,3738,7,,,0,110,,3737,7,,,0
1501,'5035',836,,2473,7,,,0,69,,3740,7,,,0,30,,2475,7,,,0,70,,2472,7,,,0,30,,3741,7,,,0,70,,3742,7,,,0,29,,3743,7,,,0,71,,3744,7,,,0,103,,2481,7,,,0,27,,2480,7,,,0,510,,3745,7,,,0,260,,3746,7,,,0
1501,'5038',1955,,2484,7,,,0
1501,'5039',1955,,2485,7,,,0
1501,'5040',1955,,2486,7,,,0
1501,'5041',752,,2495,7,,,0,184,,2496,7,,,0,102,,2493,7,,,0,118,,2497,7,,,0,151,,3748,7,,,0,110,,2492,7,,,0,110,,3747,7,,,0,109,,2489,7,,,0,111,,2490,7,,,0,109,,2491,7,,,0,152,,2488,7,,,0,107,,2498,7,,,0
1001501,'5035',718,,3332,7,,,0,38,,4176,7,,,0,480,,4177,7,,,0,170,,3333,7,,,0,36,,3334,7,,,0,75,,3337,7,,,0,37,,3340,7,,,0,77,,3339,7,,,0,75,,3336,7,,,0,35,,3338,7,,,0
1001501,'5037',1815,,4178,7,,,0
1001501,'5039',1815,,4179,7,,,0
