600,'5034',706,,3566,9,,,0,110,,2060,9,,,0,110,,2059,9,,,0,110,,2057,9,,,0,111,,2054,9,,,0,109,,2061,9,,,0,150,,2051,9,,,0,111,,2058,9,,,0,111,,2056,9,,,0,111,,2062,9,,,0,107,,2055,9,,,0,111,,2053,9,,,0
600,'5035',630,,3573,9,,,0,88,,3570,9,,,0,28,,2065,9,,,0,73,,2063,9,,,0,85,,2069,9,,,0,113,,2074,9,,,0,120,,3567,9,,,0,122,,2075,9,,,0,156,,3568,9,,,0,94,,2068,9,,,0,23,,3569,9,,,0,268,,2072,9,,,0,113,,3571,9,,,0,114,,3572,9,,,0,112,,2077,9,,,0,111,,3574,9,,,0,91,,2079,9,,,0
600,'5038',1646,,2080,9,,,0
600,'5039',1646,,2081,9,,,0
600,'5040',1646,,2082,9,,,0
600,'5041',706,,2088,9,,,0,110,,2091,9,,,0,109,,2085,9,,,0,110,,2095,9,,,0,108,,2086,9,,,0,159,,2089,9,,,0,106,,3578,9,,,0,112,,2092,9,,,0,108,,3579,9,,,0,116,,3575,9,,,0,104,,3577,9,,,0,108,,3576,9,,,0,150,,2096,9,,,0,110,,2097,9,,,0,100,,2093,9,,,0
801,'5034',812,,2290,7,,,0,121,,2288,7,,,0,104,,2292,7,,,0,111,,2291,7,,,0,156,,2293,7,,,0,109,,2294,7,,,0,112,,2287,7,,,0,111,,2285,7,,,0,106,,2286,7,,,0,110,,2296,7,,,0,106,,2295,7,,,0
801,'5035',530,,3663,7,,,0,129,,2298,7,,,0,142,,2301,7,,,0,114,,2307,7,,,0,115,,2297,7,,,0,125,,2306,7,,,0,155,,3660,7,,,0,115,,3659,7,,,0,230,,2302,7,,,0,155,,3661,7,,,0,115,,3662,7,,,0,115,,2303,7,,,0,112,,3664,7,,,0,159,,2310,7,,,0
801,'5038',1530,,2311,7,,,0
801,'5039',1530,,2312,7,,,0
801,'5040',1530,,2313,7,,,0
801,'5041',702,,2315,7,,,0,110,,2316,7,,,0,110,,2317,7,,,0,111,,2318,7,,,0,123,,2326,7,,,0,148,,3670,7,,,0,112,,2319,7,,,0,104,,3666,7,,,0,120,,3667,7,,,0,102,,3668,7,,,0,110,,3665,7,,,0,105,,2323,7,,,0,145,,2324,7,,,0,109,,3669,7,,,0
