2000,'4623',1729,,5099,53,,,0
2000,'5014',625,,5111,53,,,0,110,,6651,53,,,0,107,,5113,53,,,0,66,,6648,36,,,0,110,,5101,36,,,0,110,,5102,36,,,0,117,,5103,53,,,0,103,,5104,36,,,0,78,,5105,36,,,0,110,,6649,36,,,0,74,,5107,53,,,0,223,,6650,36,,,0,187,,5109,53,,,0,201,,5110,53,,,0
2000,'5015',831,,6655,36,,,0,112,,5122,36,,,0,101,,6656,36,,,0,158,,5114,36,,,0,108,,5115,36,,,0,112,,5117,36,,,0,111,,6653,36,,,0,110,,6652,36,,,0,103,,5120,36,,,0,213,,6654,53,,,0,257,,6657,53,,,0,102,,5121,53,,,0
2000,'5221',838,,5126,36,,,0,219,,5129,36,,,0,259,,5128,36,,,0,221,,5130,36,,,0,265,,5127,36,,,0
2000,'5222',1729,,5131,53,,,0
2001,'5014',648,,6662,11,,,0,157,,6663,11,0,9 10 11,0,105,,5132,11,,,0,109,,6658,11,,,0,110,,5134,11,,,0,111,,5135,11,,,0,260,,5136,11,0,9 10 11,0,110,,5137,11,,,0,110,,5138,11,,,0,105,,6659,11,0,9 10 11,0,114,,6660,11,,,0,205,,5141,11,0,9 10 11,0,198,,6661,11,0,9 10 11,0
2001,'5015',919,,6665,11,,,0,88,,5155,11,,,0,105,,6666,11,,,0,128,,6664,11,,,0,115,,5154,11,,,0,102,,5148,11,,,0,147,,5153,11,,,0,103,,5149,11,,,0,111,,5146,11,,,0,324,,5150,11,0,9 10 11,0,199,,5147,11,0,9 10 11,0
2001,'5221',909,,5156,11,,,0,227,,5158,11,,,0,219,,5157,11,,,0,249,,5159,11,,,0,225,,5160,11,,,0
2500,'5014',809,5,5161,18,0,5,0,207,5,6667,18,,,0,226,5,5163,18,0,5,0,165,5,5164,18,,,0,333,5,5165,18,,,0
2500,'5015',805,5,6668,18,0,5,0,210,5,5169,18,,,0,215,5,5168,18,,,0,515,5,5170,18,0,5,0,260,5,5166,18,,,0
2500,'5221',805,5,5171,18,0,5,0,210,5,5172,18,,,0,215,5,5173,18,,,0,515,5,6669,18,0,5,0,260,5,5175,18,,,0
2501,'5014',833,5,5176,11,,,0,216,5,6670,12,,,0,257,5,5178,11,,,0,134,5,5179,12,,,0,373,5,5180,12,,,0,225,5,5181,11,,,0
2501,'5015',830,5,6671,11,,,0,220,5,5185,12,,,0,255,5,5184,12,,,0,505,5,5186,11,,,0,230,5,5182,12,,,0
2501,'5221',830,5,5187,11,,,0,220,5,5188,12,,,0,255,5,5189,12,,,0,505,5,5190,11,,,0,230,5,5191,12,,,0
1002000,'4623',1053,,6931,42,,,0,453,,5857,59,,,0
1002000,'5014',649,,5858,42,,,0,109,,5859,42,,,0,184,,5860,42,,,0,261,,5861,42,,,0,110,,5862,42,,,0,330,,5863,42,,,0,113,,5864,42,,,0,152,,5865,42,,,0,213,,5866,59,,,0,200,,5867,59,,,0
1002000,'5015',657,,6932,59,,,0,152,,6933,59,,,0,110,,5869,59,,,0,108,,5876,59,,,0,115,,5877,59,,,0,106,,5875,59,,,0,101,,5870,59,,,0,152,,5878,59,,,0,117,,5871,59,,,0,110,,5879,59,,,0,125,,5872,59,,,0,263,,5868,59,,,0
1002000,'5221',733,,5884,59,,,0,219,,5881,59,,,0,250,,5880,59,,,0,233,,5885,59,,,0,217,,5882,59,,,0,277,,5883,59,,,0
1002000,'5222',1053,,6934,42,,,0,453,,5887,59,,,0
1002001,'4623',928,,6935,11,,,0,607,,5889,11,,,0
1002001,'5014',723,,5890,11,,,0,111,,5891,11,,,0,220,,5892,11,,,0,150,,6936,11,,,0,111,,5894,11,,,0,35,,5895,11,,,0,75,,5896,11,,,0,220,,5897,11,,,0,111,,6937,11,,,0,148,,5899,11,,,0,138,,5900,11,,,0,201,,5901,11,,,0
1002001,'5015',720,,6939,11,,,0,113,,5907,11,,,0,111,,6938,11,,,0,111,,5905,11,,,0,103,,6941,11,,,0,157,,5912,11,,,0,110,,5903,11,,,0,104,,5909,11,,,0,116,,5904,11,,,0,109,,5910,11,,,0,164,,5908,11,,,0,103,,6942,11,,,0,219,,6940,11,,,0
1002001,'5221',756,,6945,11,,,0,252,,5919,11,,,0,232,,6943,11,,,0,262,,5917,11,,,0,217,,6944,11,,,0,305,,5918,11,,,0
1002001,'5222',928,,6946,11,,,0,607,,5922,11,,,0
