2000,'5035',609,,3758,33,0,9 12 2 5,0,108,,2517,33,0,9 12 2 5,0,108,,3759,33,0,9 12 2 5,0,402,,3752,33,0,9 12 2 5,0,323,,3755,33,0,9 12 2 5,0,160,,2512,33,0,9 12 2 5,0,292,,2514,33,0,9 12 2 5,0,203,,3757,33,0,9 12 2 5,0
2000,'5041',1942,,2524,33,0,9 12 2 5,0,258,,2530,33,0,9 12 2 5,0,102,,2526,33,0,9 12 2 5,0
2001,'5035',747,,3770,25,0,9 10 11,0,73,,2547,25,0,9 10 11,0,695,,3767,25,0,9 10 11,0,838,,2544,25,0,9 10 11,0
2001,'5038',1837,,2548,25,0,9 10 11,0,319,,2549,25,0,9 10 11,0
2001,'5039',1837,,2550,25,0,9 10 11,0,319,,2551,25,0,9 10 11,0
2001,'5040',1837,,2552,25,0,9 10 11,0,319,,2553,25,0,9 10 11,0
2001,'5041',2154,,2559,25,0,9 10 11,0,199,,2556,25,0,9 10 11,0
7201,'5034',810,,4128,28,,,0,113,,3132,28,,,0,111,,3134,28,,,0,116,,3135,28,,,0,104,,3133,28,,,0,155,,3137,28,,,0,107,,3138,28,,,0,111,,3139,28,,,0,106,,4129,28,,,0,110,,3131,28,,,0,114,,3136,28,,,0
7201,'5035',732,,3163,28,,,0,78,,4140,28,,,0,34,,3162,28,,,0,75,,3141,28,,,0,35,,3142,28,,,0,75,,4131,28,,,0,76,,3146,28,,,0,35,,4130,28,,,0,75,,3147,28,,,0,35,,4132,28,,,0,75,,3148,28,,,0,75,,4133,28,,,0,35,,3150,28,,,0,75,,3151,28,,,0,35,,3152,28,,,0,75,,4134,28,,,0,35,,4135,28,,,0,149,,4136,28,,,0,34,,3156,28,,,0,75,,4137,28,,,0,35,,4138,28,,,0,105,,4139,28,,,0,100,,3157,28,,,0
7201,'5036',1730,,3164,28,,,0
7201,'5037',2251,,4141,28,,,0,99,,4142,28,,,0
7201,'5039',2251,,4143,28,,,0,99,,4144,28,,,0
7201,'5040',1730,,4145,28,,,0
7201,'5041',737,,4146,28,,,0,110,,3170,28,,,0,96,,4148,28,,,0,78,,3173,28,,,0,34,,4150,28,,,0,75,,3174,28,,,0,75,,4149,28,,,0,35,,3175,28,,,0,75,,3181,28,,,0,43,,3183,28,,,0,67,,3184,28,,,0,83,,3185,28,,,0,27,,3186,28,,,0,82,,3187,28,,,0,27,,3171,28,,,0,77,,4151,28,,,0,32,,4152,28,,,0,75,,4153,28,,,0,74,,4154,28,,,0,35,,4156,28,,,0,96,,4155,28,,,0,122,,3176,28,,,0,100,,3177,28,,,0,99,,4147,28,,,0
9200,'5038',1439,,4167,29,,,0,2,,3261,29,,,0
9200,'5039',1537,,4169,29,,,0,2,,4168,29,,,0
9200,'5040',1418,,4170,29,,,0,2,,3265,29,,,0
1002000,'5034',717,,4180,39,,,0,218,,3344,39,,,0,210,,3343,39,,,0,272,,3348,39,,,0,218,,3345,39,,,0,277,,3346,39,,,0
1002000,'5035',845,,4182,39,,,0,601,,3356,39,,,0,859,,3360,39,,,0
1002000,'5038',2105,,3361,39,,,0
1002000,'5039',2105,,3362,39,,,0
1002000,'5040',2105,,3363,39,,,0
1002000,'5041',641,,3369,39,,,0,112,,3370,39,,,0,150,,3365,39,,,0,107,,4186,39,,,0,115,,3373,39,,,0,106,,3371,39,,,0,100,,3366,39,,,0,112,,3374,39,,,0,158,,3367,39,,,0,110,,4187,39,,,0,125,,3368,39,,,0,264,,4185,39,,,0
1002001,'5034',808,,3381,25,,,0,212,,3380,25,,,0,232,,4188,25,,,0,262,,4189,25,,,0,217,,3377,25,,,0,305,,3379,25,,,0
1002001,'5035',941,,4192,25,,,0,464,,3388,25,,,0,35,,4194,25,,,0,109,,3390,25,,,0,109,,4195,25,,,0,396,,4197,25,,,0,200,,3395,25,,,0
1002001,'5041',732,,3400,25,,,0,113,,4200,25,,,0,111,,3396,25,,,0,151,,4199,25,,,0,103,,4204,25,,,0,117,,3406,25,,,0,110,,4198,25,,,0,104,,3403,25,,,0,116,,3398,25,,,0,149,,4202,25,,,0,124,,4201,25,,,0,103,,4205,25,,,0,219,,4203,25,,,0
