2000,'4623',1649,,5099,8,0,9 12 2 5,0
2000,'5014',552,,5111,8,0,9 12 2 5,0,107,,5112,8,0,9 12 2 5,0,145,,5113,8,0,9 12 2 5,0,39,,5100,8,,,0,110,,5101,8,,,0,150,,5102,8,,,0,105,,5103,8,0,9 12 2 5,0,114,,5104,8,,,0,37,,5105,8,,,0,150,,5106,8,,,0,20,,5107,8,0,9 12 2 5,0,279,,5108,8,,,0,136,,5109,8,0,9 12 2 5,0,203,,5110,8,0,9 12 2 5,0
2000,'5015',807,,5123,8,,,0,112,,5122,8,,,0,100,,5124,8,,,0,118,,5114,8,,,0,107,,5115,8,,,0,111,,5117,8,,,0,151,,5118,8,,,0,111,,5116,8,,,0,104,,5120,8,,,0,204,,5119,8,0,9 12 2 5,0,218,,5125,8,0,9 12 2 5,0,103,,5121,8,0,9 12 2 5,0
2000,'5221',816,,5126,8,,,0,218,,5129,8,,,0,218,,5128,8,,,0,260,,5130,8,,,0,226,,5127,8,,,0
2000,'5222',1649,,5131,8,0,9 12 2 5,0
1002000,'4623',1028,,5856,14,,,0,397,,5857,14,,,0
1002000,'5014',626,,5858,14,,,0,107,,5859,14,,,0,185,,5860,14,,,0,219,,5861,14,,,0,110,,5862,14,,,0,369,,5863,14,,,0,113,,5864,14,,,0,113,,5865,14,,,0,206,,5866,14,,,0,200,,5867,14,,,0
1002000,'5015',625,,5873,14,,,0,112,,5874,14,,,0,110,,5869,14,,,0,107,,5876,14,,,0,154,,5877,14,,,0,106,,5875,14,,,0,100,,5870,14,,,0,112,,5878,14,,,0,118,,5871,14,,,0,110,,5879,14,,,0,165,,5872,14,,,0,225,,5868,14,,,0
1002000,'5221',701,,5884,14,,,0,218,,5881,14,,,0,209,,5880,14,,,0,231,,5885,14,,,0,257,,5882,14,,,0,240,,5883,14,,,0
1002000,'5222',1028,,5886,14,,,0,397,,5887,14,,,0
