500,'5034',912,,1954,29,4,,0,110,,3518,29,4,,0,112,,3516,29,4,,0,100,,3517,29,4,,0,170,,3519,29,4,,0,104,,1953,29,4,,0,116,,1960,29,4,,0,110,,1959,29,4,,0,109,,1961,29,4,,0,110,,1957,29,4,,0
500,'5035',637,,3522,29,4,,0,86,,1968,29,4,,0,117,,1972,29,4,,0,106,,1963,29,4,,0,110,,1967,29,4,,0,101,,1965,29,4,,0,99,,1966,29,4,,0,169,,3523,29,4,,0,99,,3521,29,4,,0,501,,3524,29,4,,0,108,,3525,29,4,,0,108,,1973,29,4,,0,89,,1975,29,4,,0
500,'5036',1910,,1977,29,4,,0
500,'5038',1639,,3529,29,4,,0,117,,3528,29,4,,0
500,'5039',1639,,3532,29,4,,0,117,,3531,29,4,,0
500,'5040',1639,,3536,29,4,,0,117,,3534,29,4,,0,154,,3535,29,4,,0
500,'5041',825,,1988,29,4,,0,196,,3537,29,4,,0,110,,1990,29,4,,0,116,,1991,29,4,,0,157,,3538,29,4,,0,109,,1993,29,4,,0,110,,3539,29,4,,0,108,,1995,29,4,,0,112,,1996,29,4,,0,109,,3540,29,4,,0,105,,3541,29,4,,0,147,,1999,29,4,,0,109,,2000,29,4,,0
501,'5034',830,,2005,1,,,0,110,,3544,1,,,0,110,,3542,1,,,0,100,,3543,1,,,0,170,,3545,1,,,0,104,,2004,1,,,0,116,,2011,1,,,0,110,,2010,1,,,0,150,,2012,1,,,0,110,,2008,1,,,0,110,,2006,1,,,0
501,'5035',640,,2017,1,,,0,110,,2021,1,,,0,150,,2013,1,,,0,110,,2018,1,,,0,101,,2015,1,,,0,99,,2016,1,,,0,128,,3548,1,,,0,97,,3546,1,,,0,505,,3547,1,,,0,109,,3549,1,,,0,151,,2022,1,,,0,49,,2024,1,,,0
501,'5036',1825,,2026,1,,,0
501,'5038',1550,,3552,1,,,0,160,,3553,1,,,0
501,'5039',1550,,3555,1,,,0,160,,3556,1,,,0
501,'5040',1550,,3559,1,,,0,160,,3560,1,,,0,115,,3558,1,,,0
501,'5041',743,,2039,1,,,0,196,,3561,1,,,0,108,,2041,1,,,0,156,,2042,1,,,0,117,,3562,1,,,0,109,,2044,1,,,0,110,,3563,1,,,0,109,,2046,1,,,0,152,,2047,1,,,0,110,,3564,1,,,0,105,,3565,1,,,0,107,,2050,1,,,0,110,,2038,1,,,0
7000,'5034',1020,,4061,10,4,,0,188,,4057,10,4,,0,134,,4058,10,4,,0,307,,4059,10,4,,0,359,,4060,10,4,,0
7000,'5035',727,,4064,10,4,,0,105,,4062,10,4,,0,191,,4065,10,4,,0,329,,4063,10,4,,0,284,,4067,10,4,,0,199,,4066,10,4,,0
7000,'5037',2001,,4068,10,4,,0
7000,'5039',2001,,4069,10,4,,0
7000,'5040',2108,,4071,10,4,,0,102,,4070,10,4,,0
7000,'5041',920,,4079,10,4,,0,100,,4075,10,4,,0,188,,4077,10,4,,0,134,,4073,10,4,,0,307,,4074,10,4,,0,167,,4072,10,4,,0,192,,4076,10,4,,0,150,,4078,10,4,,0
7001,'5034',752,,4084,1,,,0,185,,4081,1,,,0,163,,4080,1,,,0,314,,4082,1,,,0,324,,4083,1,,,0
7001,'5035',504,,4086,1,,,0,105,,4085,1,,,0,149,,4087,1,,,0,365,,4089,1,,,0,288,,4090,1,,,0,196,,4088,1,,,0
7001,'5037',1737,,4091,1,,,0
7001,'5039',1737,,4092,1,,,0
7001,'5040',1840,,4093,1,,,0,102,,4094,1,,,0
7001,'5041',652,,4102,1,,,0,100,,4098,1,,,0,185,,4100,1,,,0,163,,4096,1,,,0,314,,4097,1,,,0,134,,4095,1,,,0,190,,4099,1,,,0,189,,4101,1,,,0
