2000,'5034',843,,2499,40,,,0,259,,2502,40,,,0,219,,2501,40,,,0,221,,2503,40,,,0,265,,2500,40,,,0
2000,'5035',629,,3758,57,,,0,111,,2517,57,,,0,108,,3759,57,,,0,65,,3749,40,,,0,110,,3750,40,,,0,110,,3751,40,,,0,117,,3752,57,,,0,103,,3753,40,,,0,78,,2509,40,,,0,111,,3754,40,,,0,74,,3755,57,,,0,118,,2512,57,,,0,103,,3756,40,,,0,187,,2514,57,,,0,201,,3757,57,,,0
2000,'5041',836,,2528,40,,,0,112,,2527,40,,,0,102,,2529,40,,,0,158,,2519,40,,,0,108,,2520,40,,,0,112,,2522,40,,,0,111,,2523,40,,,0,109,,3760,40,,,0,103,,3761,40,,,0,253,,2524,57,,,0,217,,2530,57,,,0,102,,2526,57,,,0
2500,'5034',810,,3773,22,0,5,0,210,,3774,22,0,13 14,0,215,,2567,22,0,13 14,0,515,,2568,22,0,5,0,260,,2569,22,0,13 14,0
2500,'5035',814,,2570,22,0,5,0,207,,3775,22,0,13 14,0,226,,2572,22,0,5,0,165,,3776,22,0,13 14,0,333,,2574,22,0,13 14,0
2500,'5041',810,,3777,22,0,5,0,210,,3779,22,0,13 14,0,215,,3778,22,0,13 14,0,515,,3780,22,0,5,0,260,,2575,22,0,13 14,0
1002000,'5034',738,,4180,63,,,0,219,,3344,63,,,0,250,,3343,63,,,0,233,,3348,63,,,0,217,,3345,63,,,0,277,,3346,63,,,0
1002000,'5035',654,,3349,46,,,0,149,,4181,46,,,0,104,,4182,63,,,0,40,,4183,46,,,0,111,,3353,46,,,0,150,,3354,46,,,0,110,,4184,46,,,0,194,,3356,63,,,0,137,,3357,46,,,0,152,,3358,46,,,0,111,,3359,46,,,0,413,,3360,63,,,0
1002000,'5038',2125,,3361,63,,,0
1002000,'5039',2125,,3362,63,,,0
1002000,'5040',2125,,3363,63,,,0
1002000,'5041',702,,3369,63,,,0,112,,3370,63,,,0,110,,3365,63,,,0,109,,4186,63,,,0,115,,3373,63,,,0,106,,3371,63,,,0,101,,3366,63,,,0,152,,3374,63,,,0,116,,3367,63,,,0,110,,4187,63,,,0,125,,3368,63,,,0,263,,4185,63,,,0
