101,'5014',632,,4505,4,,,0,71,,5964,4,,,0,19,,5965,4,,,0,20,,4502,4,,,0,61,,4506,4,,,0,19,,4507,4,,,0,17,,4501,4,,,0,65,,4500,4,,,0,32,,4497,4,,,0,72,,4495,4,,,0,25,,4499,4,,,0,70,,4486,4,,,0,26,,5962,4,,,0,74,,5956,4,,,0,34,,4494,4,,,0,66,,5968,4,,,0,33,,5960,4,,,0,67,,5958,4,,,0,33,,4492,4,,,0,15,,4514,4,,,0,60,,5957,4,,,0,25,,4475,4,,,0,17,,5963,4,,,0,61,,5954,4,,,0,22,,4485,4,,,0,17,,4476,4,,,0,60,,5959,4,,,0,25,,4489,4,,,0,15,,4515,4,,,0,58,,5961,4,,,0,32,,5955,4,,,0,65,,4510,4,,,0,30,,4481,4,,,0,70,,4509,4,,,0,30,,4482,4,,,0,70,,4512,4,,,0,30,,4483,4,,,0,70,,5966,4,,,0,30,,4484,4,,,0,69,,5967,4,,,0,32,,4479,4,,,0,85,,4478,4,,,0
101,'5015',707,,5976,4,,,0,30,,5989,4,,,0,70,,4531,4,,,0,27,,4536,4,,,0,73,,5973,4,,,0,22,,4522,4,,,0,80,,5981,4,,,0,28,,5977,4,,,0,69,,5969,4,,,0,31,,5971,4,,,0,68,,4542,4,,,0,32,,4533,4,,,0,71,,4524,4,,,0,30,,5983,4,,,0,70,,4535,4,,,0,30,,4523,4,,,0,70,,4544,4,,,0,30,,4539,4,,,0,70,,4518,4,,,0,33,,5975,4,,,0,67,,4521,4,,,0,30,,5978,4,,,0,70,,4545,4,,,0,30,,5984,4,,,0,70,,5979,4,,,0,30,,5980,4,,,0,69,,5972,4,,,0,32,,5985,4,,,0,68,,5970,4,,,0,37,,5987,4,,,0,63,,5982,4,,,0,30,,5988,4,,,0,69,,5986,4,,,0,31,,5974,4,,,0,80,,4541,4,,,0
101,'5221',753,,4561,4,,,0,70,,5995,4,,,0,30,,4564,4,,,0,68,,4563,4,,,0,32,,5998,4,,,0,72,,5994,4,,,0,31,,4570,4,,,0,73,,4573,4,,,0,28,,4554,4,,,0,70,,4558,4,,,0,30,,5997,4,,,0,70,,4575,4,,,0,30,,4574,4,,,0,70,,4553,4,,,0,30,,4565,4,,,0,70,,4559,4,,,0,30,,5993,4,,,0,70,,5991,4,,,0,30,,4562,4,,,0,70,,5992,4,,,0,30,,4577,4,,,0,70,,4576,4,,,0,30,,4568,4,,,0,69,,5990,4,,,0,30,,4569,4,,,0,70,,4578,4,,,0,81,,5996,4,,,0
2001,'5014',642,,6150,4,,,0,117,,6151,4,0,9 10 11,0,145,,5132,4,,,0,109,,6146,4,,,0,110,,5134,4,,,0,110,,5135,4,,,0,220,,5136,4,0,9 10 11,0,150,,5137,4,,,0,110,,5138,4,,,0,106,,6147,4,0,9 10 11,0,114,,6148,4,,,0,205,,5141,4,0,9 10 11,0,199,,6149,4,0,9 10 11,0
2001,'5015',913,,6153,4,,,0,88,,5155,4,,,0,105,,6154,4,,,0,127,,6152,4,,,0,115,,5154,4,,,0,102,,5148,4,,,0,107,,5153,4,,,0,144,,5149,4,,,0,111,,5146,4,,,0,324,,5150,4,0,9 10 11,0,200,,5147,4,0,9 10 11,0
2001,'5221',903,,5156,4,,,0,226,,5158,4,,,0,219,,5157,4,,,0,209,,5159,4,,,0,266,,5160,4,,,0
2501,'5014',822,,5176,4,,,0,216,,6158,5,,,0,217,,5178,4,,,0,174,,5179,5,,,0,373,,5180,5,,,0,225,,5181,4,,,0
2501,'5015',818,,6159,4,,,0,220,,5185,5,,,0,215,,5184,5,,,0,505,,5186,4,,,0,270,,5182,5,,,0
2501,'5221',818,,5187,4,,,0,220,,5188,5,,,0,215,,5189,5,,,0,505,,5190,4,,,0,270,,5191,5,,,0
7201,'4623',1449,,6387,4,,,0
7201,'5014',712,,5682,4,,,0,36,,5680,4,,,0,75,,5681,4,,,0,34,,5658,4,,,0,77,,5659,4,,,0,74,,5661,4,,,0,36,,5663,4,,,0,75,,5660,4,,,0,35,,5664,4,,,0,75,,5662,4,,,0,75,,5665,4,,,0,35,,5666,4,,,0,75,,5667,4,,,0,110,,5668,4,,,0,35,,6388,4,,,0,75,,6389,4,,,0,75,,5671,4,,,0,34,,5672,4,,,0,75,,5673,4,,,0,36,,5675,4,,,0,75,,6391,4,,,0,105,,6392,4,,,0,100,,6390,4,,,0,100,,6393,4,,,0,100,,6394,4,,,0
7201,'5015',718,,5685,4,,,0,110,,6395,4,,,0,95,,6397,4,,,0,78,,5686,4,,,0,32,,6398,4,,,0,75,,5687,4,,,0,35,,5693,4,,,0,75,,6396,4,,,0,35,,5694,4,,,0,83,,5696,4,,,0,67,,6399,4,,,0,43,,5698,4,,,0,67,,5699,4,,,0,43,,6400,4,,,0,67,,5684,4,,,0,77,,5701,4,,,0,33,,6401,4,,,0,75,,6402,4,,,0,35,,6403,4,,,0,75,,5706,4,,,0,97,,5705,4,,,0,122,,5689,4,,,0,100,,5690,4,,,0,100,,5691,4,,,0
7201,'5221',751,,6404,4,,,0,152,,5709,4,,,0,111,,5711,4,,,0,115,,6405,4,,,0,104,,5710,4,,,0,115,,5714,4,,,0,107,,5715,4,,,0,151,,5716,4,,,0,106,,5717,4,,,0,111,,5708,4,,,0,115,,5713,4,,,0
7201,'5222',1449,,6406,4,,,0
1002001,'4623',922,,6423,4,,,0,606,,5889,4,,,0
1002001,'5014',717,,5890,4,,,0,111,,5891,4,,,0,220,,5892,4,,,0,110,,6424,4,,,0,150,,5894,4,,,0,35,,5895,4,,,0,75,,5896,4,,,0,220,,5897,4,,,0,112,,6425,4,,,0,108,,5899,4,,,0,178,,5900,4,,,0,201,,5901,4,,,0
1002001,'5015',714,,6427,4,,,0,113,,5907,4,,,0,111,,6426,4,,,0,111,,5905,4,,,0,103,,6429,4,,,0,156,,5912,4,,,0,110,,5903,4,,,0,104,,5909,4,,,0,117,,5904,4,,,0,109,,5910,4,,,0,164,,5908,4,,,0,103,,6430,4,,,0,219,,6428,4,,,0
1002001,'5221',750,,6433,4,,,0,251,,5919,4,,,0,232,,6431,4,,,0,222,,5917,4,,,0,258,,6432,4,,,0,305,,5918,4,,,0
1002001,'5222',922,,6434,4,,,0,606,,5922,4,,,0
