2000,'5035',610,,3758,34,0,9 12 2 5,0,108,,2517,34,0,9 12 2 5,0,107,,3759,34,0,9 12 2 5,0,402,,3752,34,0,9 12 2 5,0,324,,3755,34,0,9 12 2 5,0,159,,2512,34,0,9 12 2 5,0,293,,2514,34,0,9 12 2 5,0,203,,3757,34,0,9 12 2 5,0
2000,'5041',1943,,2524,34,0,9 12 2 5,0,258,,2530,34,0,9 12 2 5,0,102,,2526,34,0,9 12 2 5,0
2001,'5035',747,,3770,26,0,9 10 11,0,73,,2547,26,0,9 10 11,0,695,,3767,26,0,9 10 11,0,839,,2544,26,0,9 10 11,0
2001,'5038',1838,,2548,26,0,9 10 11,0,319,,2549,26,0,9 10 11,0
2001,'5039',1838,,2550,26,0,9 10 11,0,319,,2551,26,0,9 10 11,0
2001,'5040',1838,,2552,26,0,9 10 11,0,319,,2553,26,0,9 10 11,0
2001,'5041',2155,,2559,26,0,9 10 11,0,199,,2556,26,0,9 10 11,0
7201,'5034',810,,4128,29,,,0,113,,3132,29,,,0,111,,3134,29,,,0,116,,3135,29,,,0,104,,3133,29,,,0,155,,3137,29,,,0,107,,3138,29,,,0,111,,3139,29,,,0,106,,4129,29,,,0,110,,3131,29,,,0,115,,3136,29,,,0
7201,'5035',732,,3163,29,,,0,79,,4140,29,,,0,34,,3162,29,,,0,74,,3141,29,,,0,35,,3142,29,,,0,75,,4131,29,,,0,76,,3146,29,,,0,35,,4130,29,,,0,75,,3147,29,,,0,35,,4132,29,,,0,75,,3148,29,,,0,75,,4133,29,,,0,35,,3150,29,,,0,75,,3151,29,,,0,35,,3152,29,,,0,75,,4134,29,,,0,35,,4135,29,,,0,149,,4136,29,,,0,34,,3156,29,,,0,75,,4137,29,,,0,35,,4138,29,,,0,105,,4139,29,,,0,100,,3157,29,,,0
7201,'5036',1730,,3164,29,,,0
7201,'5037',2252,,4141,29,,,0,99,,4142,29,,,0
7201,'5039',2252,,4143,29,,,0,99,,4144,29,,,0
7201,'5040',1730,,4145,29,,,0
7201,'5041',737,,4146,29,,,0,110,,3170,29,,,0,96,,4148,29,,,0,78,,3173,29,,,0,34,,4150,29,,,0,75,,3174,29,,,0,75,,4149,29,,,0,35,,3175,29,,,0,75,,3181,29,,,0,43,,3183,29,,,0,67,,3184,29,,,0,83,,3185,29,,,0,27,,3186,29,,,0,82,,3187,29,,,0,27,,3171,29,,,0,77,,4151,29,,,0,32,,4152,29,,,0,75,,4153,29,,,0,75,,4154,29,,,0,35,,4156,29,,,0,96,,4155,29,,,0,122,,3176,29,,,0,100,,3177,29,,,0,99,,4147,29,,,0
1002000,'5034',718,,4180,40,,,0,218,,3344,40,,,0,210,,3343,40,,,0,272,,3348,40,,,0,218,,3345,40,,,0,277,,3346,40,,,0
1002000,'5035',845,,4182,40,,,0,602,,3356,40,,,0,859,,3360,40,,,0
1002000,'5038',2106,,3361,40,,,0
1002000,'5039',2106,,3362,40,,,0
1002000,'5040',2106,,3363,40,,,0
1002000,'5041',642,,3369,40,,,0,112,,3370,40,,,0,150,,3365,40,,,0,107,,4186,40,,,0,115,,3373,40,,,0,106,,3371,40,,,0,100,,3366,40,,,0,112,,3374,40,,,0,158,,3367,40,,,0,110,,4187,40,,,0,125,,3368,40,,,0,264,,4185,40,,,0
1002001,'5034',809,,3381,26,,,0,212,,3380,26,,,0,232,,4188,26,,,0,262,,4189,26,,,0,217,,3377,26,,,0,305,,3379,26,,,0
1002001,'5035',941,,4192,26,,,0,464,,3388,26,,,0,35,,4194,26,,,0,109,,3390,26,,,0,109,,4195,26,,,0,397,,4197,26,,,0,200,,3395,26,,,0
1002001,'5041',733,,3400,26,,,0,113,,4200,26,,,0,111,,3396,26,,,0,151,,4199,26,,,0,103,,4204,26,,,0,117,,3406,26,,,0,110,,4198,26,,,0,104,,3403,26,,,0,116,,3398,26,,,0,149,,4202,26,,,0,124,,4201,26,,,0,103,,4205,26,,,0,219,,4203,26,,,0
