500,'5034',910,,1954,27,0,5,0,110,,3518,27,0,5,0,112,,3516,27,0,5,0,100,,3517,27,0,5,0,170,,3519,27,0,5,0,104,,1953,27,0,5,0,116,,1960,27,0,5,0,110,,1959,27,0,5,0,109,,1961,27,0,5,0,110,,1957,27,0,5,0
500,'5035',635,,3522,27,0,5,0,86,,1968,27,0,5,0,117,,1972,27,0,5,0,106,,1963,27,0,5,0,110,,1967,27,0,5,0,101,,1965,27,0,5,0,99,,1966,27,0,5,0,169,,3523,27,0,5,0,99,,3521,27,0,5,0,501,,3524,27,0,5,0,108,,3525,27,0,5,0,108,,1973,27,0,5,0,89,,1975,27,0,5,0
500,'5036',1908,,1977,27,0,5,0
500,'5038',1637,,3529,27,0,5,0,117,,3528,27,0,5,0
500,'5039',1637,,3532,27,0,5,0,117,,3531,27,0,5,0
500,'5040',1637,,3536,27,0,5,0,117,,3534,27,0,5,0,154,,3535,27,0,5,0
500,'5041',823,,1988,27,0,5,0,196,,3537,27,0,5,0,110,,1990,27,0,5,0,116,,1991,27,0,5,0,157,,3538,27,0,5,0,109,,1993,27,0,5,0,110,,3539,27,0,5,0,108,,1995,27,0,5,0,112,,1996,27,0,5,0,109,,3540,27,0,5,0,105,,3541,27,0,5,0,147,,1999,27,0,5,0,109,,2000,27,0,5,0
600,'5034',717,,3566,27,,,0,111,,2060,27,,,0,110,,2059,27,,,0,111,,2057,27,,,0,151,,2054,27,,,0,109,,2061,27,,,0,110,,2051,27,,,0,111,,2058,27,,,0,111,,2056,27,,,0,111,,2062,27,,,0,106,,2055,27,,,0,151,,2053,27,,,0
600,'5035',642,,3573,27,,,0,88,,3570,27,,,0,29,,2065,27,,,0,75,,2063,27,,,0,83,,2069,27,,,0,113,,2074,27,,,0,120,,3567,27,,,0,163,,2075,27,,,0,118,,3568,27,,,0,94,,2068,27,,,0,23,,3569,27,,,0,266,,2072,27,,,0,111,,3571,27,,,0,114,,3572,27,,,0,112,,2077,27,,,0,151,,3574,27,,,0,50,,2079,27,,,0
600,'5038',1700,,2080,27,,,0
600,'5039',1700,,2081,27,,,0
600,'5040',1700,,2082,27,,,0
600,'5041',718,,2088,27,,,0,111,,2091,27,,,0,109,,2085,27,,,0,110,,2095,27,,,0,108,,2086,27,,,0,159,,2089,27,,,0,106,,3578,27,,,0,112,,2092,27,,,0,108,,3579,27,,,0,116,,3575,27,,,0,143,,3577,27,,,0,108,,3576,27,,,0,109,,2096,27,,,0,110,,2097,27,,,0,100,,2093,27,,,0
