4000,'4623',1227,,5384,5,,,0
4000,'5014',603,,5413,5,,,0,29,,5414,5,,,0,27,,5415,5,,,0,68,,5416,5,,,0,28,,5417,5,,,0,72,,5392,5,,,0,31,,5393,5,,,0,72,,5394,5,,,0,70,,5395,5,,,0,28,,5396,5,,,0,30,,5397,5,,,0,70,,5398,5,,,0,29,,5399,5,,,0,99,,5400,5,,,0,69,,5401,5,,,0,28,,5403,5,,,0,69,,5402,5,,,0,31,,5404,5,,,0,69,,5405,5,,,0,32,,5406,5,,,0,70,,5407,5,,,0,33,,5408,5,,,0,71,,5409,5,,,0,77,,5410,5,,,0,32,,5411,5,,,0,70,,5412,5,,,0,32,,5388,5,,,0,71,,5389,5,,,0,32,,5387,5,,,0,70,,5390,5,,,0,32,,5386,5,,,0,70,,5391,5,,,0,32,,5385,5,,,0
4000,'5015',643,,5437,5,,,0,70,,5442,5,,,0,34,,5430,5,,,0,77,,5422,5,,,0,32,,5438,5,,,0,74,,5419,5,,,0,77,,5435,5,,,0,32,,5420,5,,,0,74,,5426,5,,,0,35,,5429,5,,,0,75,,5418,5,,,0,35,,5423,5,,,0,75,,5427,5,,,0,75,,5436,5,,,0,35,,5441,5,,,0,78,,5425,5,,,0,32,,5431,5,,,0,75,,5440,5,,,0,79,,5439,5,,,0,31,,5428,5,,,0,76,,5432,5,,,0,35,,5443,5,,,0,75,,5421,5,,,0,78,,5444,5,,,0,35,,5433,5,,,0,104,,5424,5,,,0,100,,5434,5,,,0
4000,'5221',709,,5450,5,,,0,116,,5460,5,,,0,106,,5447,5,,,0,75,,5463,5,,,0,32,,5449,5,,,0,85,,5445,5,,,0,28,,5464,5,,,0,75,,5458,5,,,0,74,,5459,5,,,0,35,,5454,5,,,0,75,,5451,5,,,0,33,,5453,5,,,0,77,,5448,5,,,0,35,,5456,5,,,0,75,,5455,5,,,0,75,,5462,5,,,0,35,,5446,5,,,0,75,,5457,5,,,0,35,,5452,5,,,0,75,,5461,5,,,0
4000,'5222',1227,,5465,5,,,0
1002000,'4623',1023,,5856,5,,,0,397,,5857,5,,,0
1002000,'5014',621,,5858,5,,,0,107,,5859,5,,,0,185,,5860,5,,,0,219,,5861,5,,,0,110,,5862,5,,,0,368,,5863,5,,,0,113,,5864,5,,,0,113,,5865,5,,,0,207,,5866,5,,,0,200,,5867,5,,,0
1002000,'5015',620,,5873,5,,,0,112,,5874,5,,,0,110,,5869,5,,,0,107,,5876,5,,,0,154,,5877,5,,,0,106,,5875,5,,,0,100,,5870,5,,,0,112,,5878,5,,,0,118,,5871,5,,,0,110,,5879,5,,,0,165,,5872,5,,,0,225,,5868,5,,,0
1002000,'5221',656,,5884,5,,,0,258,,5881,5,,,0,209,,5880,5,,,0,231,,5885,5,,,0,257,,5882,5,,,0,240,,5883,5,,,0
1002000,'5222',1023,,5886,5,,,0,397,,5887,5,,,0
