2000,'5034',828,,2499,26,,,0,218,,2502,26,,,0,259,,2501,26,,,0,221,,2503,26,,,0,225,,2500,26,,,0
2000,'5035',603,,3758,26,0,9 12 2 5,0,108,,2517,26,0,9 12 2 5,0,107,,3759,26,0,9 12 2 5,0,38,,3749,26,,,0,149,,3750,26,,,0,110,,3751,26,,,0,105,,3752,26,0,9 12 2 5,0,115,,3753,26,,,0,78,,2509,26,,,0,110,,3754,26,,,0,20,,3755,26,0,9 12 2 5,0,160,,2512,26,0,9 12 2 5,0,117,,3756,26,,,0,136,,2514,26,0,9 12 2 5,0,203,,3757,26,0,9 12 2 5,0
2000,'5041',819,,2528,26,,,0,112,,2527,26,,,0,100,,2529,26,,,0,118,,2519,26,,,0,108,,2520,26,,,0,151,,2522,26,,,0,111,,2523,26,,,0,111,,3760,26,,,0,103,,3761,26,,,0,204,,2524,26,0,9 12 2 5,0,218,,2530,26,0,9 12 2 5,0,102,,2526,26,0,9 12 2 5,0
9200,'5038',1432,,4167,22,,,0,2,,3261,22,,,0
9200,'5039',1530,,4169,22,,,0,2,,4168,22,,,0
9200,'5040',1411,,4170,22,,,0,2,,3265,22,,,0
1002000,'5034',712,,4180,32,,,0,218,,3344,32,,,0,209,,3343,32,,,0,272,,3348,32,,,0,218,,3345,32,,,0,278,,3346,32,,,0
1002000,'5035',637,,3349,32,,,0,108,,4181,32,,,0,93,,4182,32,,,0,91,,4183,32,,,0,110,,3353,32,,,0,110,,3354,32,,,0,110,,4184,32,,,0,180,,3356,32,,,0,190,,3357,32,,,0,113,,3358,32,,,0,112,,3359,32,,,0,405,,3360,32,,,0
1002000,'5038',2059,,3361,32,,,0
1002000,'5039',2059,,3362,32,,,0
1002000,'5040',2059,,3363,32,,,0
1002000,'5041',636,,3369,32,,,0,112,,3370,32,,,0,110,,3365,32,,,0,147,,4186,32,,,0,114,,3373,32,,,0,106,,3371,32,,,0,100,,3366,32,,,0,112,,3374,32,,,0,118,,3367,32,,,0,150,,4187,32,,,0,125,,3368,32,,,0,225,,4185,32,,,0
