501,'5034',838,,2005,11,,,0,110,,2007,11,,,0,111,,2002,11,,,0,100,,2003,11,,,0,170,,2009,11,,,0,104,,2004,11,,,0,116,,2011,11,,,0,110,,2010,11,,,0,150,,2012,11,,,0,110,,2008,11,,,0,110,,2006,11,,,0
501,'5035',648,,2017,11,,,0,110,,2021,11,,,0,150,,2013,11,,,0,110,,2018,11,,,0,101,,2015,11,,,0,99,,2016,11,,,0,128,,2020,11,,,0,98,,2014,11,,,0,504,,2019,11,,,0,109,,2023,11,,,0,151,,2022,11,,,0,49,,2024,11,,,0
501,'5036',1833,,2026,11,,,0
501,'5038',1559,,2028,11,,,0,159,,2029,11,,,0
501,'5039',1559,,2031,11,,,0,159,,2032,11,,,0
501,'5040',1559,,2035,11,,,0,159,,2036,11,,,0,115,,2034,11,,,0
501,'5041',751,,2039,11,,,0,196,,2040,11,,,0,109,,2041,11,,,0,156,,2042,11,,,0,117,,2043,11,,,0,109,,2044,11,,,0,110,,2045,11,,,0,109,,2046,11,,,0,152,,2047,11,,,0,110,,2048,11,,,0,105,,2049,11,,,0,107,,2050,11,,,0,109,,2038,11,,,0
600,'5034',703,,2052,4,,,0,110,,2060,4,,,0,110,,2059,4,,,0,110,,2057,4,,,0,111,,2054,4,,,0,109,,2061,4,,,0,150,,2051,4,,,0,111,,2058,4,,,0,111,,2056,4,,,0,111,,2062,4,,,0,107,,2055,4,,,0,111,,2053,4,,,0
600,'5035',627,,2076,4,,,0,88,,2070,4,,,0,28,,2065,4,,,0,72,,2063,4,,,0,86,,2069,4,,,0,113,,2074,4,,,0,119,,2064,4,,,0,122,,2075,4,,,0,155,,2066,4,,,0,94,,2068,4,,,0,23,,2067,4,,,0,229,,2072,4,,,0,153,,2071,4,,,0,114,,2073,4,,,0,113,,2077,4,,,0,111,,2078,4,,,0,92,,2079,4,,,0
600,'5038',1642,,2080,4,,,0
600,'5039',1642,,2081,4,,,0
600,'5040',1642,,2082,4,,,0
600,'5041',703,,2088,4,,,0,110,,2091,4,,,0,109,,2085,4,,,0,110,,2095,4,,,0,108,,2086,4,,,0,119,,2089,4,,,0,145,,2090,4,,,0,112,,2092,4,,,0,108,,2094,4,,,0,116,,2083,4,,,0,104,,2087,4,,,0,109,,2084,4,,,0,150,,2096,4,,,0,110,,2097,4,,,0,100,,2093,4,,,0
