4000,'4623',1305,,6230,40,,,0
4000,'5014',633,,6259,40,,,0,70,,6260,40,,,0,30,,6261,40,,,0,71,,6262,40,,,0,31,,6263,40,,,0,70,,6238,40,,,0,30,,6239,40,,,0,70,,6240,40,,,0,30,,6241,40,,,0,69,,6242,40,,,0,31,,6243,40,,,0,70,,6244,40,,,0,30,,6245,40,,,0,99,,6246,40,,,0,70,,6247,40,,,0,29,,6249,40,,,0,70,,6248,40,,,0,30,,6250,40,,,0,70,,6251,40,,,0,30,,6252,40,,,0,72,,6253,40,,,0,30,,6254,40,,,0,70,,6255,40,,,0,37,,6256,40,,,0,71,,6257,40,,,0,30,,6258,40,,,0,70,,6234,40,,,0,30,,6235,40,,,0,72,,6233,40,,,0,30,,6236,40,,,0,70,,6232,40,,,0,29,,6237,40,,,0,71,,6231,40,,,0
4000,'5015',714,,6283,40,,,0,32,,6288,40,,,0,74,,6276,40,,,0,37,,6268,40,,,0,73,,6284,40,,,0,74,,6265,40,,,0,37,,6281,40,,,0,73,,6266,40,,,0,35,,6272,40,,,0,75,,6275,40,,,0,76,,6264,40,,,0,35,,6269,40,,,0,75,,6273,40,,,0,35,,6282,40,,,0,75,,6287,40,,,0,37,,6271,40,,,0,72,,6277,40,,,0,75,,6286,40,,,0,39,,6285,40,,,0,71,,6274,40,,,0,36,,6278,40,,,0,74,,6289,40,,,0,35,,6267,40,,,0,76,,6290,40,,,0,75,,6279,40,,,0,104,,6270,40,,,0,99,,6280,40,,,0
4000,'5221',740,,6296,40,,,0,117,,6306,40,,,0,147,,6293,40,,,0,35,,6309,40,,,0,72,,6295,40,,,0,45,,6291,40,,,0,68,,6310,40,,,0,35,,6304,40,,,0,75,,6305,40,,,0,75,,6300,40,,,0,35,,6297,40,,,0,73,,6299,40,,,0,37,,6294,40,,,0,75,,6302,40,,,0,75,,6301,40,,,0,35,,6308,40,,,0,75,,6292,40,,,0,35,,6303,40,,,0,74,,6298,40,,,0,35,,6307,40,,,0
4000,'5222',1305,,6311,40,,,0
4001,'4623',702,,6313,11,,,0,435,,6312,11,,,0
4001,'5014',631,,5497,11,,,0,102,,6332,11,,,0,71,,6331,11,,,0,34,,6323,11,,,0,69,,5480,11,,,0,30,,6324,11,,,0,70,,5481,11,,,0,30,,6325,11,,,0,70,,6326,11,,,0,102,,5484,11,,,0,30,,5485,11,,,0,70,,6327,11,,,0,30,,5487,11,,,0,70,,5488,11,,,0,30,,5489,11,,,0,70,,5490,11,,,0,30,,6328,11,,,0,70,,5491,11,,,0,30,,6329,11,,,0,70,,6333,11,,,0,30,,5495,11,,,0,69,,6330,11,,,0,30,,5496,11,,,0,77,,6322,11,,,0,30,,5476,11,,,0,69,,6321,11,,,0,29,,6317,11,,,0,70,,6320,11,,,0,31,,6316,11,,,0,69,,6319,11,,,0,30,,6315,11,,,0,70,,6318,11,,,0,30,,6314,11,,,0
4001,'5015',659,,5528,11,,,0,83,,6343,11,,,0,74,,5525,11,,,0,33,,6346,11,,,0,76,,5514,11,,,0,77,,6345,11,,,0,36,,6334,11,,,0,75,,5523,11,,,0,36,,6336,11,,,0,75,,6338,11,,,0,35,,6339,11,,,0,76,,6347,11,,,0,75,,6335,11,,,0,31,,5519,11,,,0,78,,6340,11,,,0,35,,5520,11,,,0,75,,5506,11,,,0,74,,6341,11,,,0,35,,6344,11,,,0,76,,5508,11,,,0,34,,5507,11,,,0,75,,5504,11,,,0,35,,5526,11,,,0,74,,6337,11,,,0,75,,6348,11,,,0,35,,6342,11,,,0,100,,5502,11,,,0,101,,5510,11,,,0
4001,'5221',703,,5548,11,,,0,106,,5536,11,,,0,118,,6355,11,,,0,110,,5545,11,,,0,76,,6351,11,,,0,35,,5532,11,,,0,77,,5529,11,,,0,32,,5530,11,,,0,75,,6356,11,,,0,75,,5533,11,,,0,35,,6354,11,,,0,77,,5537,11,,,0,29,,6353,11,,,0,81,,5531,11,,,0,75,,5544,11,,,0,36,,5542,11,,,0,75,,6357,11,,,0,29,,6349,11,,,0,81,,6350,11,,,0,75,,6352,11,,,0
4001,'5222',702,,6359,11,,,0,435,,6358,11,,,0
