4001,'4623',737,,5467,51,,,0,476,,5466,51,,,0
4001,'5014',704,,5497,51,,,0,108,,5499,51,,,0,30,,5498,51,,,0,72,,5478,51,,,0,28,,5480,51,,,0,69,,5479,51,,,0,30,,5481,51,,,0,70,,5482,51,,,0,31,,5483,51,,,0,104,,5484,51,,,0,70,,5485,51,,,0,30,,5486,51,,,0,71,,5487,51,,,0,31,,5488,51,,,0,70,,5489,51,,,0,30,,5490,51,,,0,69,,5492,51,,,0,30,,5491,51,,,0,69,,5493,51,,,0,28,,5500,51,,,0,69,,5495,51,,,0,29,,5494,51,,,0,70,,5496,51,,,0,36,,5477,51,,,0,70,,5476,51,,,0,29,,5475,51,,,0,69,,5471,51,,,0,30,,5474,51,,,0,70,,5470,51,,,0,26,,5473,51,,,0,69,,5469,51,,,0,30,,5472,51,,,0,70,,5468,51,,,0
4001,'5015',734,,5528,51,,,0,84,,5517,51,,,0,34,,5525,51,,,0,74,,5522,51,,,0,77,,5514,51,,,0,37,,5521,51,,,0,76,,5501,51,,,0,35,,5523,51,,,0,76,,5505,51,,,0,76,,5511,51,,,0,35,,5512,51,,,0,76,,5524,51,,,0,35,,5503,51,,,0,71,,5519,51,,,0,37,,5513,51,,,0,75,,5520,51,,,0,75,,5506,51,,,0,32,,5515,51,,,0,75,,5518,51,,,0,35,,5508,51,,,0,74,,5507,51,,,0,35,,5504,51,,,0,74,,5526,51,,,0,74,,5509,51,,,0,34,,5527,51,,,0,75,,5516,51,,,0,100,,5502,51,,,0,100,,5510,51,,,0
4001,'5221',736,,5548,51,,,0,107,,5536,51,,,0,161,,5543,51,,,0,110,,5545,51,,,0,36,,5538,51,,,0,75,,5532,51,,,0,78,,5529,51,,,0,32,,5530,51,,,0,75,,5546,51,,,0,35,,5533,51,,,0,75,,5541,51,,,0,37,,5537,51,,,0,67,,5540,51,,,0,80,,5531,51,,,0,35,,5544,51,,,0,75,,5542,51,,,0,33,,5547,51,,,0,69,,5534,51,,,0,40,,5535,51,,,0,75,,5539,51,,,0
4001,'5222',737,,5550,51,,,0,476,,5549,51,,,0
1002001,'4623',1010,,5888,64,,,0,610,,5889,64,,,0
1002001,'5014',749,,5890,47,,,0,152,,5891,47,,,0,219,,5892,47,,,0,110,,5893,47,,,0,111,,5894,47,,,0,97,,5895,64,,,0,76,,5896,64,,,0,213,,5897,64,,,0,94,,5898,47,,,0,107,,5899,47,,,0,192,,5900,64,,,0,200,,5901,64,,,0
1002001,'5015',757,,5906,64,,,0,155,,5907,64,,,0,112,,5902,64,,,0,111,,5905,64,,,0,103,,5913,64,,,0,117,,5912,64,,,0,150,,5903,64,,,0,103,,5909,64,,,0,115,,5904,64,,,0,109,,5910,64,,,0,124,,5908,64,,,0,102,,5914,64,,,0,259,,5911,64,,,0
1002001,'5221',834,,5920,64,,,0,215,,5919,64,,,0,271,,5915,64,,,0,222,,5917,64,,,0,216,,5916,64,,,0,343,,5918,64,,,0
1002001,'5222',1010,,5921,64,,,0,610,,5922,64,,,0
