101,'5014',631,,4505,2,,,0,70,,5964,2,,,0,19,,5965,2,,,0,20,,4502,2,,,0,61,,4506,2,,,0,19,,4507,2,,,0,17,,4501,2,,,0,65,,4500,2,,,0,32,,4497,2,,,0,72,,4495,2,,,0,25,,4499,2,,,0,70,,4486,2,,,0,26,,5962,2,,,0,74,,5956,2,,,0,34,,4494,2,,,0,66,,5968,2,,,0,33,,5960,2,,,0,67,,5958,2,,,0,33,,4492,2,,,0,15,,4514,2,,,0,60,,5957,2,,,0,25,,4475,2,,,0,17,,5963,2,,,0,61,,5954,2,,,0,22,,4485,2,,,0,17,,4476,2,,,0,60,,5959,2,,,0,25,,4489,2,,,0,15,,4515,2,,,0,58,,5961,2,,,0,32,,5955,2,,,0,65,,4510,2,,,0,30,,4481,2,,,0,70,,4509,2,,,0,30,,4482,2,,,0,70,,4512,2,,,0,30,,4483,2,,,0,70,,5966,2,,,0,30,,4484,2,,,0,70,,5967,2,,,0,32,,4479,2,,,0,85,,4478,2,,,0
101,'5015',705,,5976,2,,,0,30,,5989,2,,,0,70,,4531,2,,,0,27,,4536,2,,,0,73,,5973,2,,,0,22,,4522,2,,,0,80,,5981,2,,,0,28,,5977,2,,,0,69,,5969,2,,,0,31,,5971,2,,,0,68,,4542,2,,,0,32,,4533,2,,,0,71,,4524,2,,,0,30,,5983,2,,,0,70,,4535,2,,,0,30,,4523,2,,,0,70,,4544,2,,,0,30,,4539,2,,,0,70,,4518,2,,,0,33,,5975,2,,,0,67,,4521,2,,,0,30,,5978,2,,,0,70,,4545,2,,,0,30,,5984,2,,,0,70,,5979,2,,,0,30,,5980,2,,,0,69,,5972,2,,,0,32,,5985,2,,,0,68,,5970,2,,,0,37,,5987,2,,,0,63,,5982,2,,,0,30,,5988,2,,,0,70,,5986,2,,,0,31,,5974,2,,,0,80,,4541,2,,,0
101,'5221',751,,4561,2,,,0,70,,5995,2,,,0,30,,4564,2,,,0,68,,4563,2,,,0,32,,5998,2,,,0,72,,5994,2,,,0,31,,4570,2,,,0,73,,4573,2,,,0,28,,4554,2,,,0,70,,4558,2,,,0,30,,5997,2,,,0,70,,4575,2,,,0,30,,4574,2,,,0,70,,4553,2,,,0,30,,4565,2,,,0,70,,4559,2,,,0,30,,5993,2,,,0,70,,5991,2,,,0,30,,4562,2,,,0,70,,5992,2,,,0,30,,4577,2,,,0,70,,4576,2,,,0,30,,4568,2,,,0,70,,5990,2,,,0,30,,4569,2,,,0,70,,4578,2,,,0,81,,5996,2,,,0
2001,'5014',641,,6150,2,,,0,116,,6151,2,0,9 10 11,0,145,,5132,2,,,0,109,,6146,2,,,0,110,,5134,2,,,0,110,,5135,2,,,0,220,,5136,2,0,9 10 11,0,150,,5137,2,,,0,110,,5138,2,,,0,106,,6147,2,0,9 10 11,0,114,,6148,2,,,0,205,,5141,2,0,9 10 11,0,200,,6149,2,0,9 10 11,0
2001,'5015',911,,6153,2,,,0,48,,5155,2,,,0,145,,6154,2,,,0,127,,6152,2,,,0,115,,5154,2,,,0,102,,5148,2,,,0,107,,5153,2,,,0,104,,5149,2,,,0,151,,5146,2,,,0,325,,5150,2,0,9 10 11,0,200,,5147,2,0,9 10 11,0
2001,'5221',901,,5156,2,,,0,226,,5158,2,,,0,219,,5157,2,,,0,209,,5159,2,,,0,266,,5160,2,,,0
2501,'5014',820,,5176,2,,,0,216,,6158,3,,,0,217,,5178,2,,,0,174,,5179,3,,,0,373,,5180,3,,,0,225,,5181,2,,,0
2501,'5015',816,,6159,2,,,0,220,,5185,3,,,0,215,,5184,3,,,0,505,,5186,2,,,0,270,,5182,3,,,0
2501,'5221',816,,5187,2,,,0,220,,5188,3,,,0,215,,5189,3,,,0,505,,5190,2,,,0,270,,5191,3,,,0
3001,'5014',622,,6187,2,,,0,85,,5277,2,,,0,36,,6189,2,,,0,75,,6188,2,,,0,35,,5254,2,,,0,74,,5255,2,,,0,75,,5256,2,,,0,35,,6180,2,,,0,75,,5258,2,,,0,35,,5259,2,,,0,75,,5261,2,,,0,35,,5262,2,,,0,75,,5263,2,,,0,75,,6181,2,,,0,35,,5264,2,,,0,77,,5265,2,,,0,35,,6182,2,,,0,75,,5267,2,,,0,75,,6183,2,,,0,35,,5269,2,,,0,75,,5270,2,,,0,35,,5271,2,,,0,76,,5273,2,,,0,109,,6185,2,,,0,101,,6186,2,,,0,98,,6184,2,,,0,100,,5276,2,,,0
3001,'5015',733,,6197,2,,,0,107,,5291,2,,,0,77,,6194,2,,,0,36,,5293,2,,,0,77,,5290,2,,,0,75,,5295,2,,,0,35,,5284,2,,,0,76,,5301,2,,,0,35,,5302,2,,,0,76,,5282,2,,,0,75,,5285,2,,,0,31,,6192,2,,,0,77,,6196,2,,,0,35,,5296,2,,,0,76,,6191,2,,,0,33,,6199,2,,,0,75,,5281,2,,,0,76,,5303,2,,,0,35,,6190,2,,,0,75,,5288,2,,,0,108,,6195,2,,,0,110,,5283,2,,,0,100,,6198,2,,,0,102,,6193,2,,,0
3001,'5221',758,,5311,2,,,0,161,,5308,2,,,0,110,,5305,2,,,0,110,,5314,2,,,0,109,,6202,2,,,0,110,,5315,2,,,0,152,,6203,2,,,0,109,,6201,2,,,0,111,,5309,2,,,0,104,,6200,2,,,0,115,,5310,2,,,0
7201,'4623',1447,,6387,2,,,0
7201,'5014',711,,5682,2,,,0,35,,5680,2,,,0,75,,5681,2,,,0,34,,5658,2,,,0,78,,5659,2,,,0,74,,5661,2,,,0,35,,5663,2,,,0,75,,5660,2,,,0,35,,5664,2,,,0,75,,5662,2,,,0,75,,5665,2,,,0,35,,5666,2,,,0,75,,5667,2,,,0,110,,5668,2,,,0,35,,6388,2,,,0,75,,6389,2,,,0,75,,5671,2,,,0,35,,5672,2,,,0,75,,5673,2,,,0,36,,5675,2,,,0,75,,6391,2,,,0,105,,6392,2,,,0,100,,6390,2,,,0,100,,6393,2,,,0,100,,6394,2,,,0
7201,'5015',717,,5685,2,,,0,109,,6395,2,,,0,95,,6397,2,,,0,38,,5686,2,,,0,72,,6398,2,,,0,75,,5687,2,,,0,35,,5693,2,,,0,75,,6396,2,,,0,35,,5694,2,,,0,83,,5696,2,,,0,67,,6399,2,,,0,43,,5698,2,,,0,67,,5699,2,,,0,43,,6400,2,,,0,67,,5684,2,,,0,37,,5701,2,,,0,73,,6401,2,,,0,75,,6402,2,,,0,35,,6403,2,,,0,75,,5706,2,,,0,97,,5705,2,,,0,123,,5689,2,,,0,100,,5690,2,,,0,100,,5691,2,,,0
7201,'5221',749,,6404,2,,,0,152,,5709,2,,,0,111,,5711,2,,,0,115,,6405,2,,,0,104,,5710,2,,,0,115,,5714,2,,,0,107,,5715,2,,,0,151,,5716,2,,,0,106,,5717,2,,,0,111,,5708,2,,,0,115,,5713,2,,,0
7201,'5222',1447,,6406,2,,,0
1002001,'4623',920,,6423,2,,,0,606,,5889,2,,,0
1002001,'5014',716,,5890,2,,,0,110,,5891,2,,,0,220,,5892,2,,,0,110,,6424,2,,,0,150,,5894,2,,,0,35,,5895,2,,,0,75,,5896,2,,,0,220,,5897,2,,,0,112,,6425,2,,,0,108,,5899,2,,,0,178,,5900,2,,,0,202,,5901,2,,,0
1002001,'5015',713,,6427,2,,,0,113,,5907,2,,,0,110,,6426,2,,,0,111,,5905,2,,,0,103,,6429,2,,,0,156,,5912,2,,,0,110,,5903,2,,,0,104,,5909,2,,,0,117,,5904,2,,,0,109,,5910,2,,,0,164,,5908,2,,,0,103,,6430,2,,,0,220,,6428,2,,,0
1002001,'5221',749,,6433,2,,,0,210,,5919,2,,,0,272,,6431,2,,,0,222,,5917,2,,,0,258,,6432,2,,,0,305,,5918,2,,,0
1002001,'5222',920,,6434,2,,,0,606,,5922,2,,,0
