1501,'5034',838,,3735,14,,,0,111,,3739,14,,,0,110,,2462,14,,,0,150,,3736,14,,,0,110,,3734,14,,,0,110,,2465,14,,,0,110,,2468,14,,,0,109,,3733,14,,,0,109,,3738,14,,,0,150,,3737,14,,,0
1501,'5035',850,,2473,14,,,0,69,,3740,14,,,0,30,,2475,14,,,0,70,,2472,14,,,0,30,,3741,14,,,0,70,,3742,14,,,0,29,,3743,14,,,0,71,,3744,14,,,0,103,,2481,14,,,0,27,,2480,14,,,0,508,,3745,14,,,0,260,,3746,14,,,0
1501,'5038',2007,,2484,14,,,0
1501,'5039',2007,,2485,14,,,0
1501,'5040',2007,,2486,14,,,0
1501,'5041',804,,2495,14,,,0,145,,2496,14,,,0,102,,2493,14,,,0,158,,2497,14,,,0,112,,3748,14,,,0,109,,2492,14,,,0,110,,3747,14,,,0,109,,2489,14,,,0,151,,2490,14,,,0,107,,2491,14,,,0,112,,2488,14,,,0,107,,2498,14,,,0
3001,'5034',842,,2670,52,,,0,162,,3814,52,,,0,110,,2664,52,,,0,111,,3817,52,,,0,110,,3815,52,,,0,110,,2674,52,,,0,112,,3816,52,,,0,147,,2666,52,,,0,110,,2668,52,,,0,102,,3813,52,,,0,115,,2669,52,,,0
3001,'5035',704,,3823,52,,,0,48,,3822,52,,,0,79,,2698,52,,,0,18,,2700,52,,,0,56,,2697,52,,,0,17,,2701,52,,,0,17,,2675,52,,,0,75,,2676,52,,,0,35,,3818,52,,,0,75,,2678,52,,,0,35,,2679,52,,,0,76,,2680,52,,,0,75,,2682,52,,,0,35,,2683,52,,,0,77,,2684,52,,,0,36,,3819,52,,,0,76,,2685,52,,,0,76,,2686,52,,,0,107,,2687,52,,,0,34,,3820,52,,,0,74,,2689,52,,,0,34,,2690,52,,,0,74,,2691,52,,,0,75,,2693,52,,,0,107,,2694,52,,,0,196,,3821,52,,,0,100,,2695,52,,,0
3001,'5036',1644,,2702,52,,,0
3001,'5038',2215,,3824,52,,,0
3001,'5039',2215,,3825,52,,,0
3001,'5040',1644,,3826,52,,,0,571,,3827,52,,,0
3001,'5041',817,,2725,52,,,0,108,,3832,52,,,0,77,,3834,52,,,0,36,,2719,52,,,0,77,,2716,52,,,0,35,,2721,52,,,0,77,,2710,52,,,0,76,,2727,52,,,0,35,,2728,52,,,0,76,,2708,52,,,0,35,,2711,52,,,0,71,,2715,52,,,0,37,,2724,52,,,0,75,,3835,52,,,0,74,,3831,52,,,0,33,,3838,52,,,0,75,,3828,52,,,0,35,,3837,52,,,0,74,,3830,52,,,0,35,,2714,52,,,0,148,,3836,52,,,0,108,,3829,52,,,0,100,,2726,52,,,0,101,,3833,52,,,0
1001501,'5035',738,,3332,19,,,0,78,,4176,19,,,0,439,,4177,19,,,0,172,,3333,19,,,0,76,,3334,19,,,0,36,,3337,19,,,0,77,,3340,19,,,0,37,,3339,19,,,0,72,,3336,19,,,0,75,,3338,19,,,0
1001501,'5037',1834,,4178,19,,,0
1001501,'5039',1834,,4179,19,,,0
