500,'4623',1413,,6511,16,,,0,214,,6512,16,,,0,232,,4580,16,,,0
500,'5014',627,,6515,16,,,0,86,,6514,16,,,0,116,,4591,16,,,0,106,,4582,16,,,0,110,,4586,16,,,0,101,,4584,16,,,0,99,,4585,16,,,0,267,,6513,16,,,0,233,,4590,16,,,0,269,,6516,16,,,0,108,,6517,16,,,0,109,,4592,16,,,0,89,,6518,16,,,0
500,'5015',815,,4596,16,,,0,196,,4597,16,,,0,110,,4598,16,,,0,116,,4599,16,,,0,117,,4600,16,,,0,149,,4601,16,,,0,110,,4602,16,,,0,108,,4603,16,,,0,112,,4604,16,,,0,109,,6520,16,,,0,105,,6521,16,,,0,107,,4607,16,,,0,149,,4608,16,,,0
500,'5221',901,,4613,16,,,0,110,,4615,16,,,0,112,,4610,16,,,0,100,,6523,16,,,0,130,,4617,16,,,0,104,,6524,16,,,0,156,,4619,16,,,0,110,,4618,16,,,0,110,,4620,16,,,0,110,,4616,16,,,0
500,'5222',1413,,6526,16,,,0,214,,6527,16,,,0,232,,4622,16,,,0
501,'4623',1350,,6529,13,,,0,253,,6528,13,,,0,234,,4624,13,,,0
501,'5014',651,,6531,13,,,0,151,,4635,13,,,0,110,,4627,13,,,0,110,,4632,13,,,0,101,,4629,13,,,0,99,,4630,13,,,0,226,,6530,13,,,0,274,,4633,13,,,0,230,,6532,13,,,0,149,,6533,13,,,0,110,,4636,13,,,0,89,,6534,13,,,0,54,,6535,1,,,0
501,'5015',754,,4643,13,,,0,196,,4642,13,,,0,109,,4644,13,,,0,156,,4645,13,,,0,117,,4646,13,,,0,109,,4648,13,,,0,110,,4649,13,,,0,149,,4650,13,,,0,112,,4647,13,,,0,110,,6537,13,,,0,105,,6538,13,,,0,107,,4653,13,,,0,109,,4641,13,,,0,110,,6536,1,,,0
501,'5221',841,,4657,13,,,0,110,,4659,13,,,0,152,,4654,13,,,0,100,,6539,13,,,0,130,,4661,13,,,0,104,,6540,13,,,0,116,,4663,13,,,0,150,,4662,13,,,0,110,,4664,13,,,0,110,,4660,13,,,0,110,,6541,13,,,0
501,'5222',1350,,6543,13,,,0,253,,6542,13,,,0,234,,4665,13,,,0
