100,'5014',605,,5935,1,,,0,28,,4400,1,,,0,14,,4409,1,,,0,62,,4403,1,,,0,18,,5934,1,,,0,19,,5933,1,,,0,62,,4401,1,,,0,18,,4395,1,,,0,19,,4394,1,,,0,60,,4396,1,,,0,32,,4388,1,,,0,65,,4393,1,,,0,30,,5927,1,,,0,25,,4397,1,,,0,74,,4380,1,,,0,73,,4389,1,,,0,26,,5928,1,,,0,73,,5932,1,,,0,27,,4411,1,,,0,72,,5930,1,,,0,27,,4383,1,,,0,73,,4387,1,,,0,17,,4371,1,,,0,21,,5929,1,,,0,62,,4370,1,,,0,17,,4391,1,,,0,21,,4372,1,,,0,65,,4381,1,,,0,15,,4410,1,,,0,19,,5931,1,,,0,69,,4375,1,,,0,29,,4404,1,,,0,71,,5926,1,,,0,30,,4405,1,,,0,70,,5924,1,,,0,30,,5936,1,,,0,71,,4374,1,,,0,27,,4407,1,,,0,74,,5925,1,,,0,30,,5937,1,,,0,75,,5923,1,,,0,85,,4384,1,,,0
100,'5015',636,,5940,1,,,0,70,,5948,1,,,0,30,,4424,1,,,0,70,,4427,1,,,0,30,,4431,1,,,0,22,,4439,1,,,0,77,,5939,1,,,0,71,,4422,1,,,0,29,,5942,1,,,0,70,,5943,1,,,0,27,,4423,1,,,0,71,,4417,1,,,0,29,,4437,1,,,0,73,,4432,1,,,0,30,,4434,1,,,0,70,,4418,1,,,0,30,,4415,1,,,0,70,,4438,1,,,0,30,,4412,1,,,0,73,,5941,1,,,0,27,,4428,1,,,0,71,,4425,1,,,0,26,,4416,1,,,0,74,,4426,1,,,0,30,,4433,1,,,0,70,,4444,1,,,0,30,,5944,1,,,0,70,,5947,1,,,0,28,,4413,1,,,0,72,,4441,1,,,0,30,,5945,1,,,0,70,,5938,1,,,0,30,,5946,1,,,0,75,,4436,1,,,0
100,'5221',725,,4466,1,,,0,30,,4465,1,,,0,69,,4456,1,,,0,28,,4455,1,,,0,70,,4446,1,,,0,32,,4459,1,,,0,66,,4468,1,,,0,34,,5951,1,,,0,70,,4469,1,,,0,30,,4453,1,,,0,70,,4454,1,,,0,30,,4470,1,,,0,70,,4448,1,,,0,30,,5953,1,,,0,70,,4461,1,,,0,30,,4451,1,,,0,70,,5950,1,,,0,30,,4460,1,,,0,70,,4471,1,,,0,30,,5949,1,,,0,71,,4447,1,,,0,30,,4450,1,,,0,69,,4472,1,,,0,31,,4463,1,,,0,70,,4449,1,,,0,30,,4473,1,,,0,70,,5952,1,,,0,30,,4474,1,,,0,75,,4458,1,,,0
101,'5014',650,,4505,14,4,,0,73,,5964,14,4,,0,19,,5965,14,4,,0,60,,4502,14,4,,0,21,,4506,14,4,,0,19,,4507,14,4,,0,17,,4501,14,4,,0,65,,4500,14,4,,0,33,,4497,14,4,,0,72,,4495,14,4,,0,25,,4499,14,4,,0,72,,4486,14,4,,0,26,,5962,14,4,,0,74,,5956,14,4,,0,74,,4494,14,4,,0,26,,5968,14,4,,0,33,,5960,14,4,,0,67,,5958,14,4,,0,33,,4492,14,4,,0,56,,4514,14,4,,0,21,,5957,14,4,,0,23,,4475,14,4,,0,57,,5963,14,4,,0,21,,5954,14,4,,0,22,,4485,14,4,,0,57,,4476,14,4,,0,20,,5959,14,4,,0,64,,4489,14,4,,0,15,,4515,14,4,,0,16,,5961,14,4,,0,72,,5955,14,4,,0,23,,4510,14,4,,0,30,,4481,14,4,,0,70,,4509,14,4,,0,30,,4482,14,4,,0,70,,4512,14,4,,0,30,,4483,14,4,,0,70,,5966,14,4,,0,30,,4484,14,4,,0,68,,5967,14,4,,0,32,,4479,14,4,,0,83,,4478,14,4,,0
101,'5015',726,,5976,14,4,,0,30,,5989,14,4,,0,71,,4531,14,4,,0,27,,4536,14,4,,0,75,,5973,14,4,,0,22,,4522,14,4,,0,81,,5981,14,4,,0,69,,5977,14,4,,0,28,,5969,14,4,,0,71,,5971,14,4,,0,28,,4542,14,4,,0,73,,4533,14,4,,0,31,,4524,14,4,,0,70,,5983,14,4,,0,30,,4535,14,4,,0,70,,4523,14,4,,0,30,,4544,14,4,,0,70,,4539,14,4,,0,29,,4518,14,4,,0,72,,5975,14,4,,0,26,,4521,14,4,,0,30,,5978,14,4,,0,70,,4545,14,4,,0,29,,5984,14,4,,0,69,,5979,14,4,,0,30,,5980,14,4,,0,69,,5972,14,4,,0,32,,5985,14,4,,0,68,,5970,14,4,,0,77,,5987,14,4,,0,23,,5982,14,4,,0,29,,5988,14,4,,0,69,,5986,14,4,,0,31,,5974,14,4,,0,80,,4541,14,4,,0
101,'5221',813,,4561,14,4,,0,30,,5995,14,4,,0,71,,4564,14,4,,0,28,,4563,14,4,,0,73,,5998,14,4,,0,32,,5994,14,4,,0,71,,4570,14,4,,0,33,,4573,14,4,,0,70,,4554,14,4,,0,30,,4558,14,4,,0,70,,5997,14,4,,0,30,,4575,14,4,,0,70,,4574,14,4,,0,30,,4553,14,4,,0,70,,4565,14,4,,0,30,,4559,14,4,,0,69,,5993,14,4,,0,29,,5991,14,4,,0,70,,4562,14,4,,0,28,,5992,14,4,,0,70,,4577,14,4,,0,30,,4576,14,4,,0,70,,4568,14,4,,0,29,,5990,14,4,,0,70,,4569,14,4,,0,30,,4578,14,4,,0,81,,5996,14,4,,0
901,'5014',510,,6112,1,,,0,97,,4998,1,,,0,31,,5000,1,,,0,65,,4996,1,,,0,32,,6111,1,,,0,22,,4979,1,,,0,144,,4980,1,,,0,102,,4981,1,,,0,97,,4982,1,,,0,54,,5001,1,,,0,93,,4984,1,,,0,82,,4983,1,,,0,86,,4985,1,,,0,87,,6110,1,,,0,28,,4988,1,,,0,70,,4987,1,,,0,33,,4989,1,,,0,79,,4990,1,,,0,91,,4992,1,,,0,105,,4994,1,,,0,95,,4991,1,,,0,101,,4995,1,,,0,198,,4993,1,,,0
901,'5015',630,,5002,1,,,0,100,,5005,1,,,0,76,,5006,1,,,0,102,,5011,1,,,0,45,,6113,1,,,0,170,,5007,1,,,0,107,,5016,1,,,0,73,,5010,1,,,0,39,,5009,1,,,0,98,,6114,1,,,0,106,,5003,1,,,0,104,,5012,1,,,0,155,,6115,1,,,0,100,,5014,1,,,0,201,,5004,1,,,0
901,'5221',708,,5022,1,,,0,96,,5019,1,,,0,140,,5025,1,,,0,113,,5021,1,,,0,169,,5026,1,,,0,109,,5017,1,,,0,166,,5018,1,,,0,134,,5020,1,,,0,170,,6116,1,,,0,116,,5023,1,,,0
3001,'5014',707,,6187,55,4,,0,48,,5277,55,4,,0,79,,6189,55,4,,0,74,,6188,55,4,,0,34,,5254,55,4,,0,75,,5255,55,4,,0,35,,5256,55,4,,0,76,,6180,55,4,,0,75,,5258,55,4,,0,36,,5259,55,4,,0,75,,5261,55,4,,0,35,,5262,55,4,,0,77,,5263,55,4,,0,76,,6181,55,4,,0,36,,5264,55,4,,0,76,,5265,55,4,,0,34,,6182,55,4,,0,73,,5267,55,4,,0,33,,6183,55,4,,0,74,,5269,55,4,,0,74,,5270,55,4,,0,34,,5271,55,4,,0,75,,5273,55,4,,0,107,,6185,55,4,,0,100,,6186,55,4,,0,96,,6184,55,4,,0,99,,5276,55,4,,0
3001,'5015',820,,6197,55,4,,0,108,,5291,55,4,,0,78,,6194,55,4,,0,36,,5293,55,4,,0,77,,5290,55,4,,0,35,,5295,55,4,,0,77,,5284,55,4,,0,76,,5301,55,4,,0,35,,5302,55,4,,0,76,,5282,55,4,,0,35,,5285,55,4,,0,71,,6192,55,4,,0,77,,6196,55,4,,0,35,,5296,55,4,,0,74,,6191,55,4,,0,32,,6199,55,4,,0,75,,5281,55,4,,0,35,,5303,55,4,,0,74,,6190,55,4,,0,75,,5288,55,4,,0,108,,6195,55,4,,0,108,,5283,55,4,,0,100,,6198,55,4,,0,101,,6193,55,4,,0
3001,'5221',845,,5311,55,4,,0,162,,5308,55,4,,0,110,,5305,55,4,,0,111,,5314,55,4,,0,110,,6202,55,4,,0,110,,5315,55,4,,0,152,,6203,55,4,,0,107,,6201,55,4,,0,110,,5309,55,4,,0,102,,6200,55,4,,0,115,,5310,55,4,,0
