2000,'5035',615,,3758,41,,,0,109,,2517,41,,,0,108,,3759,41,,,0,402,,3752,41,,,0,324,,3755,41,,,0,159,,2512,41,,,0,292,,2514,41,,,0,202,,3757,41,,,0
2000,'5041',1948,,2524,41,,,0,258,,2530,41,,,0,102,,2526,41,,,0
2001,'5035',754,,3770,33,,,0,73,,2547,33,,,0,696,,3767,33,,,0,836,,2544,33,,,0
2001,'5038',1844,,2548,33,,,0,358,,2549,33,,,0
2001,'5039',1844,,2550,33,,,0,358,,2551,33,,,0
2001,'5040',1844,,2552,33,,,0,358,,2553,33,,,0
2001,'5041',2200,,2559,33,,,0,159,,2556,33,,,0
7200,'5034',719,,3077,5,,,0,105,,4103,5,,,0,113,,3069,5,,,0,105,,3071,5,,,0,160,,3070,5,,,0,99,,3072,5,,,0,120,,3073,5,,,0,102,,3074,5,,,0,114,,3075,5,,,0,110,,4104,5,,,0,110,,3068,5,,,0
7200,'5035',634,,3101,5,,,0,75,,4115,5,,,0,33,,3099,5,,,0,77,,4114,5,,,0,34,,3078,5,,,0,74,,3079,5,,,0,75,,3080,5,,,0,35,,4105,5,,,0,75,,3082,5,,,0,35,,4106,5,,,0,75,,3084,5,,,0,35,,4107,5,,,0,75,,3086,5,,,0,76,,4108,5,,,0,35,,3088,5,,,0,75,,3089,5,,,0,35,,3090,5,,,0,75,,4109,5,,,0,75,,4110,5,,,0,114,,4111,5,,,0,35,,3094,5,,,0,152,,4112,5,,,0,102,,4113,5,,,0,100,,3097,5,,,0
7200,'5036',1740,,3102,5,,,0
7200,'5037',2306,,4116,5,,,0
7200,'5039',2306,,4117,5,,,0
7200,'5040',1740,,4118,5,,,0
7200,'5041',700,,3129,5,,,0,55,,4119,5,,,0,88,,3114,5,,,0,61,,3107,5,,,0,48,,4120,5,,,0,76,,3109,5,,,0,74,,4121,5,,,0,43,,3110,5,,,0,67,,4122,5,,,0,42,,3111,5,,,0,68,,3118,5,,,0,83,,3119,5,,,0,27,,3120,5,,,0,84,,3121,5,,,0,26,,3122,5,,,0,84,,3123,5,,,0,26,,3108,5,,,0,78,,4123,5,,,0,72,,4124,5,,,0,35,,4125,5,,,0,108,,4126,5,,,0,156,,4127,5,,,0,102,,3112,5,,,0,100,,3113,5,,,0
1002000,'5034',723,,4180,47,,,0,218,,3344,47,,,0,210,,3343,47,,,0,273,,3348,47,,,0,217,,3345,47,,,0,277,,3346,47,,,0
1002000,'5035',852,,4182,47,,,0,602,,3356,47,,,0,857,,3360,47,,,0
1002000,'5038',2111,,3361,47,,,0
1002000,'5039',2111,,3362,47,,,0
1002000,'5040',2111,,3363,47,,,0
1002000,'5041',647,,3369,47,,,0,112,,3370,47,,,0,150,,3365,47,,,0,107,,4186,47,,,0,115,,3373,47,,,0,106,,3371,47,,,0,101,,3366,47,,,0,112,,3374,47,,,0,157,,3367,47,,,0,110,,4187,47,,,0,125,,3368,47,,,0,264,,4185,47,,,0
1002001,'5034',814,,3381,33,,,0,212,,3380,33,,,0,232,,4188,33,,,0,262,,4189,33,,,0,217,,3377,33,,,0,305,,3379,33,,,0
1002001,'5035',948,,4192,33,,,0,464,,3388,33,,,0,36,,4194,33,,,0,108,,3390,33,,,0,149,,4195,33,,,0,395,,4197,33,,,0,200,,3395,33,,,0
1002001,'5041',738,,3400,33,,,0,113,,4200,33,,,0,151,,3396,33,,,0,111,,4199,33,,,0,103,,4204,33,,,0,117,,3406,33,,,0,110,,4198,33,,,0,104,,3403,33,,,0,156,,3398,33,,,0,109,,4202,33,,,0,124,,4201,33,,,0,103,,4205,33,,,0,219,,4203,33,,,0
