2000,'5034',826,,2499,22,,,0,218,,2502,22,,,0,259,,2501,22,,,0,221,,2503,22,,,0,225,,2500,22,,,0
2000,'5035',601,,3758,22,0,9 12 2 5,0,108,,2517,22,0,9 12 2 5,0,106,,3759,22,0,9 12 2 5,0,39,,3749,22,,,0,149,,3750,22,,,0,110,,3751,22,,,0,105,,3752,22,0,9 12 2 5,0,115,,3753,22,,,0,78,,2509,22,,,0,110,,3754,22,,,0,20,,3755,22,0,9 12 2 5,0,160,,2512,22,0,9 12 2 5,0,117,,3756,22,,,0,136,,2514,22,0,9 12 2 5,0,203,,3757,22,0,9 12 2 5,0
2000,'5041',817,,2528,22,,,0,112,,2527,22,,,0,100,,2529,22,,,0,118,,2519,22,,,0,108,,2520,22,,,0,151,,2522,22,,,0,111,,2523,22,,,0,111,,3760,22,,,0,103,,3761,22,,,0,204,,2524,22,0,9 12 2 5,0,218,,2530,22,0,9 12 2 5,0,102,,2526,22,0,9 12 2 5,0
9200,'5038',1429,,4167,18,,,0,2,,3261,18,,,0
9200,'5039',1528,,4169,18,,,0,2,,4168,18,,,0
9200,'5040',1409,,4170,18,,,0,2,,3265,18,,,0
1002000,'5034',710,,4180,28,,,0,218,,3344,28,,,0,209,,3343,28,,,0,272,,3348,28,,,0,218,,3345,28,,,0,278,,3346,28,,,0
1002000,'5035',635,,3349,28,,,0,108,,4181,28,,,0,93,,4182,28,,,0,91,,4183,28,,,0,110,,3353,28,,,0,110,,3354,28,,,0,110,,4184,28,,,0,179,,3356,28,,,0,191,,3357,28,,,0,113,,3358,28,,,0,112,,3359,28,,,0,405,,3360,28,,,0
1002000,'5038',2057,,3361,28,,,0
1002000,'5039',2057,,3362,28,,,0
1002000,'5040',2057,,3363,28,,,0
1002000,'5041',634,,3369,28,,,0,112,,3370,28,,,0,110,,3365,28,,,0,147,,4186,28,,,0,114,,3373,28,,,0,106,,3371,28,,,0,100,,3366,28,,,0,112,,3374,28,,,0,118,,3367,28,,,0,150,,4187,28,,,0,125,,3368,28,,,0,225,,4185,28,,,0
