2000,'5035',607,,3758,31,0,9 12 2 5,0,108,,2517,31,0,9 12 2 5,0,108,,3759,31,0,9 12 2 5,0,402,,3752,31,0,9 12 2 5,0,323,,3755,31,0,9 12 2 5,0,160,,2512,31,0,9 12 2 5,0,292,,2514,31,0,9 12 2 5,0,203,,3757,31,0,9 12 2 5,0
2000,'5041',1941,,2524,31,0,9 12 2 5,0,218,,2530,31,0,9 12 2 5,0,142,,2526,31,0,9 12 2 5,0
2001,'5035',745,,3770,23,0,9 10 11,0,73,,2547,23,0,9 10 11,0,695,,3767,23,0,9 10 11,0,839,,2544,23,0,9 10 11,0
2001,'5038',1836,,2548,23,0,9 10 11,0,319,,2549,23,0,9 10 11,0
2001,'5039',1836,,2550,23,0,9 10 11,0,319,,2551,23,0,9 10 11,0
2001,'5040',1836,,2552,23,0,9 10 11,0,319,,2553,23,0,9 10 11,0
2001,'5041',2153,,2559,23,0,9 10 11,0,199,,2556,23,0,9 10 11,0
7201,'5034',808,,4128,26,,,0,113,,3132,26,,,0,111,,3134,26,,,0,116,,3135,26,,,0,104,,3133,26,,,0,155,,3137,26,,,0,107,,3138,26,,,0,111,,3139,26,,,0,106,,4129,26,,,0,110,,3131,26,,,0,114,,3136,26,,,0
7201,'5035',730,,3163,26,,,0,78,,4140,26,,,0,34,,3162,26,,,0,74,,3141,26,,,0,35,,3142,26,,,0,75,,4131,26,,,0,76,,3146,26,,,0,35,,4130,26,,,0,75,,3147,26,,,0,35,,4132,26,,,0,75,,3148,26,,,0,35,,4133,26,,,0,75,,3150,26,,,0,75,,3151,26,,,0,35,,3152,26,,,0,75,,4134,26,,,0,35,,4135,26,,,0,149,,4136,26,,,0,35,,3156,26,,,0,75,,4137,26,,,0,35,,4138,26,,,0,105,,4139,26,,,0,100,,3157,26,,,0
7201,'5036',1727,,3164,26,,,0
7201,'5037',2249,,4141,26,,,0,99,,4142,26,,,0
7201,'5039',2249,,4143,26,,,0,99,,4144,26,,,0
7201,'5040',1727,,4145,26,,,0
7201,'5041',735,,4146,26,,,0,110,,3170,26,,,0,96,,4148,26,,,0,78,,3173,26,,,0,33,,4150,26,,,0,75,,3174,26,,,0,75,,4149,26,,,0,35,,3175,26,,,0,75,,3181,26,,,0,43,,3183,26,,,0,67,,3184,26,,,0,83,,3185,26,,,0,27,,3186,26,,,0,83,,3187,26,,,0,27,,3171,26,,,0,77,,4151,26,,,0,32,,4152,26,,,0,75,,4153,26,,,0,74,,4154,26,,,0,35,,4156,26,,,0,96,,4155,26,,,0,122,,3176,26,,,0,100,,3177,26,,,0,99,,4147,26,,,0
9200,'5038',1437,,4167,27,,,0,2,,3261,27,,,0
9200,'5039',1535,,4169,27,,,0,2,,4168,27,,,0
9200,'5040',1416,,4170,27,,,0,2,,3265,27,,,0
1002000,'5034',716,,4180,37,,,0,218,,3344,37,,,0,209,,3343,37,,,0,272,,3348,37,,,0,218,,3345,37,,,0,278,,3346,37,,,0
1002000,'5035',843,,4182,37,,,0,601,,3356,37,,,0,859,,3360,37,,,0
1002000,'5038',2103,,3361,37,,,0
1002000,'5039',2103,,3362,37,,,0
1002000,'5040',2103,,3363,37,,,0
1002000,'5041',640,,3369,37,,,0,112,,3370,37,,,0,150,,3365,37,,,0,107,,4186,37,,,0,114,,3373,37,,,0,106,,3371,37,,,0,100,,3366,37,,,0,112,,3374,37,,,0,118,,3367,37,,,0,150,,4187,37,,,0,125,,3368,37,,,0,225,,4185,37,,,0
1002001,'5034',807,,3381,23,,,0,212,,3380,23,,,0,232,,4188,23,,,0,262,,4189,23,,,0,217,,3377,23,,,0,305,,3379,23,,,0
1002001,'5035',939,,4192,23,,,0,464,,3388,23,,,0,35,,4194,23,,,0,109,,3390,23,,,0,109,,4195,23,,,0,397,,4197,23,,,0,200,,3395,23,,,0
1002001,'5041',731,,3400,23,,,0,113,,4200,23,,,0,111,,3396,23,,,0,151,,4199,23,,,0,103,,4204,23,,,0,117,,3406,23,,,0,110,,4198,23,,,0,104,,3403,23,,,0,116,,3398,23,,,0,149,,4202,23,,,0,124,,4201,23,,,0,103,,4205,23,,,0,219,,4203,23,,,0
