700,'4623',1731,,6567,26,4,,0
700,'5014',644,,4758,26,4,,0,85,,4765,26,4,,0,18,,4772,26,4,,0,69,,4759,26,4,,0,34,,4755,26,4,,0,153,,4757,26,4,,0,115,,4764,26,4,,0,115,,4754,26,4,,0,115,,4756,26,4,,0,155,,4761,26,4,,0,105,,4762,26,4,,0,48,,4769,26,4,,0,155,,4770,26,4,,0,33,,4760,26,4,,0,80,,6571,26,4,,0,35,,4763,26,4,,0,155,,4767,26,4,,0,111,,6569,26,4,,0,119,,6570,26,4,,0,73,,6568,26,4,,0
700,'5015',748,,4778,26,4,,0,110,,6575,26,4,,0,151,,6577,26,4,,0,111,,4773,26,4,,0,112,,4780,26,4,,0,109,,4781,26,4,,0,112,,6572,26,4,,0,104,,6573,26,4,,0,160,,6574,26,4,,0,101,,6578,26,4,,0,110,,4775,26,4,,0,105,,6579,26,4,,0,105,,4786,26,4,,0,107,,6576,26,4,,0,166,,4787,26,4,,0
700,'5221',748,,4793,26,4,,0,110,,4799,26,4,,0,162,,4798,26,4,,0,104,,4794,26,4,,0,111,,4792,26,4,,0,106,,6581,26,4,,0,109,,4795,26,4,,0,152,,6580,26,4,,0,110,,4797,26,4,,0,106,,4796,26,4,,0,110,,4790,26,4,,0,105,,4788,26,4,,0
700,'5222',1731,,6582,26,4,,0
701,'4623',1652,,6583,1,,,0
701,'5014',650,,4815,1,,,0,56,,4821,1,,,0,29,,4808,1,,,0,74,,4804,1,,,0,113,,4806,1,,,0,115,,4814,1,,,0,115,,4803,1,,,0,155,,4807,1,,,0,115,,4811,1,,,0,105,,4805,1,,,0,90,,4818,1,,,0,116,,4819,1,,,0,75,,4813,1,,,0,40,,6587,1,,,0,75,,4810,1,,,0,115,,4812,1,,,0,112,,6585,1,,,0,159,,6586,1,,,0,33,,6584,1,,,0
701,'5015',710,,4827,1,,,0,110,,6591,1,,,0,110,,6593,1,,,0,111,,4822,1,,,0,112,,4829,1,,,0,149,,4830,1,,,0,111,,6588,1,,,0,104,,6589,1,,,0,120,,6590,1,,,0,103,,6594,1,,,0,110,,4824,1,,,0,105,,6595,1,,,0,145,,4835,1,,,0,108,,6592,1,,,0,127,,4836,1,,,0
701,'5221',711,,4842,1,,,0,109,,4848,1,,,0,121,,4847,1,,,0,104,,4843,1,,,0,111,,4841,1,,,0,146,,6597,1,,,0,108,,4844,1,,,0,112,,6596,1,,,0,111,,4846,1,,,0,107,,4845,1,,,0,110,,4839,1,,,0,105,,4837,1,,,0
701,'5222',1652,,6598,1,,,0
