2501,'5034',837,,3781,20,,,0,220,,3782,21,,,0,255,,2582,21,,,0,505,,2583,20,,,0,230,,2584,21,,,0
2501,'5035',842,,2585,20,,,0,216,,3783,21,,,0,257,,3784,20,,,0,134,,3785,21,,,0,371,,2589,21,,,0
2501,'5037',2045,,3786,20,,,0
2501,'5039',2045,,3787,20,,,0
2501,'5041',837,,3788,20,,,0,220,,3790,21,,,0,255,,3789,21,,,0,505,,3791,20,,,0,230,,2592,21,,,0
4001,'5034',714,,2932,24,,,0,107,,2920,24,,,0,119,,3986,24,,,0,110,,2929,24,,,0,76,,3982,24,,,0,75,,2916,24,,,0,38,,3979,24,,,0,72,,3980,24,,,0,35,,3988,24,,,0,75,,2917,24,,,0,35,,3984,24,,,0,77,,2921,24,,,0,68,,2924,24,,,0,41,,2915,24,,,0,75,,3987,24,,,0,35,,3985,24,,,0,75,,3989,24,,,0,29,,2918,24,,,0,80,,3981,24,,,0,75,,3983,24,,,0
4001,'5035',643,,2984,24,,,0,72,,4033,24,,,0,32,,4037,24,,,0,56,,4034,24,,,0,15,,4035,24,,,0,18,,4036,24,,,0,16,,3999,24,,,0,55,,4002,24,,,0,14,,4003,24,,,0,14,,4004,24,,,0,15,,4000,24,,,0,55,,4001,24,,,0,15,,4005,24,,,0,15,,4006,24,,,0,15,,4007,24,,,0,55,,4008,24,,,0,15,,4009,24,,,0,15,,4010,24,,,0,16,,4011,24,,,0,55,,4012,24,,,0,17,,4013,24,,,0,15,,2959,24,,,0,15,,2960,24,,,0,55,,4014,24,,,0,15,,2962,24,,,0,15,,4015,24,,,0,15,,4016,24,,,0,55,,4017,24,,,0,15,,4018,24,,,0,15,,4019,24,,,0,15,,4020,24,,,0,55,,4021,24,,,0,15,,4022,24,,,0,15,,4023,24,,,0,15,,4024,24,,,0,55,,2973,24,,,0,15,,4025,24,,,0,15,,4026,24,,,0,15,,2976,24,,,0,54,,4027,24,,,0,15,,4038,24,,,0,15,,4030,24,,,0,15,,2981,24,,,0,54,,4028,24,,,0,15,,4029,24,,,0,15,,4031,24,,,0,15,,4032,24,,,0,56,,2943,24,,,0,20,,3998,24,,,0,20,,3993,24,,,0,60,,3997,24,,,0,48,,2936,24,,,0,70,,3996,24,,,0,30,,3992,24,,,0,69,,3995,24,,,0,29,,3991,24,,,0,70,,3994,24,,,0,30,,3990,24,,,0
4001,'5037',2026,,4039,24,,,0
4001,'5039',2026,,4040,24,,,0
4001,'5041',712,,3020,24,,,0,43,,3009,24,,,0,74,,3017,24,,,0,73,,4054,24,,,0,37,,3006,24,,,0,77,,4053,24,,,0,36,,4041,24,,,0,75,,4055,24,,,0,76,,4044,24,,,0,35,,3003,24,,,0,75,,3004,24,,,0,36,,3016,24,,,0,75,,2995,24,,,0,31,,3011,24,,,0,78,,3005,24,,,0,75,,4052,24,,,0,35,,4045,24,,,0,74,,4049,24,,,0,35,,4051,24,,,0,75,,3000,24,,,0,74,,4046,24,,,0,35,,4043,24,,,0,75,,3018,24,,,0,34,,4047,24,,,0,74,,4056,24,,,0,35,,4050,24,,,0,100,,4042,24,,,0,101,,4048,24,,,0
