701,'4623',1705,2,6583,14,,,0
701,'5014',616,,4809,1,,,0,84,,4815,14,,,0,16,,4821,14,,,0,29,,4808,14,,,0,75,,4804,14,,,0,113,,4806,14,,,0,115,,4814,14,,,0,157,2,4803,14,,,0,115,2,4807,14,,,0,115,2,4811,14,,,0,105,2,4805,14,,,0,90,2,4818,14,,,0,116,2,4819,14,,,0,74,2,4813,14,,,0,80,42,6587,14,,,0,35,2,4810,14,,,0,115,2,4812,14,,,0,151,42,6585,14,,,0,119,2,6586,14,,,0,33,2,6584,14,,,0
701,'5015',722,2,4827,14,,,0,110,2,6591,14,,,0,110,2,6593,14,,,0,111,2,4822,14,,,0,152,2,4829,14,,,0,109,2,4830,14,,,0,112,2,6588,14,,,0,104,2,6589,14,,,0,120,2,6590,14,,,0,102,2,6594,14,,,0,150,2,4824,14,,,0,105,2,6595,14,,,0,105,2,4835,14,,,0,108,2,6592,14,,,0,127,2,4836,14,,,0
701,'5221',723,2,4842,14,,,0,109,2,4848,14,,,0,121,2,4847,14,,,0,104,2,4843,14,,,0,151,2,4841,14,,,0,106,2,6597,14,,,0,109,2,4844,14,,,0,112,2,6596,14,,,0,111,2,4846,14,,,0,106,2,4845,14,,,0,150,2,4839,14,,,0,105,2,4837,14,,,0
701,'5222',1705,2,6598,14,,,0
801,'5014',538,,4903,16,,,0,169,,4892,16,,,0,103,,4895,16,,,0,114,,4902,16,,,0,115,,4891,16,,,0,166,2,4901,16,,,0,115,2,4894,16,,,0,115,2,4893,16,,,0,105,2,4897,16,,,0,165,2,4896,16,,,0,115,2,6608,16,,,0,115,2,6609,16,,,0,115,2,6607,16,,,0,151,42,6610,16,,,0,119,2,4905,16,,,0
801,'5015',711,2,4907,16,,,0,110,2,4908,16,,,0,110,2,4909,16,,,0,111,2,4910,16,,,0,163,2,4918,16,,,0,109,2,4919,16,,,0,112,2,4911,16,,,0,104,2,4912,16,,,0,120,2,6612,16,,,0,102,2,4914,16,,,0,150,2,6611,16,,,0,105,2,4915,16,,,0,105,2,4916,16,,,0,108,2,4917,16,,,0
801,'5221',711,,4924,1,,,0,110,2,6614,16,,,0,121,2,4923,16,,,0,104,2,4927,16,,,0,111,2,4926,16,,,0,157,2,4928,16,,,0,109,2,4929,16,,,0,112,2,4922,16,,,0,111,2,4920,16,,,0,106,2,6613,16,,,0,150,2,4931,16,,,0,105,2,4930,16,,,0
7001,'4623',1847,,6875,2,,,0,102,,5574,2,,,0
7001,'5014',511,,5576,2,,,0,105,,5575,2,,,0,189,,5577,2,,,0,325,,5579,2,,,0,288,,5581,2,,,0,196,,5578,2,,,0,130,,5580,2,,,0
7001,'5015',659,,5589,2,,,0,100,,5585,2,,,0,185,,5587,2,,,0,163,,5583,2,,,0,314,,5584,2,,,0,134,,5582,2,,,0,190,,5586,2,,,0,189,,6876,2,,,0
7001,'5221',759,,5594,2,,,0,185,,5591,2,,,0,163,,5590,2,,,0,314,,5592,2,,,0,324,,6877,2,,,0
7801,'5014',606,,5724,2,,,0,100,,5725,2,,,0,230,,6921,2,,,0,604,,6922,2,,,0,269,,5728,2,,,0
