800,'5034',751,,2245,30,4,,0,150,,2246,30,4,,0,121,,2247,30,4,,0,104,,2248,30,4,,0,111,,2249,30,4,,0,117,,2250,30,4,,0,149,,2251,30,4,,0,112,,2244,30,4,,0,111,,2242,30,4,,0,106,,2243,30,4,,0,110,,2252,30,4,,0,105,,2253,30,4,,0
800,'5035',618,,3651,30,4,,0,132,,2255,30,4,,0,102,,2258,30,4,,0,153,,2263,30,4,,0,115,,2254,30,4,,0,125,,2262,30,4,,0,155,,3648,30,4,,0,117,,3647,30,4,,0,229,,2259,30,4,,0,113,,3650,30,4,,0,154,,3649,30,4,,0,114,,2265,30,4,,0,111,,3652,30,4,,0,118,,2267,30,4,,0
800,'5038',1622,,2268,30,4,,0
800,'5039',1622,,2269,30,4,,0
800,'5040',1622,,2270,30,4,,0
800,'5041',751,,2273,30,4,,0,150,,2272,30,4,,0,110,,2274,30,4,,0,111,,2275,30,4,,0,123,,2283,30,4,,0,109,,3658,30,4,,0,152,,2276,30,4,,0,104,,3654,30,4,,0,120,,3655,30,4,,0,102,,3656,30,4,,0,110,,3653,30,4,,0,105,,2280,30,4,,0,105,,2282,30,4,,0,148,,3657,30,4,,0
801,'5034',807,,2290,1,,,0,121,,2288,1,,,0,104,,2292,1,,,0,111,,2291,1,,,0,116,,2293,1,,,0,149,,2294,1,,,0,112,,2287,1,,,0,111,,2285,1,,,0,106,,2286,1,,,0,110,,2296,1,,,0,106,,2295,1,,,0
801,'5035',525,,3663,1,,,0,129,,2298,1,,,0,102,,2301,1,,,0,154,,2307,1,,,0,115,,2297,1,,,0,125,,2306,1,,,0,154,,3660,1,,,0,114,,3659,1,,,0,231,,2302,1,,,0,155,,3661,1,,,0,115,,3662,1,,,0,116,,2303,1,,,0,112,,3664,1,,,0,159,,2310,1,,,0
801,'5038',1523,,2311,1,,,0
801,'5039',1523,,2312,1,,,0
801,'5040',1523,,2313,1,,,0
801,'5041',657,,2315,1,,,0,150,,2316,1,,,0,110,,2317,1,,,0,111,,2318,1,,,0,123,,2326,1,,,0,108,,3670,1,,,0,152,,2319,1,,,0,104,,3666,1,,,0,120,,3667,1,,,0,102,,3668,1,,,0,110,,3665,1,,,0,105,,2323,1,,,0,105,,2324,1,,,0,149,,3669,1,,,0
1500,'5034',804,,2431,18,4,,0,113,,2430,18,4,,0,110,,2428,18,4,,0,111,,2426,18,4,,0,109,,2432,18,4,,0,110,,2424,18,4,,0,150,,2427,18,4,,0,110,,2423,18,4,,0,110,,2433,18,4,,0,109,,2429,18,4,,0,111,,2425,18,4,,0
1500,'5035',927,,2435,18,4,,0,30,,2434,18,4,,0,70,,2436,18,4,,0,30,,3725,18,4,,0,69,,3724,18,4,,0,31,,3723,18,4,,0,70,,3722,18,4,,0,100,,2444,18,4,,0,30,,2443,18,4,,0,75,,2442,18,4,,0,74,,2441,18,4,,0,331,,3726,18,4,,0,218,,3727,18,4,,0
1500,'5038',1945,,2447,18,4,,0
1500,'5039',1945,,2448,18,4,,0
1500,'5040',1945,,2449,18,4,,0
1500,'5041',804,,2457,18,4,,0,110,,2452,18,4,,0,111,,2460,18,4,,0,108,,2456,18,4,,0,119,,3730,18,4,,0,105,,2453,18,4,,0,150,,3731,18,4,,0,110,,3732,18,4,,0,114,,3728,18,4,,0,106,,3729,18,4,,0,110,,2454,18,4,,0,107,,2461,18,4,,0
1501,'5034',821,,3735,1,,,0,110,,3739,1,,,0,110,,2462,1,,,0,110,,3736,1,,,0,150,,3734,1,,,0,110,,2465,1,,,0,110,,2468,1,,,0,110,,3733,1,,,0,110,,3738,1,,,0,110,,3737,1,,,0
1501,'5035',830,,2473,1,,,0,70,,3740,1,,,0,30,,2475,1,,,0,70,,2472,1,,,0,30,,3741,1,,,0,70,,3742,1,,,0,29,,3743,1,,,0,71,,3744,1,,,0,103,,2481,1,,,0,27,,2480,1,,,0,510,,3745,1,,,0,260,,3746,1,,,0
1501,'5038',1950,,2484,1,,,0
1501,'5039',1950,,2485,1,,,0
1501,'5040',1950,,2486,1,,,0
1501,'5041',747,,2495,1,,,0,184,,2496,1,,,0,102,,2493,1,,,0,118,,2497,1,,,0,151,,3748,1,,,0,110,,2492,1,,,0,110,,3747,1,,,0,109,,2489,1,,,0,111,,2490,1,,,0,109,,2491,1,,,0,152,,2488,1,,,0,107,,2498,1,,,0
1001500,'5035',709,,3323,23,4,,0,38,,4171,23,4,,0,79,,3322,23,4,,0,29,,4172,23,4,,0,402,,4173,23,4,,0,285,,3327,23,4,,0,76,,3328,23,4,,0,37,,3325,23,4,,0,76,,3326,23,4,,0
1001500,'5037',1806,,4174,23,4,,0
1001500,'5039',1806,,4175,23,4,,0
1001501,'5035',712,,3332,1,,,0,38,,4176,1,,,0,480,,4177,1,,,0,170,,3333,1,,,0,35,,3334,1,,,0,75,,3337,1,,,0,38,,3340,1,,,0,77,,3339,1,,,0,75,,3336,1,,,0,35,,3338,1,,,0
1001501,'5037',1810,,4178,1,,,0
1001501,'5039',1810,,4179,1,,,0
