3000,'4623',809,,6672,19,,,0
3000,'5014',626,,6679,19,,,0,75,,5217,19,,,0,33,,5214,19,,,0,110,,5215,19,,,0,75,,5193,19,,,0,35,,5194,19,,,0,75,,5195,19,,,0,75,,5196,19,,,0,34,,5197,19,,,0,75,,5198,19,,,0,35,,5199,19,,,0,74,,5201,19,,,0,34,,5202,19,,,0,75,,5203,19,,,0,76,,5200,19,,,0,35,,6673,19,,,0,76,,6674,19,,,0,35,,5206,19,,,0,79,,6675,19,,,0,76,,6676,19,,,0,36,,5209,19,,,0,109,,5210,19,,,0,102,,6677,19,,,0,101,,6678,19,,,0,101,,5213,19,,,0
3000,'5015',655,,5233,19,,,0,146,,5240,19,,,0,37,,5232,19,,,0,72,,5231,19,,,0,34,,5230,19,,,0,77,,5226,19,,,0,32,,5224,19,,,0,75,,6688,19,,,0,75,,6687,19,,,0,35,,6689,19,,,0,75,,5225,19,,,0,35,,5220,19,,,0,75,,5229,19,,,0,35,,5234,19,,,0,78,,6680,19,,,0,72,,6685,19,,,0,35,,5228,19,,,0,79,,6681,19,,,0,31,,5227,19,,,0,76,,6682,19,,,0,110,,6684,19,,,0,112,,6683,19,,,0,104,,6686,19,,,0,99,,5223,19,,,0
3000,'5221',721,,5248,19,,,0,117,,5252,19,,,0,106,,5247,19,,,0,107,,5251,19,,,0,153,,5242,19,,,0,110,,5244,19,,,0,110,,5250,19,,,0,110,,5245,19,,,0,110,,6690,19,,,0,110,,5243,19,,,0,150,,5249,19,,,0
3000,'5222',809,,6691,19,,,0
4001,'4623',720,,6825,29,,,0,437,,6824,29,,,0
4001,'5014',648,,5497,29,,,0,105,,6844,29,,,0,71,,6843,29,,,0,34,,6835,29,,,0,68,,5480,29,,,0,29,,6836,29,,,0,70,,5481,29,,,0,30,,6837,29,,,0,71,,6838,29,,,0,103,,5484,29,,,0,30,,5485,29,,,0,70,,6839,29,,,0,30,,5487,29,,,0,71,,5488,29,,,0,70,,5489,29,,,0,30,,5490,29,,,0,70,,6840,29,,,0,30,,5491,29,,,0,29,,6841,29,,,0,69,,6845,29,,,0,29,,5495,29,,,0,69,,6842,29,,,0,30,,5496,29,,,0,76,,6834,29,,,0,70,,5476,29,,,0,29,,6833,29,,,0,69,,6829,29,,,0,30,,6832,29,,,0,70,,6828,29,,,0,28,,6831,29,,,0,29,,6827,29,,,0,70,,6830,29,,,0,30,,6826,29,,,0
4001,'5015',717,,5528,29,,,0,84,,6855,29,,,0,34,,5525,29,,,0,74,,6858,29,,,0,37,,5514,29,,,0,77,,6857,29,,,0,36,,6846,29,,,0,75,,5523,29,,,0,76,,6848,29,,,0,35,,6850,29,,,0,75,,6851,29,,,0,36,,6859,29,,,0,75,,6847,29,,,0,71,,5519,29,,,0,38,,6852,29,,,0,75,,5520,29,,,0,35,,5506,29,,,0,73,,6853,29,,,0,35,,6856,29,,,0,75,,5508,29,,,0,74,,5507,29,,,0,35,,5504,29,,,0,74,,5526,29,,,0,34,,6849,29,,,0,74,,6860,29,,,0,35,,6854,29,,,0,100,,5502,29,,,0,141,,5510,29,,,0
4001,'5221',719,,5548,29,,,0,107,,5536,29,,,0,121,,6867,29,,,0,110,,5545,29,,,0,76,,6863,29,,,0,75,,5532,29,,,0,38,,5529,29,,,0,72,,5530,29,,,0,35,,6868,29,,,0,75,,5533,29,,,0,75,,6866,29,,,0,37,,5537,29,,,0,68,,6865,29,,,0,40,,5531,29,,,0,75,,5544,29,,,0,35,,5542,29,,,0,74,,6869,29,,,0,69,,6861,29,,,0,40,,6862,29,,,0,75,,6864,29,,,0
4001,'5222',720,,6871,29,,,0,437,,6870,29,,,0
