2000,'4623',1719,,5099,43,,,0
2000,'5014',617,,5111,43,,,0,108,,6139,43,,,0,108,,5113,43,,,0,402,,5103,43,,,0,365,,5107,43,,,0,410,,5109,43,,,0,203,,5110,43,,,0
2000,'5015',1950,,6142,43,,,0,258,,6145,43,,,0,102,,5121,43,,,0
2000,'5222',1719,,5131,43,,,0
2001,'5014',829,,6151,35,,,0,696,,5136,35,,,0,321,,6147,35,,,0,358,,5141,35,,,0,197,,6149,35,,,0
2001,'5015',2201,,5150,35,,,0,199,,5147,35,,,0
1002000,'4623',1456,,5857,49,,,0
1002000,'5014',2113,,5866,49,,,0,200,,5867,49,,,0
1002000,'5015',649,,6420,49,,,0,152,,6421,49,,,0,110,,5869,49,,,0,107,,5876,49,,,0,115,,5877,49,,,0,106,,5875,49,,,0,100,,5870,49,,,0,112,,5878,49,,,0,158,,5871,49,,,0,110,,5879,49,,,0,125,,5872,49,,,0,264,,5868,49,,,0
1002000,'5221',725,,5884,49,,,0,218,,5881,49,,,0,210,,5880,49,,,0,272,,5885,49,,,0,218,,5882,49,,,0,277,,5883,49,,,0
1002000,'5222',1456,,5887,49,,,0
1002001,'4623',950,,6423,35,,,0,608,,5889,35,,,0
1002001,'5014',1414,,5895,35,,,0,36,,5896,35,,,0,257,,5897,35,,,0,395,,5900,35,,,0,200,,5901,35,,,0
1002001,'5015',739,,6427,35,,,0,113,,5907,35,,,0,152,,6426,35,,,0,111,,5905,35,,,0,103,,6429,35,,,0,117,,5912,35,,,0,110,,5903,35,,,0,104,,5909,35,,,0,156,,5904,35,,,0,109,,5910,35,,,0,124,,5908,35,,,0,102,,6430,35,,,0,219,,6428,35,,,0
1002001,'5221',815,,6433,35,,,0,213,,5919,35,,,0,272,,6431,35,,,0,222,,5917,35,,,0,217,,6432,35,,,0,304,,5918,35,,,0
1002001,'5222',950,,6434,35,,,0,608,,5922,35,,,0
