2000,'4623',1658,,5099,19,0,9 12 2 5,0
2000,'5014',559,,5111,19,0,9 12 2 5,0,148,,6651,19,0,9 12 2 5,0,106,,5113,19,0,9 12 2 5,0,38,,6648,19,,,0,150,,5101,19,,,0,110,,5102,19,,,0,105,,5103,19,0,9 12 2 5,0,114,,5104,19,,,0,78,,5105,19,,,0,110,,6649,19,,,0,20,,5107,19,0,9 12 2 5,0,278,,6650,19,,,0,136,,5109,19,0,9 12 2 5,0,203,,5110,19,0,9 12 2 5,0
2000,'5015',815,,6655,19,,,0,112,,5122,19,,,0,100,,6656,19,,,0,118,,5114,19,,,0,108,,5115,19,,,0,151,,5117,19,,,0,111,,6653,19,,,0,111,,6652,19,,,0,103,,5120,19,,,0,204,,6654,19,0,9 12 2 5,0,218,,6657,19,0,9 12 2 5,0,102,,5121,19,0,9 12 2 5,0
2000,'5221',824,,5126,19,,,0,218,,5129,19,,,0,259,,5128,19,,,0,220,,5130,19,,,0,225,,5127,19,,,0
2000,'5222',1658,,5131,19,0,9 12 2 5,0
1002000,'4623',1035,,6931,25,,,0,399,,5857,25,,,0
1002000,'5014',633,,5858,25,,,0,107,,5859,25,,,0,185,,5860,25,,,0,220,,5861,25,,,0,110,,5862,25,,,0,369,,5863,25,,,0,113,,5864,25,,,0,113,,5865,25,,,0,205,,5866,25,,,0,200,,5867,25,,,0
1002000,'5015',632,,6932,25,,,0,112,,6933,25,,,0,110,,5869,25,,,0,147,,5876,25,,,0,114,,5877,25,,,0,106,,5875,25,,,0,100,,5870,25,,,0,112,,5878,25,,,0,118,,5871,25,,,0,150,,5879,25,,,0,125,,5872,25,,,0,225,,5868,25,,,0
1002000,'5221',708,,5884,25,,,0,218,,5881,25,,,0,209,,5880,25,,,0,271,,5885,25,,,0,218,,5882,25,,,0,279,,5883,25,,,0
1002000,'5222',1035,,6934,25,,,0,399,,5887,25,,,0
