1,100,'5034',1739,3409,3410,3411,3412,1744,3413,3414,3415,3416,1749,3417,1751,1752,1753,3418,3419,1756,1757,3420,3421,3422,3423,1762,3424,3425,1765,1766,1767
1,100,'5035',1768,3426,1770,1771,1772,1773,1774,1775,1776,3427,3428,1779,1780,1781,1782,1783,1784,1785,3429,1787,3430,1789,3431,1791,3432,3433,1794,3434,3435,3436,1798,1799,1800,3437,3438,1803,1804,3439,1806,3440,1808
1,100,'5036',1809
1,100,'5040',3441
1,100,'5041',3442,1812,3443,3444,3445,1816,1817,3446,3447,3448,1821,1822,1823,1824,1825,1826,1827,1828,3449,1830,3450,3451,1833,3452,3453,1836,3454,1838,1839,1840,3455,3456,1843,1844
1,101,'5034',1845,1846,1847,1848,3457,3458,3459,3460,3461,3462,1855,3463,1857,3464,3465,1860,1861,3466,3467,3468,1865,1866,3469,3470,1869,3471,1871
1,101,'5035',1872,3472,1874,1875,1876,1877,1878,1879,3473,1881,1882,3474,3475,1885,1886,3476,3477,1889,1890,1891,3478,3479,1894,3480,3481,3482,3483,1899,3484,3485,3486,3487,1904,1905,1906,3488,1908,3489,3490,3491,1912
1,101,'5038',3492
1,101,'5039',3493
1,101,'5040',3494
1,101,'5041',3495,3496,1918,1919,3497,1921,1922,3498,3499,3500,1926,3501,1928,3502,1930,1931,3503,1933,3504,1935,3505,3506,1938,3507,1940,1941,3508,3509,3510,3511,3512,3513,3514,1949,3515
5,500,'5034',3516,3517,1953,1954,1955,3518,1957,3519,1959,1960,1961
5,500,'5035',3520,1963,3521,1965,1966,1967,1968,3522,3523,3524,1972,1973,3525,1975,3526
5,500,'5036',1977
5,500,'5038',3527,3528,3529
5,500,'5039',3530,3531,3532
5,500,'5040',3533,3534,3535,3536
5,500,'5041',1988,3537,1990,1991,3538,1993,3539,1995,1996,3540,3541,1999,2000,2001
5,501,'5034',3542,3543,2004,2005,2006,3544,2008,3545,2010,2011,2012
5,501,'5035',2013,3546,2015,2016,2017,2018,3547,3548,2021,2022,3549,2024,3550
5,501,'5036',2026
5,501,'5038',3551,3552,3553
5,501,'5039',3554,3555,3556
5,501,'5040',3557,3558,3559,3560
5,501,'5041',2037,2038,2039,3561,2041,2042,3562,2044,3563,2046,2047,3564,3565,2050
6,600,'5034',2051,3566,2053,2054,2055,2056,2057,2058,2059,2060,2061,2062
6,600,'5035',2063,3567,2065,3568,3569,2068,2069,3570,3571,2072,3572,2074,2075,3573,2077,3574,2079
6,600,'5038',2080
6,600,'5039',2081
6,600,'5040',2082
6,600,'5041',3575,3576,2085,2086,3577,2088,2089,3578,2091,2092,2093,3579,2095,2096,2097
6,601,'5034',2098,2099,3580,2101,3581,2103,3582,2105,3583,3584,3585
6,601,'5035',2109,2110,3586,2112,2113,3587,2115,3588,2117,3589,2119,2120,2121,3590,2123,3591
6,601,'5041',3592,2126,2127,2128,2129,2130,2131,3593,2133,2134,2135,2136,2137,2138,3594
7,700,'5034',2140,2141,2142,2143,3595,2145,3596,2147,2148,2149,2150,3597
7,700,'5035',2152,3598,2154,3599,3600,3601,3602,2159,3603,2161,2162,3604,3605,3606,2166,3607,3608,3609,2170
7,700,'5037',3610
7,700,'5038',2172
7,700,'5039',3611,2174
7,700,'5040',2175
7,700,'5041',3612,3613,2178,3614,3615,2181,3616,3617,2184,2185,2186,2187,3618,3619,3620
7,701,'5034',2191,2192,2193,2194,3621,2196,3622,2198,2199,2200,2201,3623
7,701,'5035',2203,3624,2205,2206,3625,3626,3627,3628,3629,2212,3630,3631,2215,3632,3633,2218,3634,3635,2221
7,701,'5037',3636
7,701,'5038',2223
7,701,'5039',3637,2225
7,701,'5040',2226
7,701,'5041',3638,3639,2229,3640,3641,2232,3642,3643,2235,2236,2237,2238,3644,3645,3646
8,800,'5034',2242,2243,2244,2245,2246,2247,2248,2249,2250,2251,2252,2253
8,800,'5035',2254,2255,3647,3648,2258,2259,3649,3650,2262,2263,3651,2265,3652,2267
8,800,'5038',2268
8,800,'5039',2269
8,800,'5040',2270
8,800,'5041',3653,2272,2273,2274,2275,2276,3654,3655,3656,2280,3657,2282,2283,3658
8,801,'5034',2285,2286,2287,2288,2289,2290,2291,2292,2293,2294,2295,2296
8,801,'5035',2297,2298,3659,3660,2301,2302,2303,3661,3662,2306,2307,3663,3664,2310
8,801,'5038',2311
8,801,'5039',2312
8,801,'5040',2313
8,801,'5041',3665,2315,2316,2317,2318,2319,3666,3667,3668,2323,2324,3669,2326,3670
9,900,'5034',2328,3671,2330,2331,2332,2333,2334,3672,2336,2337
9,900,'5035',2338,3673,3674,3675,3676,3677,2344,3678,3679,2347,3680,3681,2350,3682,3683,2353,3684,3685,2356,3686,3687,2359
9,900,'5041',2360,2361,3688,3689,2364,3690,3691,2367,2368,3692,3693,3694,2372,3695,2374
9,901,'5034',2375,3696,2377,2378,2379,2380,2381,3697,2383,2384
9,901,'5035',3698,3699,2387,3700,3701,3702,2391,3703,3704,2394,3705,3706,2397,2398,2399,3707,3708,2402,3709,3710,3711,3712,2407
9,901,'5041',2408,2409,3713,3714,3715,2413,3716,3717,2416,2417,3718,3719,3720,2421,3721
15,1500,'5034',2423,2424,2425,2426,2427,2428,2429,2430,2431,2432,2433
15,1500,'5035',2434,2435,2436,3722,3723,3724,3725,2441,2442,2443,2444,3726,3727
15,1500,'5038',2447
15,1500,'5039',2448
15,1500,'5040',2449
15,1500,'5041',3728,3729,2452,2453,2454,3730,2456,2457,3731,3732,2460,2461
15,1501,'5034',2462,3733,3734,2465,3735,3736,2468,3737,3738,3739
15,1501,'5035',2472,2473,3740,2475,3741,3742,3743,3744,2480,2481,3745,3746
15,1501,'5038',2484
15,1501,'5039',2485
15,1501,'5040',2486
15,1501,'5041',3747,2488,2489,2490,2491,2492,2493,3748,2495,2496,2497,2498
20,2000,'5034',2499,2500,2501,2502,2503
20,2000,'5035',3749,3750,3751,3752,3753,2509,3754,3755,2512,3756,2514,3757,3758,2517,3759
20,2000,'5041',2519,2520,3760,2522,2523,2524,3761,2526,2527,2528,2529,2530
20,2001,'5034',2531,2532,2533,2534,3762
20,2001,'5035',3763,3764,3765,3766,3767,2541,2542,3768,2544,3769,3770,2547
20,2001,'5038',2548,2549
20,2001,'5039',2550,2551
20,2001,'5040',2552,2553
20,2001,'5041',2554,3771,2556,2557,2558,2559,2560,3772,2562,2563,2564
25,2500,'5034',3773,3774,2567,2568,2569
25,2500,'5035',2570,3775,2572,3776,2574
25,2500,'5041',2575,3777,3778,3779,3780
25,2501,'5034',3781,3782,2582,2583,2584
25,2501,'5035',2585,3783,3784,3785,2589
25,2501,'5037',3786
25,2501,'5039',3787
25,2501,'5041',2592,3788,3789,3790,3791
30,3000,'5034',2597,2598,2599,2600,3792,3793,2603,2604,2605,2606,3794
30,3000,'5035',3795,2609,2610,2611,2612,2613,2614,2615,2616,2617,2618,2619,2620,2621,2622,3796,2624,2625,2626,2627,3797,2629,2630,2631,2632,2633
30,3000,'5036',2634,2635
30,3000,'5037',3798
30,3000,'5039',3799
30,3000,'5040',3800,3801
30,3000,'5041',3802,2641,2642,3803,3804,3805,2646,2647,2648,2649,2650,3806,3807,2653,3808,2655,2656,3809,3810,3811,2660,2661,3812,2663
30,3001,'5034',2664,3813,2666,3814,2668,2669,2670,3815,3816,3817,2674
30,3001,'5035',2675,2676,3818,2678,2679,2680,3819,2682,2683,2684,2685,2686,2687,3820,2689,2690,2691,3821,2693,2694,2695,3822,2697,2698,3823,2700,2701
30,3001,'5036',2702
30,3001,'5038',3824
30,3001,'5039',3825
30,3001,'5040',3826,3827
30,3001,'5041',3828,2708,3829,2710,2711,3830,3831,2714,2715,2716,3832,3833,2719,3834,2721,3835,3836,2724,2725,2726,2727,2728,3837,3838
31,3100,'5034',2731,2732,2733,2734,3839,2736,2737,3840,2739
31,3100,'5035',2740,2741,3841,2743,3842,2745,2746,3843,2748,2749,3844,3845,3846
31,3100,'5038',3847
31,3100,'5039',3848
31,3100,'5040',3849
31,3100,'5041',3850,2757,2758,3851,2760,3852,2762,3853,2764,2765,2766
31,3101,'5034',2767,2768,2769,2770,3854,2772,2773,3855,2775
31,3101,'5035',2776,2777,3856,2779,3857,2781,2782,2783,3858,2785,3859,3860,3861
31,3101,'5038',3862
31,3101,'5039',3863
31,3101,'5040',3864
31,3101,'5041',3865,2793,2794,3866,2796,3867,2798,3868,2800,2801,2802
40,4000,'5034',3869,3870,3871,3872,3873,3874,3875,3876,3877,3878,3879,3880,3881,3882,3883,3884,3885,3886,3887,3888
40,4000,'5035',3889,3890,3891,3892,3893,3894,3895,3896,3897,3898,3899,3900,3901,3902,3903,3904,3905,3906,3907,3908,3909,3910,3911,3912,3913,3914,3915,3916,3917,3918,3919,3920,3921,3922,3923,3924,3925,3926,3927,3928,3929,3930,3931,3932,3933,3934,3935,3936,3937,3938,3939,3940,3941,3942,3943,3944
40,4000,'5037',3945,3946
40,4000,'5038',3947
40,4000,'5039',3948,3949,3950
40,4000,'5040',3951
40,4000,'5041',3952,3953,3954,3955,3956,3957,3958,3959,3960,3961,3962,3963,3964,3965,3966,3967,3968,3969,3970,3971,3972,3973,3974,3975,3976,3977,3978
40,4001,'5034',3979,3980,2915,2916,2917,2918,3981,2920,2921,3982,3983,2924,3984,3985,3986,3987,2929,3988,3989,2932
40,4001,'5035',3990,3991,3992,2936,3993,3994,3995,3996,3997,3998,2943,3999,4000,4001,4002,4003,4004,4005,4006,4007,4008,4009,4010,4011,4012,4013,2959,2960,4014,2962,4015,4016,4017,4018,4019,4020,4021,4022,4023,4024,2973,4025,4026,2976,4027,4028,4029,4030,2981,4031,4032,2984,4033,4034,4035,4036,4037,4038
40,4001,'5037',4039
40,4001,'5039',4040
40,4001,'5041',4041,4042,2995,4043,4044,4045,4046,3000,4047,4048,3003,3004,3005,3006,4049,4050,3009,4051,3011,4052,4053,4054,4055,3016,3017,3018,4056,3020
70,7000,'5034',4057,4058,4059,4060,4061
70,7000,'5035',4062,4063,4064,4065,4066,4067
70,7000,'5037',4068
70,7000,'5039',4069
70,7000,'5040',4070,4071
70,7000,'5041',4072,4073,4074,4075,4076,4077,4078,4079
70,7001,'5034',4080,4081,4082,4083,4084
70,7001,'5035',4085,4086,4087,4088,4089,4090
70,7001,'5037',4091
70,7001,'5039',4092
70,7001,'5040',4093,4094
70,7001,'5041',4095,4096,4097,4098,4099,4100,4101,4102
72,7200,'5034',4103,3068,3069,3070,3071,3072,3073,3074,3075,4104,3077
72,7200,'5035',3078,3079,3080,4105,3082,4106,3084,4107,3086,4108,3088,3089,3090,4109,4110,4111,3094,4112,4113,3097,4114,3099,4115,3101
72,7200,'5036',3102
72,7200,'5037',4116
72,7200,'5039',4117
72,7200,'5040',4118
72,7200,'5041',4119,3107,3108,3109,3110,3111,3112,3113,3114,4120,4121,4122,3118,3119,3120,3121,3122,3123,4123,4124,4125,4126,4127,3129
72,7201,'5034',4128,3131,3132,3133,3134,3135,3136,3137,3138,3139,4129
72,7201,'5035',3141,3142,4130,4131,4132,3146,3147,3148,4133,3150,3151,3152,4134,4135,4136,3156,3157,4137,4138,4139,4140,3162,3163
72,7201,'5036',3164
72,7201,'5037',4141,4142
72,7201,'5039',4143,4144
72,7201,'5040',4145
72,7201,'5041',3170,3171,4146,3173,3174,3175,3176,3177,4147,4148,4149,3181,4150,3183,3184,3185,3186,3187,4151,4152,4153,4154,4155,4156
78,7800,'5035',3194,3195,4157,4158
78,7800,'5038',4159
78,7800,'5039',4160
78,7800,'5040',4161
78,7801,'5035',3201,3202,4162,4163
78,7801,'5038',4164
78,7801,'5039',4165
78,7801,'5040',4166
88,8800,'5035',3208,3209,3210,3211,3212,3213,3214,3215,3216,3217,3218,3219,3220,3221
88,8800,'5041',3222,3223,3224,3225,3226,3227,3228,3229,3230,3231,3232,3233
88,8801,'5035',3234,3235,3236,3237,3238,3239,3240,3241,3242,3243,3244,3245,3246,3247
88,8801,'5041',3248,3249,3250,3251,3252,3253,3254,3255,3256,3257,3258,3259
92,9200,'5038',4167,3261
92,9200,'5039',4168,4169
92,9200,'5040',4170,3265
97,9701,'5035',3266,3267,3268,3269,3270,3271,3272,3273,3274,3275,3276
97,9701,'5041',3277,3278,3279,3280,3281,3282,3283,3284,3285,3286
98,9801,'5035',3287,3288,3289,3290,3291,3292,3293,3294,3295,3296
98,9801,'5041',3297,3298,3299,3300,3301,3302,3303,3304,3305,3306,3307
99,9900,'5034',3308,3309
99,9900,'5035',3310,3311
99,9900,'5041',3312,3313
99,9901,'5034',3314,3315
99,9901,'5035',3316,3317
99,9901,'5041',3318,3319
10015,1001500,'5035',4171,4172,3322,3323,4173,3325,3326,3327,3328
10015,1001500,'5037',4174
10015,1001500,'5039',4175
10015,1001501,'5035',4176,3332,3333,3334,4177,3336,3337,3338,3339,3340
10015,1001501,'5037',4178
10015,1001501,'5039',4179
10020,1002000,'5034',3343,3344,3345,3346,4180,3348
10020,1002000,'5035',3349,4181,4182,4183,3353,3354,4184,3356,3357,3358,3359,3360
10020,1002000,'5038',3361
10020,1002000,'5039',3362
10020,1002000,'5040',3363
10020,1002000,'5041',4185,3365,3366,3367,3368,3369,3370,3371,4186,3373,3374,4187
10020,1002001,'5034',4188,3377,4189,3379,3380,3381
10020,1002001,'5035',4190,4191,4192,3385,4193,3387,3388,4194,3390,4195,4196,3393,4197,3395
10020,1002001,'5041',3396,4198,3398,4199,3400,4200,4201,3403,4202,4203,3406,4204,4205
