7000,'5034',923,,4061,4,,,0,188,,4057,4,,,0,134,,4058,4,,,0,307,,4059,4,,,0,359,,4060,4,,,0
7000,'5035',630,,4064,4,,,0,105,,4062,4,,,0,191,,4065,4,,,0,329,,4063,4,,,0,284,,4067,4,,,0,199,,4066,4,,,0
7000,'5037',1904,,4068,4,,,0
7000,'5039',1904,,4069,4,,,0
7000,'5040',2011,,4071,4,,,0,102,,4070,4,,,0
7000,'5041',823,,4079,4,,,0,100,,4075,4,,,0,188,,4077,4,,,0,134,,4073,4,,,0,307,,4074,4,,,0,167,,4072,4,,,0,192,,4076,4,,,0,190,,4078,4,,,0
7001,'5034',844,,4084,7,,,0,187,,4081,7,,,0,123,,4080,7,,,0,353,,4082,7,,,0,323,,4083,7,,,0
7001,'5035',558,,4086,7,,,0,145,,4085,7,,,0,150,,4087,7,,,0,365,,4089,7,,,0,288,,4090,7,,,0,196,,4088,7,,,0
7001,'5037',1832,,4091,7,,,0
7001,'5039',1832,,4092,7,,,0
7001,'5040',1934,,4093,7,,,0,102,,4094,7,,,0
7001,'5041',744,,4102,7,,,0,100,,4098,7,,,0,187,,4100,7,,,0,123,,4096,7,,,0,353,,4097,7,,,0,134,,4095,7,,,0,189,,4099,7,,,0,189,,4101,7,,,0
