3100,'5014',649,,5316,18,,,0,94,,5317,18,,,0,112,,5318,18,,,0,90,,5319,18,,,0,109,,5320,18,,,0,100,,5321,18,,,0,100,,5322,18,,,0,100,,5323,18,,,0,100,,5324,18,,,0,98,,5325,18,,,0,102,,5326,18,,,0,100,,5327,18,,,0,105,,5328,18,,,0,100,,5329,18,,,0
3100,'5015',755,,5334,18,,,0,145,,5338,18,,,0,58,,5340,18,,,0,172,,5339,18,,,0,170,,5332,18,,,0,100,,5335,18,,,0,100,,5330,18,,,0,100,,5331,18,,,0,100,,5336,18,,,0,100,,5333,18,,,0,100,,5337,18,,,0
3100,'5221',844,,5346,18,,,0,165,,5342,18,,,0,120,,5348,18,,,0,130,,5343,18,,,0,165,,5345,18,,,0,130,,5349,18,,,0,160,,5341,18,,,0,126,,5344,18,,,0,179,,5347,18,,,0
4001,'4623',739,,5467,53,,,0,476,,5466,53,,,0
4001,'5014',705,,5497,53,,,0,109,,5499,53,,,0,30,,5498,53,,,0,72,,5478,53,,,0,28,,5480,53,,,0,69,,5479,53,,,0,30,,5481,53,,,0,70,,5482,53,,,0,31,,5483,53,,,0,104,,5484,53,,,0,70,,5485,53,,,0,30,,5486,53,,,0,71,,5487,53,,,0,31,,5488,53,,,0,70,,5489,53,,,0,30,,5490,53,,,0,69,,5492,53,,,0,30,,5491,53,,,0,69,,5493,53,,,0,28,,5500,53,,,0,69,,5495,53,,,0,29,,5494,53,,,0,70,,5496,53,,,0,36,,5477,53,,,0,70,,5476,53,,,0,29,,5475,53,,,0,69,,5471,53,,,0,30,,5474,53,,,0,70,,5470,53,,,0,26,,5473,53,,,0,69,,5469,53,,,0,29,,5472,53,,,0,70,,5468,53,,,0
4001,'5015',736,,5528,53,,,0,84,,5517,53,,,0,34,,5525,53,,,0,74,,5522,53,,,0,77,,5514,53,,,0,37,,5521,53,,,0,76,,5501,53,,,0,35,,5523,53,,,0,76,,5505,53,,,0,76,,5511,53,,,0,35,,5512,53,,,0,76,,5524,53,,,0,35,,5503,53,,,0,71,,5519,53,,,0,37,,5513,53,,,0,75,,5520,53,,,0,75,,5506,53,,,0,32,,5515,53,,,0,75,,5518,53,,,0,35,,5508,53,,,0,74,,5507,53,,,0,75,,5504,53,,,0,34,,5526,53,,,0,74,,5509,53,,,0,34,,5527,53,,,0,75,,5516,53,,,0,100,,5502,53,,,0,100,,5510,53,,,0
4001,'5221',738,,5548,53,,,0,107,,5536,53,,,0,161,,5543,53,,,0,110,,5545,53,,,0,36,,5538,53,,,0,75,,5532,53,,,0,78,,5529,53,,,0,32,,5530,53,,,0,75,,5546,53,,,0,35,,5533,53,,,0,75,,5541,53,,,0,37,,5537,53,,,0,67,,5540,53,,,0,80,,5531,53,,,0,35,,5544,53,,,0,75,,5542,53,,,0,33,,5547,53,,,0,69,,5534,53,,,0,40,,5535,53,,,0,75,,5539,53,,,0
4001,'5222',739,,5550,53,,,0,476,,5549,53,,,0
1002001,'4623',1011,,5888,66,,,0,610,,5889,66,,,0
1002001,'5014',751,,5890,49,,,0,151,,5891,49,,,0,219,,5892,49,,,0,110,,5893,49,,,0,111,,5894,49,,,0,97,,5895,66,,,0,76,,5896,66,,,0,213,,5897,66,,,0,94,,5898,49,,,0,107,,5899,49,,,0,192,,5900,66,,,0,200,,5901,66,,,0
1002001,'5015',759,,5906,66,,,0,154,,5907,66,,,0,112,,5902,66,,,0,111,,5905,66,,,0,103,,5913,66,,,0,117,,5912,66,,,0,150,,5903,66,,,0,104,,5909,66,,,0,115,,5904,66,,,0,109,,5910,66,,,0,124,,5908,66,,,0,142,,5914,66,,,0,219,,5911,66,,,0
1002001,'5221',836,,5920,66,,,0,214,,5919,66,,,0,271,,5915,66,,,0,222,,5917,66,,,0,216,,5916,66,,,0,344,,5918,66,,,0
1002001,'5222',1011,,5921,66,,,0,610,,5922,66,,,0
