2001,'5034',905,,2531,8,,,0,227,,2533,8,,,0,219,,2532,8,,,0,249,,2534,8,,,0,225,,3762,8,,,0
2001,'5035',645,,3769,8,,,0,85,,3770,8,0,9 10 11,0,71,,2547,8,0,9 10 11,0,105,,3763,8,,,0,109,,3764,8,,,0,110,,3765,8,,,0,111,,3766,8,,,0,220,,3767,8,0,9 10 11,0,150,,2541,8,,,0,110,,2542,8,,,0,219,,3768,8,,,0,404,,2544,8,0,9 10 11,0
2001,'5038',1821,,2548,8,0,9 10 11,0,319,,2549,8,0,9 10 11,0
2001,'5039',1821,,2550,8,0,9 10 11,0,319,,2551,8,0,9 10 11,0
2001,'5040',1821,,2552,8,0,9 10 11,0,319,,2553,8,0,9 10 11,0
2001,'5041',915,,2560,8,,,0,88,,2564,8,,,0,105,,3772,8,,,0,128,,2554,8,,,0,115,,2563,8,,,0,102,,2557,8,,,0,147,,2562,8,,,0,103,,2558,8,,,0,111,,3771,8,,,0,325,,2559,8,0,9 10 11,0,199,,2556,8,0,9 10 11,0
2501,'5034',821,,3781,8,,,0,220,,3782,9,,,0,215,,2582,9,,,0,545,,2583,8,,,0,230,,2584,9,,,0
2501,'5035',825,,2585,8,,,0,216,,3783,9,,,0,217,,3784,8,,,0,174,,3785,9,,,0,373,,2589,9,,,0
2501,'5037',2030,,3786,8,,,0
2501,'5039',2030,,3787,8,,,0
2501,'5041',821,,3788,8,,,0,220,,3790,9,,,0,215,,3789,9,,,0,545,,3791,8,,,0,230,,2592,9,,,0
1002001,'5034',753,,3381,8,,,0,251,,3380,8,,,0,232,,4188,8,,,0,222,,4189,8,,,0,257,,3377,8,,,0,305,,3379,8,,,0
1002001,'5035',720,,4190,8,,,0,110,,4191,8,,,0,94,,4192,8,,,0,126,,3385,8,,,0,150,,4193,8,,,0,111,,3387,8,,,0,35,,3388,8,,,0,75,,4194,8,,,0,110,,3390,8,,,0,110,,4195,8,,,0,111,,4196,8,,,0,148,,3393,8,,,0,138,,4197,8,,,0,202,,3395,8,,,0
1002001,'5041',717,,3400,8,,,0,113,,4200,8,,,0,110,,3396,8,,,0,111,,4199,8,,,0,103,,4204,8,,,0,157,,3406,8,,,0,110,,4198,8,,,0,104,,3403,8,,,0,116,,3398,8,,,0,109,,4202,8,,,0,164,,4201,8,,,0,103,,4205,8,,,0,220,,4203,8,,,0
