101,'5034',803,,3462,9,,,0,30,,3465,9,,,0,70,,1857,9,,,0,28,,3463,9,,,0,73,,1865,9,,,0,32,,3461,9,,,0,71,,3467,9,,,0,33,,1866,9,,,0,68,,1847,9,,,0,30,,3459,9,,,0,70,,3468,9,,,0,30,,3470,9,,,0,70,,3469,9,,,0,30,,1846,9,,,0,70,,3464,9,,,0,30,,3460,9,,,0,70,,3458,9,,,0,30,,1848,9,,,0,70,,1855,9,,,0,29,,3457,9,,,0,70,,3471,9,,,0,30,,1869,9,,,0,70,,1861,9,,,0,29,,1845,9,,,0,70,,3466,9,,,0,30,,1871,9,,,0,81,,1860,9,,,0
101,'5035',642,,3486,9,,,0,71,,3485,9,,,0,19,,1905,9,,,0,20,,1899,9,,,0,61,,3487,9,,,0,19,,1904,9,,,0,17,,3483,9,,,0,65,,3482,9,,,0,33,,1894,9,,,0,72,,3478,9,,,0,25,,3481,9,,,0,71,,3474,9,,,0,26,,3480,9,,,0,74,,3475,9,,,0,34,,1891,9,,,0,66,,1912,9,,,0,33,,1890,9,,,0,67,,3476,9,,,0,33,,1889,9,,,0,56,,3490,9,,,0,21,,1885,9,,,0,23,,1872,9,,,0,57,,3484,9,,,0,21,,1874,9,,,0,22,,1882,9,,,0,57,,3472,9,,,0,20,,3477,9,,,0,24,,1886,9,,,0,55,,3491,9,,,0,17,,3479,9,,,0,32,,1877,9,,,0,95,,1878,9,,,0,70,,1906,9,,,0,30,,1879,9,,,0,70,,1908,9,,,0,30,,3473,9,,,0,70,,3488,9,,,0,30,,1881,9,,,0,69,,3489,9,,,0,32,,1876,9,,,0,83,,1875,9,,,0
101,'5038',1918,,3492,9,,,0
101,'5039',1918,,3493,9,,,0
101,'5040',1918,,3494,9,,,0
101,'5041',717,,1928,9,,,0,30,,3515,9,,,0,71,,1930,9,,,0,27,,1935,9,,,0,73,,3500,9,,,0,22,,1921,9,,,0,81,,3506,9,,,0,28,,3502,9,,,0,68,,3495,9,,,0,31,,1919,9,,,0,68,,1941,9,,,0,33,,3503,9,,,0,71,,3498,9,,,0,30,,3508,9,,,0,70,,3504,9,,,0,30,,1922,9,,,0,70,,3509,9,,,0,30,,1938,9,,,0,69,,3496,9,,,0,32,,3501,9,,,0,67,,3497,9,,,0,30,,1931,9,,,0,70,,3510,9,,,0,30,,3511,9,,,0,70,,1933,9,,,0,30,,3505,9,,,0,69,,3499,9,,,0,32,,3512,9,,,0,68,,1918,9,,,0,37,,3514,9,,,0,63,,3507,9,,,0,30,,1949,9,,,0,69,,3513,9,,,0,31,,1926,9,,,0,80,,1940,9,,,0
2501,'5034',842,,3781,25,,,0,260,,3782,26,,,0,215,,2582,26,,,0,505,,2583,25,,,0,230,,2584,26,,,0
2501,'5035',847,,2585,25,,,0,256,,3783,26,,,0,217,,3784,25,,,0,135,,3785,26,,,0,370,,2589,26,,,0
2501,'5037',2050,,3786,25,,,0
2501,'5039',2050,,3787,25,,,0
2501,'5041',842,,3788,25,,,0,260,,3790,26,,,0,215,,3789,26,,,0,505,,3791,25,,,0,230,,2592,26,,,0
