501,'5034',832,,2005,5,,,0,110,,3544,5,,,0,111,,3542,5,,,0,100,,3543,5,,,0,170,,3545,5,,,0,104,,2004,5,,,0,116,,2011,5,,,0,110,,2010,5,,,0,150,,2012,5,,,0,110,,2008,5,,,0,110,,2006,5,,,0
501,'5035',642,,2017,5,,,0,110,,2021,5,,,0,150,,2013,5,,,0,110,,2018,5,,,0,101,,2015,5,,,0,99,,2016,5,,,0,128,,3548,5,,,0,98,,3546,5,,,0,504,,3547,5,,,0,109,,3549,5,,,0,151,,2022,5,,,0,49,,2024,5,,,0
501,'5036',1827,,2026,5,,,0
501,'5038',1553,,3552,5,,,0,159,,3553,5,,,0
501,'5039',1553,,3555,5,,,0,159,,3556,5,,,0
501,'5040',1553,,3559,5,,,0,159,,3560,5,,,0,115,,3558,5,,,0
501,'5041',745,,2039,5,,,0,196,,3561,5,,,0,109,,2041,5,,,0,156,,2042,5,,,0,117,,3562,5,,,0,109,,2044,5,,,0,110,,3563,5,,,0,109,,2046,5,,,0,152,,2047,5,,,0,110,,3564,5,,,0,105,,3565,5,,,0,107,,2050,5,,,0,109,,2038,5,,,0
601,'5034',802,,3581,5,,,0,110,,3585,5,,,0,110,,2098,5,,,0,110,,3582,5,,,0,110,,2099,5,,,0,110,,2101,5,,,0,150,,2105,5,,,0,110,,3580,5,,,0,110,,3584,5,,,0,110,,3583,5,,,0,110,,2103,5,,,0
601,'5035',652,,3587,5,,,0,81,,2113,5,,,0,70,,2109,5,,,0,45,,2121,5,,,0,155,,2110,5,,,0,125,,2120,5,,,0,113,,2112,5,,,0,115,,3586,5,,,0,155,,2115,5,,,0,116,,2117,5,,,0,115,,3589,5,,,0,158,,3588,5,,,0,116,,2119,5,,,0,112,,3590,5,,,0,120,,2123,5,,,0,91,,3591,5,,,0
601,'5041',727,,2133,5,,,0,185,,2134,5,,,0,102,,2131,5,,,0,118,,2135,5,,,0,110,,3593,5,,,0,110,,2130,5,,,0,150,,3592,5,,,0,109,,2127,5,,,0,111,,2128,5,,,0,110,,2129,5,,,0,112,,2126,5,,,0,108,,2138,5,,,0,96,,3594,5,,,0,104,,2136,5,,,0,85,,2137,5,,,0
