500,'4623',1411,,4579,15,,,0,214,,4581,15,,,0,232,,4580,15,,,0
500,'5014',625,,4588,15,,,0,86,,4587,15,,,0,115,,4591,15,,,0,107,,4582,15,,,0,110,,4586,15,,,0,101,,4584,15,,,0,99,,4585,15,,,0,267,,4583,15,,,0,233,,4590,15,,,0,269,,4589,15,,,0,108,,4593,15,,,0,109,,4592,15,,,0,89,,4594,15,,,0
500,'5015',813,,4596,15,,,0,196,,4597,15,,,0,110,,4598,15,,,0,116,,4599,15,,,0,117,,4600,15,,,0,149,,4601,15,,,0,110,,4602,15,,,0,108,,4603,15,,,0,112,,4604,15,,,0,109,,4605,15,,,0,105,,4606,15,,,0,107,,4607,15,,,0,149,,4608,15,,,0
500,'5221',859,,4613,15,,,0,150,,4615,15,,,0,112,,4610,15,,,0,100,,4611,15,,,0,130,,4617,15,,,0,104,,4612,15,,,0,156,,4619,15,,,0,110,,4618,15,,,0,110,,4620,15,,,0,110,,4616,15,,,0
500,'5222',1411,,4621,15,,,0,214,,4623,15,,,0,232,,4622,15,,,0
1500,'5014',925,,5028,17,,,0,30,,5027,17,,,0,70,,5029,17,,,0,30,,5033,17,,,0,69,,5032,17,,,0,31,,5031,17,,,0,69,,5030,17,,,0,100,,5037,17,,,0,30,,5036,17,,,0,75,,5035,17,,,0,74,,5034,17,,,0,331,,5038,17,,,0,109,,5039,17,,,0,110,,5040,17,,,0
1500,'5015',802,,5048,17,,,0,110,,5043,17,,,0,111,,5051,17,,,0,108,,5047,17,,,0,119,,5046,17,,,0,105,,5044,17,,,0,150,,5049,17,,,0,110,,5050,17,,,0,114,,5041,17,,,0,106,,5042,17,,,0,110,,5045,17,,,0,107,,5052,17,,,0
1500,'5221',802,,5061,17,,,0,113,,5060,17,,,0,110,,5058,17,,,0,111,,5056,17,,,0,109,,5062,17,,,0,110,,5054,17,,,0,150,,5057,17,,,0,110,,5053,17,,,0,110,,5063,17,,,0,109,,5059,17,,,0,111,,5055,17,,,0
4000,'4623',1303,,5384,39,,,0
4000,'5014',631,,5413,39,,,0,70,,5414,39,,,0,30,,5415,39,,,0,70,,5416,39,,,0,31,,5417,39,,,0,70,,5392,39,,,0,30,,5393,39,,,0,71,,5394,39,,,0,30,,5395,39,,,0,69,,5396,39,,,0,31,,5397,39,,,0,70,,5398,39,,,0,30,,5399,39,,,0,99,,5400,39,,,0,69,,5401,39,,,0,29,,5403,39,,,0,70,,5402,39,,,0,30,,5404,39,,,0,70,,5405,39,,,0,30,,5406,39,,,0,72,,5407,39,,,0,31,,5408,39,,,0,70,,5409,39,,,0,37,,5410,39,,,0,71,,5411,39,,,0,30,,5412,39,,,0,70,,5388,39,,,0,30,,5389,39,,,0,72,,5387,39,,,0,30,,5390,39,,,0,70,,5386,39,,,0,29,,5391,39,,,0,71,,5385,39,,,0
4000,'5015',712,,5437,39,,,0,32,,5442,39,,,0,74,,5430,39,,,0,37,,5422,39,,,0,73,,5438,39,,,0,74,,5419,39,,,0,37,,5435,39,,,0,73,,5420,39,,,0,35,,5426,39,,,0,75,,5429,39,,,0,36,,5418,39,,,0,75,,5423,39,,,0,75,,5427,39,,,0,35,,5436,39,,,0,75,,5441,39,,,0,37,,5425,39,,,0,72,,5431,39,,,0,75,,5440,39,,,0,39,,5439,39,,,0,71,,5428,39,,,0,36,,5432,39,,,0,74,,5443,39,,,0,35,,5421,39,,,0,76,,5444,39,,,0,75,,5433,39,,,0,104,,5424,39,,,0,99,,5434,39,,,0
4000,'5221',738,,5450,39,,,0,117,,5460,39,,,0,147,,5447,39,,,0,35,,5463,39,,,0,72,,5449,39,,,0,45,,5445,39,,,0,68,,5464,39,,,0,35,,5458,39,,,0,75,,5459,39,,,0,75,,5454,39,,,0,35,,5451,39,,,0,73,,5453,39,,,0,37,,5448,39,,,0,75,,5456,39,,,0,75,,5455,39,,,0,35,,5462,39,,,0,75,,5446,39,,,0,35,,5457,39,,,0,74,,5452,39,,,0,35,,5461,39,,,0
4000,'5222',1303,,5465,39,,,0
1001500,'5014',707,,5838,22,,,0,37,,5835,22,,,0,78,,5837,22,,,0,30,,5836,22,,,0,402,,5839,22,,,0,285,,5842,22,,,0,76,,5844,22,,,0,37,,5840,22,,,0,76,,5841,22,,,0,75,,5843,22,,,0
