600,'5014',629,,4680,7,,,0,88,,4673,7,,,0,28,,4669,7,,,0,158,,4672,7,,,0,113,,4678,7,,,0,119,,4668,7,,,0,122,,4679,7,,,0,156,,4670,7,,,0,117,,4671,7,,,0,114,,4675,7,,,0,114,,4676,7,,,0,153,,4674,7,,,0,114,,4677,7,,,0,113,,4681,7,,,0,111,,4682,7,,,0,91,,4683,7,,,0
600,'5015',705,,4689,7,,,0,110,,4692,7,,,0,109,,4686,7,,,0,110,,4696,7,,,0,108,,4687,7,,,0,159,,4690,7,,,0,105,,4691,7,,,0,112,,4693,7,,,0,108,,4695,7,,,0,116,,4684,7,,,0,104,,4688,7,,,0,109,,4685,7,,,0,150,,4697,7,,,0,110,,4698,7,,,0,100,,4694,7,,,0
600,'5221',705,,4700,7,,,0,110,,4708,7,,,0,110,,4707,7,,,0,110,,4705,7,,,0,111,,4702,7,,,0,109,,4709,7,,,0,150,,4699,7,,,0,111,,4706,7,,,0,111,,4704,7,,,0,111,,4710,7,,,0,107,,4703,7,,,0,111,,4701,7,,,0
801,'5014',529,,4903,5,,,0,129,,4892,5,,,0,142,,4895,5,,,0,114,,4902,5,,,0,115,,4891,5,,,0,125,,4901,5,,,0,154,,4894,5,,,0,115,,4893,5,,,0,105,,4897,5,,,0,125,,4896,5,,,0,155,,4899,5,,,0,115,,4900,5,,,0,116,,4898,5,,,0,112,,4904,5,,,0,159,,4905,5,,,0
801,'5015',701,,4907,5,,,0,110,,4908,5,,,0,110,,4909,5,,,0,111,,4910,5,,,0,123,,4918,5,,,0,148,,4919,5,,,0,112,,4911,5,,,0,104,,4912,5,,,0,120,,4913,5,,,0,102,,4914,5,,,0,110,,4906,5,,,0,105,,4915,5,,,0,145,,4916,5,,,0,109,,4917,5,,,0
801,'5221',811,,4925,5,,,0,121,,4923,5,,,0,104,,4927,5,,,0,111,,4926,5,,,0,156,,4928,5,,,0,109,,4929,5,,,0,112,,4922,5,,,0,111,,4920,5,,,0,106,,4921,5,,,0,110,,4931,5,,,0,106,,4930,5,,,0
4001,'4623',656,,5467,7,,,0,475,,5466,7,,,0
4001,'5014',625,,5497,7,,,0,102,,5499,7,,,0,31,,5498,7,,,0,73,,5478,7,,,0,70,,5480,7,,,0,30,,5479,7,,,0,70,,5481,7,,,0,30,,5482,7,,,0,70,,5483,7,,,0,101,,5484,7,,,0,30,,5485,7,,,0,70,,5486,7,,,0,30,,5487,7,,,0,70,,5488,7,,,0,30,,5489,7,,,0,70,,5490,7,,,0,30,,5492,7,,,0,70,,5491,7,,,0,30,,5493,7,,,0,70,,5500,7,,,0,30,,5495,7,,,0,70,,5494,7,,,0,30,,5496,7,,,0,77,,5477,7,,,0,30,,5476,7,,,0,69,,5475,7,,,0,29,,5471,7,,,0,70,,5474,7,,,0,31,,5470,7,,,0,69,,5473,7,,,0,30,,5469,7,,,0,70,,5472,7,,,0,30,,5468,7,,,0
4001,'5015',652,,5528,7,,,0,83,,5517,7,,,0,74,,5525,7,,,0,33,,5522,7,,,0,76,,5514,7,,,0,37,,5521,7,,,0,76,,5501,7,,,0,74,,5523,7,,,0,36,,5505,7,,,0,75,,5511,7,,,0,35,,5512,7,,,0,76,,5524,7,,,0,75,,5503,7,,,0,31,,5519,7,,,0,78,,5513,7,,,0,35,,5520,7,,,0,75,,5506,7,,,0,34,,5515,7,,,0,75,,5518,7,,,0,76,,5508,7,,,0,34,,5507,7,,,0,75,,5504,7,,,0,35,,5526,7,,,0,75,,5509,7,,,0,75,,5527,7,,,0,35,,5516,7,,,0,100,,5502,7,,,0,101,,5510,7,,,0
4001,'5221',656,,5548,7,,,0,146,,5536,7,,,0,118,,5543,7,,,0,110,,5545,7,,,0,76,,5538,7,,,0,35,,5532,7,,,0,77,,5529,7,,,0,32,,5530,7,,,0,75,,5546,7,,,0,75,,5533,7,,,0,35,,5541,7,,,0,77,,5537,7,,,0,29,,5540,7,,,0,81,,5531,7,,,0,35,,5544,7,,,0,76,,5542,7,,,0,75,,5547,7,,,0,29,,5534,7,,,0,81,,5535,7,,,0,35,,5539,7,,,0
4001,'5222',656,,5550,7,,,0,475,,5549,7,,,0
