2001,'5014',643,,6662,5,,,0,157,,6663,5,0,9 10 11,0,105,,5132,5,,,0,109,,6658,5,,,0,110,,5134,5,,,0,110,,5135,5,,,0,220,,5136,5,0,9 10 11,0,150,,5137,5,,,0,110,,5138,5,,,0,106,,6659,5,0,9 10 11,0,114,,6660,5,,,0,205,,5141,5,0,9 10 11,0,199,,6661,5,0,9 10 11,0
2001,'5015',914,,6665,5,,,0,88,,5155,5,,,0,105,,6666,5,,,0,127,,6664,5,,,0,115,,5154,5,,,0,102,,5148,5,,,0,107,,5153,5,,,0,144,,5149,5,,,0,111,,5146,5,,,0,324,,5150,5,0,9 10 11,0,200,,5147,5,0,9 10 11,0
2001,'5221',904,,5156,5,,,0,226,,5158,5,,,0,219,,5157,5,,,0,209,,5159,5,,,0,266,,5160,5,,,0
2501,'5014',823,,5176,5,,,0,216,,6670,6,,,0,217,,5178,5,,,0,174,,5179,6,,,0,373,,5180,6,,,0,225,,5181,5,,,0
2501,'5015',819,,6671,5,,,0,220,,5185,6,,,0,215,,5184,6,,,0,505,,5186,5,,,0,270,,5182,6,,,0
2501,'5221',819,,5187,5,,,0,220,,5188,6,,,0,215,,5189,6,,,0,505,,5190,5,,,0,270,,5191,6,,,0
1002001,'4623',923,,6935,5,,,0,606,,5889,5,,,0
1002001,'5014',718,,5890,5,,,0,111,,5891,5,,,0,220,,5892,5,,,0,110,,6936,5,,,0,150,,5894,5,,,0,35,,5895,5,,,0,75,,5896,5,,,0,220,,5897,5,,,0,112,,6937,5,,,0,108,,5899,5,,,0,178,,5900,5,,,0,201,,5901,5,,,0
1002001,'5015',715,,6939,5,,,0,113,,5907,5,,,0,111,,6938,5,,,0,111,,5905,5,,,0,103,,6941,5,,,0,156,,5912,5,,,0,110,,5903,5,,,0,104,,5909,5,,,0,117,,5904,5,,,0,109,,5910,5,,,0,164,,5908,5,,,0,103,,6942,5,,,0,219,,6940,5,,,0
1002001,'5221',751,,6945,5,,,0,251,,5919,5,,,0,232,,6943,5,,,0,222,,5917,5,,,0,258,,6944,5,,,0,305,,5918,5,,,0
1002001,'5222',923,,6946,5,,,0,606,,5922,5,,,0
