1500,'5034',748,,2431,7,,,0,153,,2430,7,,,0,110,,2428,7,,,0,111,,2426,7,,,0,109,,2432,7,,,0,109,,2424,7,,,0,110,,2427,7,,,0,150,,2423,7,,,0,110,,2433,7,,,0,109,,2429,7,,,0,111,,2425,7,,,0
1500,'5035',909,,2435,7,,,0,30,,2434,7,,,0,70,,2436,7,,,0,30,,3725,7,,,0,69,,3724,7,,,0,31,,3723,7,,,0,69,,3722,7,,,0,100,,2444,7,,,0,30,,2443,7,,,0,75,,2442,7,,,0,32,,2441,7,,,0,373,,3726,7,,,0,219,,3727,7,,,0
1500,'5038',1927,,2447,7,,,0
1500,'5039',1927,,2448,7,,,0
1500,'5040',1927,,2449,7,,,0
1500,'5041',748,,2457,7,,,0,110,,2452,7,,,0,150,,2460,7,,,0,108,,2456,7,,,0,119,,3730,7,,,0,105,,2453,7,,,0,110,,3731,7,,,0,150,,3732,7,,,0,114,,3728,7,,,0,106,,3729,7,,,0,110,,2454,7,,,0,107,,2461,7,,,0
3000,'5034',709,,2603,8,,,0,117,,3794,8,,,0,105,,3793,8,,,0,106,,2606,8,,,0,113,,2597,8,,,0,109,,2599,8,,,0,150,,2605,8,,,0,110,,2600,8,,,0,110,,3792,8,,,0,111,,2598,8,,,0,111,,2604,8,,,0
3000,'5035',614,,3797,8,,,0,35,,2630,8,,,0,56,,2631,8,,,0,16,,2626,8,,,0,17,,2632,8,,,0,17,,2629,8,,,0,57,,2633,8,,,0,18,,2627,8,,,0,76,,3795,8,,,0,35,,2609,8,,,0,74,,2610,8,,,0,35,,2611,8,,,0,74,,2612,8,,,0,35,,2613,8,,,0,75,,2614,8,,,0,74,,2615,8,,,0,34,,2616,8,,,0,75,,2617,8,,,0,111,,2618,8,,,0,110,,2619,8,,,0,116,,2620,8,,,0,76,,2621,8,,,0,110,,2622,8,,,0,102,,3796,8,,,0,102,,2624,8,,,0,102,,2625,8,,,0
3000,'5036',1452,,2634,8,,,0,266,,2635,8,,,0
3000,'5037',1604,,3798,8,,,0
3000,'5039',1604,,3799,8,,,0
3000,'5040',1452,,3800,8,,,0,266,,3801,8,,,0
3000,'5041',644,,2655,8,,,0,105,,3812,8,,,0,77,,3808,8,,,0,32,,2653,8,,,0,73,,3807,8,,,0,77,,2648,8,,,0,31,,2646,8,,,0,75,,2661,8,,,0,35,,2660,8,,,0,74,,2663,8,,,0,35,,2647,8,,,0,75,,2642,8,,,0,75,,3806,8,,,0,35,,2656,8,,,0,79,,3802,8,,,0,32,,3810,8,,,0,75,,2650,8,,,0,79,,2641,8,,,0,31,,2649,8,,,0,76,,3803,8,,,0,111,,3809,8,,,0,113,,3804,8,,,0,104,,3811,8,,,0,99,,3805,8,,,0
1001500,'5035',647,,3323,7,,,0,75,,4171,7,,,0,34,,3322,7,,,0,75,,4172,7,,,0,401,,4173,7,,,0,285,,3327,7,,,0,36,,3328,7,,,0,77,,3325,7,,,0,76,,3326,7,,,0
1001500,'5037',1741,,4174,7,,,0
1001500,'5039',1741,,4175,7,,,0
