600,'5034',719,,3566,29,4,,0,111,,2060,29,4,,0,110,,2059,29,4,,0,111,,2057,29,4,,0,151,,2054,29,4,,0,109,,2061,29,4,,0,110,,2051,29,4,,0,111,,2058,29,4,,0,111,,2056,29,4,,0,111,,2062,29,4,,0,146,,2055,29,4,,0,111,,2053,29,4,,0
600,'5035',644,,3573,29,4,,0,88,,3570,29,4,,0,69,,2065,29,4,,0,35,,2063,29,4,,0,83,,2069,29,4,,0,113,,2074,29,4,,0,120,,3567,29,4,,0,163,,2075,29,4,,0,118,,3568,29,4,,0,94,,2068,29,4,,0,23,,3569,29,4,,0,266,,2072,29,4,,0,111,,3571,29,4,,0,114,,3572,29,4,,0,112,,2077,29,4,,0,151,,3574,29,4,,0,50,,2079,29,4,,0
600,'5038',1702,,2080,29,4,,0
600,'5039',1702,,2081,29,4,,0
600,'5040',1702,,2082,29,4,,0
600,'5041',720,,2088,29,4,,0,111,,2091,29,4,,0,109,,2085,29,4,,0,110,,2095,29,4,,0,108,,2086,29,4,,0,159,,2089,29,4,,0,106,,3578,29,4,,0,112,,2092,29,4,,0,108,,3579,29,4,,0,116,,3575,29,4,,0,143,,3577,29,4,,0,108,,3576,29,4,,0,109,,2096,29,4,,0,110,,2097,29,4,,0,100,,2093,29,4,,0
601,'5034',800,,3581,1,,,0,110,,3585,1,,,0,110,,2098,1,,,0,110,,3582,1,,,0,110,,2099,1,,,0,110,,2101,1,,,0,150,,2105,1,,,0,110,,3580,1,,,0,110,,3584,1,,,0,110,,3583,1,,,0,110,,2103,1,,,0
601,'5035',650,,3587,1,,,0,80,,2113,1,,,0,70,,2109,1,,,0,46,,2121,1,,,0,155,,2110,1,,,0,125,,2120,1,,,0,113,,2112,1,,,0,114,,3586,1,,,0,155,,2115,1,,,0,116,,2117,1,,,0,115,,3589,1,,,0,118,,3588,1,,,0,157,,2119,1,,,0,112,,3590,1,,,0,120,,2123,1,,,0,91,,3591,1,,,0
601,'5041',725,,2133,1,,,0,185,,2134,1,,,0,102,,2131,1,,,0,118,,2135,1,,,0,110,,3593,1,,,0,110,,2130,1,,,0,150,,3592,1,,,0,109,,2127,1,,,0,111,,2128,1,,,0,110,,2129,1,,,0,112,,2126,1,,,0,108,,2138,1,,,0,96,,3594,1,,,0,104,,2136,1,,,0,85,,2137,1,,,0
2501,'5034',815,,3781,1,,,0,220,,3782,2,,,0,215,,2582,2,,,0,505,,2583,1,,,0,270,,2584,2,,,0
2501,'5035',819,,2585,1,,,0,216,,3783,2,,,0,217,,3784,1,,,0,174,,3785,2,,,0,333,,2589,2,,,0
2501,'5037',2024,,3786,1,,,0
2501,'5039',2024,,3787,1,,,0
2501,'5041',815,,3788,1,,,0,220,,3790,2,,,0,215,,3789,2,,,0,505,,3791,1,,,0,270,,2592,2,,,0
