2501,'5034',838,,3781,21,,,0,220,,3782,22,,,0,255,,2582,22,,,0,505,,2583,21,,,0,230,,2584,22,,,0
2501,'5035',843,,2585,21,,,0,216,,3783,22,,,0,257,,3784,21,,,0,135,,3785,22,,,0,370,,2589,22,,,0
2501,'5037',2046,,3786,21,,,0
2501,'5039',2046,,3787,21,,,0
2501,'5041',838,,3788,21,,,0,220,,3790,22,,,0,255,,3789,22,,,0,505,,3791,21,,,0,230,,2592,22,,,0
4001,'5034',715,,2932,25,,,0,107,,2920,25,,,0,120,,3986,25,,,0,110,,2929,25,,,0,76,,3982,25,,,0,75,,2916,25,,,0,38,,3979,25,,,0,72,,3980,25,,,0,35,,3988,25,,,0,75,,2917,25,,,0,35,,3984,25,,,0,77,,2921,25,,,0,68,,2924,25,,,0,40,,2915,25,,,0,75,,3987,25,,,0,35,,3985,25,,,0,75,,3989,25,,,0,29,,2918,25,,,0,80,,3981,25,,,0,75,,3983,25,,,0
4001,'5035',644,,2984,25,,,0,72,,4033,25,,,0,32,,4037,25,,,0,56,,4034,25,,,0,15,,4035,25,,,0,18,,4036,25,,,0,16,,3999,25,,,0,55,,4002,25,,,0,14,,4003,25,,,0,14,,4004,25,,,0,15,,4000,25,,,0,55,,4001,25,,,0,15,,4005,25,,,0,15,,4006,25,,,0,15,,4007,25,,,0,55,,4008,25,,,0,15,,4009,25,,,0,15,,4010,25,,,0,16,,4011,25,,,0,55,,4012,25,,,0,17,,4013,25,,,0,15,,2959,25,,,0,15,,2960,25,,,0,55,,4014,25,,,0,15,,2962,25,,,0,15,,4015,25,,,0,15,,4016,25,,,0,56,,4017,25,,,0,15,,4018,25,,,0,15,,4019,25,,,0,15,,4020,25,,,0,55,,4021,25,,,0,15,,4022,25,,,0,15,,4023,25,,,0,15,,4024,25,,,0,55,,2973,25,,,0,15,,4025,25,,,0,15,,4026,25,,,0,14,,2976,25,,,0,54,,4027,25,,,0,15,,4038,25,,,0,15,,4030,25,,,0,15,,2981,25,,,0,54,,4028,25,,,0,15,,4029,25,,,0,15,,4031,25,,,0,15,,4032,25,,,0,56,,2943,25,,,0,20,,3998,25,,,0,20,,3993,25,,,0,60,,3997,25,,,0,48,,2936,25,,,0,70,,3996,25,,,0,30,,3992,25,,,0,69,,3995,25,,,0,29,,3991,25,,,0,70,,3994,25,,,0,30,,3990,25,,,0
4001,'5037',2027,,4039,25,,,0
4001,'5039',2027,,4040,25,,,0
4001,'5041',713,,3020,25,,,0,43,,3009,25,,,0,74,,3017,25,,,0,74,,4054,25,,,0,37,,3006,25,,,0,77,,4053,25,,,0,36,,4041,25,,,0,75,,4055,25,,,0,76,,4044,25,,,0,35,,3003,25,,,0,75,,3004,25,,,0,36,,3016,25,,,0,75,,2995,25,,,0,31,,3011,25,,,0,78,,3005,25,,,0,75,,4052,25,,,0,35,,4045,25,,,0,73,,4049,25,,,0,35,,4051,25,,,0,75,,3000,25,,,0,74,,4046,25,,,0,35,,4043,25,,,0,75,,3018,25,,,0,34,,4047,25,,,0,74,,4056,25,,,0,35,,4050,25,,,0,100,,4042,25,,,0,101,,4048,25,,,0
