2000,'4623',1712,,5099,36,,,0
2000,'5014',611,,5111,36,,,0,108,,5112,36,,,0,108,,5113,36,,,0,402,,5103,36,,,0,323,,5107,36,,,0,452,,5109,36,,,0,203,,5110,36,,,0
2000,'5015',1944,,5119,36,,,0,258,,5125,36,,,0,102,,5121,36,,,0
2000,'5222',1712,,5131,36,,,0
2001,'5014',821,,5144,28,,,0,695,,5136,28,,,0,323,,5139,28,,,0,319,,5141,28,,,0,197,,5142,28,,,0
2001,'5015',2156,,5150,28,,,0,199,,5147,28,,,0
4000,'4623',1241,,5384,23,,,0
4000,'5014',614,,5413,23,,,0,30,,5414,23,,,0,68,,5415,23,,,0,29,,5416,23,,,0,69,,5417,23,,,0,32,,5392,23,,,0,70,,5393,23,,,0,31,,5394,23,,,0,70,,5395,23,,,0,28,,5396,23,,,0,71,,5397,23,,,0,30,,5398,23,,,0,69,,5399,23,,,0,99,,5400,23,,,0,29,,5401,23,,,0,69,,5403,23,,,0,29,,5402,23,,,0,71,,5404,23,,,0,30,,5405,23,,,0,71,,5406,23,,,0,31,,5407,23,,,0,72,,5408,23,,,0,31,,5409,23,,,0,77,,5410,23,,,0,32,,5411,23,,,0,70,,5412,23,,,0,31,,5388,23,,,0,70,,5389,23,,,0,32,,5387,23,,,0,70,,5390,23,,,0,31,,5386,23,,,0,70,,5391,23,,,0,31,,5385,23,,,0
4000,'5015',655,,5437,23,,,0,72,,5442,23,,,0,74,,5430,23,,,0,37,,5422,23,,,0,72,,5438,23,,,0,34,,5419,23,,,0,77,,5435,23,,,0,32,,5420,23,,,0,75,,5426,23,,,0,75,,5429,23,,,0,35,,5418,23,,,0,75,,5423,23,,,0,35,,5427,23,,,0,75,,5436,23,,,0,35,,5441,23,,,0,78,,5425,23,,,0,72,,5431,23,,,0,35,,5440,23,,,0,79,,5439,23,,,0,31,,5428,23,,,0,76,,5432,23,,,0,75,,5443,23,,,0,35,,5421,23,,,0,77,,5444,23,,,0,35,,5433,23,,,0,104,,5424,23,,,0,99,,5434,23,,,0
4000,'5221',721,,5450,23,,,0,117,,5460,23,,,0,106,,5447,23,,,0,75,,5463,23,,,0,32,,5449,23,,,0,85,,5445,23,,,0,68,,5464,23,,,0,35,,5458,23,,,0,75,,5459,23,,,0,35,,5454,23,,,0,75,,5451,23,,,0,33,,5453,23,,,0,77,,5448,23,,,0,75,,5456,23,,,0,35,,5455,23,,,0,75,,5462,23,,,0,35,,5446,23,,,0,75,,5457,23,,,0,75,,5452,23,,,0,35,,5461,23,,,0
4000,'5222',1241,,5465,23,,,0
7201,'4623',1511,,5657,31,,,0
7201,'5014',734,,5682,31,,,0,78,,5680,31,,,0,34,,5681,31,,,0,74,,5658,31,,,0,35,,5659,31,,,0,75,,5661,31,,,0,76,,5663,31,,,0,35,,5660,31,,,0,75,,5664,31,,,0,35,,5662,31,,,0,75,,5665,31,,,0,75,,5666,31,,,0,35,,5667,31,,,0,110,,5668,31,,,0,75,,5669,31,,,0,35,,5670,31,,,0,75,,5671,31,,,0,74,,5672,31,,,0,35,,5673,31,,,0,75,,5675,31,,,0,35,,5676,31,,,0,105,,5677,31,,,0,100,,5674,31,,,0,98,,5678,31,,,0,99,,5679,31,,,0
7201,'5015',739,,5685,31,,,0,110,,5683,31,,,0,96,,5692,31,,,0,78,,5686,31,,,0,33,,5695,31,,,0,75,,5687,31,,,0,75,,5693,31,,,0,35,,5688,31,,,0,75,,5694,31,,,0,43,,5696,31,,,0,67,,5697,31,,,0,83,,5698,31,,,0,27,,5699,31,,,0,83,,5700,31,,,0,27,,5684,31,,,0,77,,5701,31,,,0,32,,5702,31,,,0,75,,5703,31,,,0,74,,5704,31,,,0,35,,5706,31,,,0,96,,5705,31,,,0,122,,5689,31,,,0,100,,5690,31,,,0,99,,5691,31,,,0
7201,'5221',812,,5707,31,,,0,113,,5709,31,,,0,111,,5711,31,,,0,116,,5712,31,,,0,104,,5710,31,,,0,155,,5714,31,,,0,107,,5715,31,,,0,111,,5716,31,,,0,106,,5717,31,,,0,110,,5708,31,,,0,114,,5713,31,,,0
7201,'5222',1511,,5718,31,,,0
1002000,'4623',1448,,5857,42,,,0
1002000,'5014',2107,,5866,42,,,0,200,,5867,42,,,0
1002000,'5015',643,,5873,42,,,0,112,,5874,42,,,0,150,,5869,42,,,0,107,,5876,42,,,0,115,,5877,42,,,0,106,,5875,42,,,0,100,,5870,42,,,0,112,,5878,42,,,0,158,,5871,42,,,0,110,,5879,42,,,0,125,,5872,42,,,0,264,,5868,42,,,0
1002000,'5221',719,,5884,42,,,0,218,,5881,42,,,0,210,,5880,42,,,0,272,,5885,42,,,0,218,,5882,42,,,0,277,,5883,42,,,0
1002000,'5222',1448,,5887,42,,,0
1002001,'4623',942,,5888,28,,,0,608,,5889,28,,,0
1002001,'5014',1406,,5895,28,,,0,35,,5896,28,,,0,218,,5897,28,,,0,397,,5900,28,,,0,200,,5901,28,,,0
1002001,'5015',734,,5906,28,,,0,113,,5907,28,,,0,111,,5902,28,,,0,151,,5905,28,,,0,103,,5913,28,,,0,117,,5912,28,,,0,110,,5903,28,,,0,104,,5909,28,,,0,116,,5904,28,,,0,149,,5910,28,,,0,124,,5908,28,,,0,103,,5914,28,,,0,219,,5911,28,,,0
1002001,'5221',810,,5920,28,,,0,212,,5919,28,,,0,232,,5915,28,,,0,262,,5917,28,,,0,217,,5916,28,,,0,305,,5918,28,,,0
1002001,'5222',942,,5921,28,,,0,608,,5922,28,,,0
