2001,'5034',905,,2531,7,,,0,226,,2533,7,,,0,219,,2532,7,,,0,209,,2534,7,,,0,266,,3762,7,,,0
2001,'5035',644,,3769,7,,,0,86,,3770,7,0,9 10 11,0,71,,2547,7,0,9 10 11,0,105,,3763,7,,,0,109,,3764,7,,,0,110,,3765,7,,,0,110,,3766,7,,,0,220,,3767,7,0,9 10 11,0,150,,2541,7,,,0,110,,2542,7,,,0,220,,3768,7,,,0,404,,2544,7,0,9 10 11,0
2001,'5038',1821,,2548,7,0,9 10 11,0,319,,2549,7,0,9 10 11,0
2001,'5039',1821,,2550,7,0,9 10 11,0,319,,2551,7,0,9 10 11,0
2001,'5040',1821,,2552,7,0,9 10 11,0,319,,2553,7,0,9 10 11,0
2001,'5041',915,,2560,7,,,0,88,,2564,7,,,0,105,,3772,7,,,0,127,,2554,7,,,0,115,,2563,7,,,0,102,,2557,7,,,0,107,,2562,7,,,0,144,,2558,7,,,0,111,,3771,7,,,0,324,,2559,7,0,9 10 11,0,200,,2556,7,0,9 10 11,0
2501,'5034',820,,3781,7,,,0,220,,3782,8,,,0,215,,2582,8,,,0,545,,2583,7,,,0,230,,2584,8,,,0
2501,'5035',824,,2585,7,,,0,216,,3783,8,,,0,217,,3784,7,,,0,174,,3785,8,,,0,373,,2589,8,,,0
2501,'5037',2029,,3786,7,,,0
2501,'5039',2029,,3787,7,,,0
2501,'5041',820,,3788,7,,,0,220,,3790,8,,,0,215,,3789,8,,,0,545,,3791,7,,,0,230,,2592,8,,,0
1002001,'5034',752,,3381,7,,,0,251,,3380,7,,,0,232,,4188,7,,,0,222,,4189,7,,,0,258,,3377,7,,,0,305,,3379,7,,,0
1002001,'5035',719,,4190,7,,,0,111,,4191,7,,,0,94,,4192,7,,,0,126,,3385,7,,,0,150,,4193,7,,,0,110,,3387,7,,,0,35,,3388,7,,,0,75,,4194,7,,,0,110,,3390,7,,,0,110,,4195,7,,,0,112,,4196,7,,,0,148,,3393,7,,,0,138,,4197,7,,,0,201,,3395,7,,,0
1002001,'5041',716,,3400,7,,,0,113,,4200,7,,,0,111,,3396,7,,,0,111,,4199,7,,,0,103,,4204,7,,,0,156,,3406,7,,,0,110,,4198,7,,,0,104,,3403,7,,,0,117,,3398,7,,,0,109,,4202,7,,,0,164,,4201,7,,,0,103,,4205,7,,,0,219,,4203,7,,,0
