1501,'5034',832,,3735,8,,,0,111,,3739,8,,,0,110,,2462,8,,,0,150,,3736,8,,,0,110,,3734,8,,,0,110,,2465,8,,,0,110,,2468,8,,,0,109,,3733,8,,,0,110,,3738,8,,,0,150,,3737,8,,,0
1501,'5035',843,,2473,8,,,0,69,,3740,8,,,0,30,,2475,8,,,0,70,,2472,8,,,0,30,,3741,8,,,0,70,,3742,8,,,0,29,,3743,8,,,0,71,,3744,8,,,0,103,,2481,8,,,0,27,,2480,8,,,0,509,,3745,8,,,0,260,,3746,8,,,0
1501,'5038',2001,,2484,8,,,0
1501,'5039',2001,,2485,8,,,0
1501,'5040',2001,,2486,8,,,0
1501,'5041',758,,2495,8,,,0,185,,2496,8,,,0,102,,2493,8,,,0,158,,2497,8,,,0,112,,3748,8,,,0,109,,2492,8,,,0,110,,3747,8,,,0,109,,2489,8,,,0,111,,2490,8,,,0,148,,2491,8,,,0,112,,2488,8,,,0,107,,2498,8,,,0
3001,'5034',836,,2670,46,,,0,122,,3814,46,,,0,150,,2664,46,,,0,111,,3817,46,,,0,110,,3815,46,,,0,110,,2674,46,,,0,112,,3816,46,,,0,107,,2666,46,,,0,150,,2668,46,,,0,102,,3813,46,,,0,115,,2669,46,,,0
3001,'5035',658,,3823,46,,,0,88,,3822,46,,,0,79,,2698,46,,,0,18,,2700,46,,,0,16,,2697,46,,,0,57,,2701,46,,,0,17,,2675,46,,,0,75,,2676,46,,,0,35,,3818,46,,,0,75,,2678,46,,,0,35,,2679,46,,,0,76,,2680,46,,,0,75,,2682,46,,,0,35,,2683,46,,,0,76,,2684,46,,,0,36,,3819,46,,,0,76,,2685,46,,,0,77,,2686,46,,,0,107,,2687,46,,,0,34,,3820,46,,,0,74,,2689,46,,,0,34,,2690,46,,,0,74,,2691,46,,,0,75,,2693,46,,,0,107,,2694,46,,,0,197,,3821,46,,,0,100,,2695,46,,,0
3001,'5036',1638,,2702,46,,,0
3001,'5038',2209,,3824,46,,,0
3001,'5039',2209,,3825,46,,,0
3001,'5040',1638,,3826,46,,,0,571,,3827,46,,,0
3001,'5041',811,,2725,46,,,0,108,,3832,46,,,0,37,,3834,46,,,0,76,,2719,46,,,0,77,,2716,46,,,0,35,,2721,46,,,0,77,,2710,46,,,0,36,,2727,46,,,0,75,,2728,46,,,0,76,,2708,46,,,0,35,,2711,46,,,0,71,,2715,46,,,0,37,,2724,46,,,0,75,,3835,46,,,0,74,,3831,46,,,0,33,,3838,46,,,0,75,,3828,46,,,0,35,,3837,46,,,0,74,,3830,46,,,0,35,,2714,46,,,0,148,,3836,46,,,0,108,,3829,46,,,0,100,,2726,46,,,0,101,,3833,46,,,0
1001501,'5035',731,,3332,13,,,0,78,,4176,13,,,0,440,,4177,13,,,0,170,,3333,13,,,0,36,,3334,13,,,0,76,,3337,13,,,0,77,,3340,13,,,0,37,,3339,13,,,0,74,,3336,13,,,0,35,,3338,13,,,0
1001501,'5037',1828,,4178,13,,,0
1001501,'5039',1828,,4179,13,,,0
