2001,'5034',911,,2531,13,,,0,227,,2533,13,,,0,219,,2532,13,,,0,249,,2534,13,,,0,225,,3762,13,,,0
2001,'5035',650,,3769,13,,,0,86,,3770,13,0,9 10 11,0,72,,2547,13,0,9 10 11,0,104,,3763,13,,,0,109,,3764,13,,,0,110,,3765,13,,,0,111,,3766,13,,,0,260,,3767,13,0,9 10 11,0,110,,2541,13,,,0,110,,2542,13,,,0,219,,3768,13,,,0,403,,2544,13,0,9 10 11,0
2001,'5038',1827,,2548,13,0,9 10 11,0,319,,2549,13,0,9 10 11,0
2001,'5039',1827,,2550,13,0,9 10 11,0,319,,2551,13,0,9 10 11,0
2001,'5040',1827,,2552,13,0,9 10 11,0,319,,2553,13,0,9 10 11,0
2001,'5041',921,,2560,13,,,0,88,,2564,13,,,0,105,,3772,13,,,0,128,,2554,13,,,0,115,,2563,13,,,0,102,,2557,13,,,0,147,,2562,13,,,0,103,,2558,13,,,0,111,,3771,13,,,0,324,,2559,13,0,9 10 11,0,199,,2556,13,0,9 10 11,0
2501,'5034',832,,3781,13,,,0,220,,3782,14,,,0,255,,2582,14,,,0,505,,2583,13,,,0,230,,2584,14,,,0
2501,'5035',835,,2585,13,,,0,216,,3783,14,,,0,257,,3784,13,,,0,135,,3785,14,,,0,372,,2589,14,,,0
2501,'5037',2040,,3786,13,,,0
2501,'5039',2040,,3787,13,,,0
2501,'5041',832,,3788,13,,,0,220,,3790,14,,,0,255,,3789,14,,,0,505,,3791,13,,,0,230,,2592,14,,,0
1002001,'5034',758,,3381,13,,,0,252,,3380,13,,,0,232,,4188,13,,,0,262,,4189,13,,,0,217,,3377,13,,,0,305,,3379,13,,,0
1002001,'5035',725,,4190,13,,,0,111,,4191,13,,,0,94,,4192,13,,,0,126,,3385,13,,,0,150,,4193,13,,,0,111,,3387,13,,,0,35,,3388,13,,,0,75,,4194,13,,,0,110,,3390,13,,,0,110,,4195,13,,,0,111,,4196,13,,,0,148,,3393,13,,,0,138,,4197,13,,,0,201,,3395,13,,,0
1002001,'5041',722,,3400,13,,,0,113,,4200,13,,,0,111,,3396,13,,,0,111,,4199,13,,,0,143,,4204,13,,,0,117,,3406,13,,,0,110,,4198,13,,,0,104,,3403,13,,,0,116,,3398,13,,,0,109,,4202,13,,,0,164,,4201,13,,,0,103,,4205,13,,,0,219,,4203,13,,,0
