101,'5034',812,,3462,13,,,0,30,,3465,13,,,0,70,,1857,13,,,0,28,,3463,13,,,0,73,,1865,13,,,0,32,,3461,13,,,0,71,,3467,13,,,0,33,,1866,13,,,0,70,,1847,13,,,0,30,,3459,13,,,0,70,,3468,13,,,0,30,,3470,13,,,0,70,,3469,13,,,0,30,,1846,13,,,0,70,,3464,13,,,0,30,,3460,13,,,0,69,,3458,13,,,0,29,,1848,13,,,0,70,,1855,13,,,0,29,,3457,13,,,0,70,,3471,13,,,0,30,,1869,13,,,0,70,,1861,13,,,0,29,,1845,13,,,0,70,,3466,13,,,0,30,,1871,13,,,0,81,,1860,13,,,0
101,'5035',649,,3486,13,,,0,73,,3485,13,,,0,19,,1905,13,,,0,60,,1899,13,,,0,21,,3487,13,,,0,19,,1904,13,,,0,17,,3483,13,,,0,65,,3482,13,,,0,33,,1894,13,,,0,72,,3478,13,,,0,25,,3481,13,,,0,72,,3474,13,,,0,26,,3480,13,,,0,74,,3475,13,,,0,34,,1891,13,,,0,66,,1912,13,,,0,33,,1890,13,,,0,67,,3476,13,,,0,33,,1889,13,,,0,56,,3490,13,,,0,21,,1885,13,,,0,23,,1872,13,,,0,57,,3484,13,,,0,21,,1874,13,,,0,22,,1882,13,,,0,57,,3472,13,,,0,20,,3477,13,,,0,24,,1886,13,,,0,55,,3491,13,,,0,16,,3479,13,,,0,72,,1877,13,,,0,53,,1878,13,,,0,70,,1906,13,,,0,30,,1879,13,,,0,70,,1908,13,,,0,30,,3473,13,,,0,70,,3488,13,,,0,30,,1881,13,,,0,68,,3489,13,,,0,32,,1876,13,,,0,83,,1875,13,,,0
101,'5038',1925,,3492,13,,,0
101,'5039',1925,,3493,13,,,0
101,'5040',1925,,3494,13,,,0
101,'5041',725,,1928,13,,,0,30,,3515,13,,,0,71,,1930,13,,,0,27,,1935,13,,,0,74,,3500,13,,,0,22,,1921,13,,,0,81,,3506,13,,,0,29,,3502,13,,,0,68,,3495,13,,,0,31,,1919,13,,,0,68,,1941,13,,,0,33,,3503,13,,,0,71,,3498,13,,,0,70,,3508,13,,,0,30,,3504,13,,,0,70,,1922,13,,,0,30,,3509,13,,,0,70,,1938,13,,,0,29,,3496,13,,,0,72,,3501,13,,,0,27,,3497,13,,,0,30,,1931,13,,,0,70,,3510,13,,,0,29,,3511,13,,,0,69,,1933,13,,,0,30,,3505,13,,,0,69,,3499,13,,,0,32,,3512,13,,,0,68,,1918,13,,,0,77,,3514,13,,,0,23,,3507,13,,,0,29,,1949,13,,,0,69,,3513,13,,,0,31,,1926,13,,,0,80,,1940,13,,,0
1501,'5034',839,,3735,16,,,0,112,,3739,16,,,0,150,,2462,16,,,0,110,,3736,16,,,0,110,,3734,16,,,0,110,,2465,16,,,0,109,,2468,16,,,0,109,,3733,16,,,0,109,,3738,16,,,0,150,,3737,16,,,0
1501,'5035',852,,2473,16,,,0,69,,3740,16,,,0,30,,2475,16,,,0,70,,2472,16,,,0,30,,3741,16,,,0,70,,3742,16,,,0,29,,3743,16,,,0,71,,3744,16,,,0,103,,2481,16,,,0,27,,2480,16,,,0,508,,3745,16,,,0,259,,3746,16,,,0
1501,'5038',2008,,2484,16,,,0
1501,'5039',2008,,2485,16,,,0
1501,'5040',2008,,2486,16,,,0
1501,'5041',805,,2495,16,,,0,146,,2496,16,,,0,102,,2493,16,,,0,158,,2497,16,,,0,112,,3748,16,,,0,109,,2492,16,,,0,110,,3747,16,,,0,108,,2489,16,,,0,151,,2490,16,,,0,107,,2491,16,,,0,112,,2488,16,,,0,107,,2498,16,,,0
3001,'5034',844,,2670,54,,,0,161,,3814,54,,,0,110,,2664,54,,,0,111,,3817,54,,,0,110,,3815,54,,,0,110,,2674,54,,,0,112,,3816,54,,,0,147,,2666,54,,,0,110,,2668,54,,,0,103,,3813,54,,,0,115,,2669,54,,,0
3001,'5035',706,,3823,54,,,0,47,,3822,54,,,0,79,,2698,54,,,0,18,,2700,54,,,0,56,,2697,54,,,0,17,,2701,54,,,0,17,,2675,54,,,0,75,,2676,54,,,0,35,,3818,54,,,0,76,,2678,54,,,0,75,,2679,54,,,0,36,,2680,54,,,0,75,,2682,54,,,0,35,,2683,54,,,0,77,,2684,54,,,0,76,,3819,54,,,0,36,,2685,54,,,0,76,,2686,54,,,0,107,,2687,54,,,0,33,,3820,54,,,0,74,,2689,54,,,0,74,,2690,54,,,0,34,,2691,54,,,0,75,,2693,54,,,0,108,,2694,54,,,0,196,,3821,54,,,0,99,,2695,54,,,0
3001,'5036',1646,,2702,54,,,0
3001,'5038',2217,,3824,54,,,0
3001,'5039',2217,,3825,54,,,0
3001,'5040',1646,,3826,54,,,0,571,,3827,54,,,0
3001,'5041',818,,2725,54,,,0,108,,3832,54,,,0,78,,3834,54,,,0,36,,2719,54,,,0,77,,2716,54,,,0,35,,2721,54,,,0,77,,2710,54,,,0,76,,2727,54,,,0,35,,2728,54,,,0,76,,2708,54,,,0,35,,2711,54,,,0,71,,2715,54,,,0,37,,2724,54,,,0,75,,3835,54,,,0,74,,3831,54,,,0,32,,3838,54,,,0,75,,3828,54,,,0,35,,3837,54,,,0,74,,3830,54,,,0,35,,2714,54,,,0,148,,3836,54,,,0,109,,3829,54,,,0,100,,2726,54,,,0,101,,3833,54,,,0
1001501,'5035',740,,3332,21,,,0,78,,4176,21,,,0,439,,4177,21,,,0,172,,3333,21,,,0,76,,3334,21,,,0,36,,3337,21,,,0,77,,3340,21,,,0,37,,3339,21,,,0,72,,3336,21,,,0,75,,3338,21,,,0
1001501,'5037',1836,,4178,21,,,0
1001501,'5039',1836,,4179,21,,,0
