101,'5034',803,,3462,8,,,0,30,,3465,8,,,0,70,,1857,8,,,0,28,,3463,8,,,0,73,,1865,8,,,0,32,,3461,8,,,0,71,,3467,8,,,0,33,,1866,8,,,0,68,,1847,8,,,0,30,,3459,8,,,0,70,,3468,8,,,0,30,,3470,8,,,0,70,,3469,8,,,0,30,,1846,8,,,0,70,,3464,8,,,0,30,,3460,8,,,0,70,,3458,8,,,0,30,,1848,8,,,0,70,,1855,8,,,0,29,,3457,8,,,0,70,,3471,8,,,0,30,,1869,8,,,0,70,,1861,8,,,0,29,,1845,8,,,0,70,,3466,8,,,0,30,,1871,8,,,0,81,,1860,8,,,0
101,'5035',642,,3486,8,,,0,71,,3485,8,,,0,19,,1905,8,,,0,20,,1899,8,,,0,61,,3487,8,,,0,19,,1904,8,,,0,17,,3483,8,,,0,65,,3482,8,,,0,33,,1894,8,,,0,72,,3478,8,,,0,25,,3481,8,,,0,71,,3474,8,,,0,26,,3480,8,,,0,74,,3475,8,,,0,34,,1891,8,,,0,66,,1912,8,,,0,33,,1890,8,,,0,67,,3476,8,,,0,33,,1889,8,,,0,56,,3490,8,,,0,21,,1885,8,,,0,23,,1872,8,,,0,57,,3484,8,,,0,21,,1874,8,,,0,22,,1882,8,,,0,57,,3472,8,,,0,20,,3477,8,,,0,24,,1886,8,,,0,55,,3491,8,,,0,17,,3479,8,,,0,32,,1877,8,,,0,94,,1878,8,,,0,70,,1906,8,,,0,30,,1879,8,,,0,70,,1908,8,,,0,30,,3473,8,,,0,70,,3488,8,,,0,30,,1881,8,,,0,69,,3489,8,,,0,32,,1876,8,,,0,83,,1875,8,,,0
101,'5038',1917,,3492,8,,,0
101,'5039',1917,,3493,8,,,0
101,'5040',1917,,3494,8,,,0
101,'5041',717,,1928,8,,,0,30,,3515,8,,,0,71,,1930,8,,,0,27,,1935,8,,,0,73,,3500,8,,,0,22,,1921,8,,,0,81,,3506,8,,,0,28,,3502,8,,,0,68,,3495,8,,,0,31,,1919,8,,,0,68,,1941,8,,,0,33,,3503,8,,,0,71,,3498,8,,,0,30,,3508,8,,,0,70,,3504,8,,,0,30,,1922,8,,,0,70,,3509,8,,,0,30,,1938,8,,,0,69,,3496,8,,,0,32,,3501,8,,,0,67,,3497,8,,,0,30,,1931,8,,,0,70,,3510,8,,,0,30,,3511,8,,,0,70,,1933,8,,,0,30,,3505,8,,,0,69,,3499,8,,,0,32,,3512,8,,,0,68,,1918,8,,,0,37,,3514,8,,,0,63,,3507,8,,,0,30,,1949,8,,,0,69,,3513,8,,,0,31,,1926,8,,,0,80,,1940,8,,,0
2501,'5034',842,,3781,24,,,0,260,,3782,25,,,0,215,,2582,25,,,0,505,,2583,24,,,0,230,,2584,25,,,0
2501,'5035',847,,2585,24,,,0,256,,3783,25,,,0,217,,3784,24,,,0,135,,3785,25,,,0,370,,2589,25,,,0
2501,'5037',2050,,3786,24,,,0
2501,'5039',2050,,3787,24,,,0
2501,'5041',842,,3788,24,,,0,260,,3790,25,,,0,215,,3789,25,,,0,505,,3791,24,,,0,230,,2592,25,,,0
