501,'5034',844,,2005,17,,,0,110,,3544,17,,,0,152,,3542,17,,,0,100,,3543,17,,,0,130,,3545,17,,,0,104,,2004,17,,,0,116,,2011,17,,,0,150,,2010,17,,,0,110,,2012,17,,,0,110,,2008,17,,,0,110,,2006,17,,,0
501,'5035',654,,2017,17,,,0,152,,2021,17,,,0,110,,2013,17,,,0,110,,2018,17,,,0,101,,2015,17,,,0,99,,2016,17,,,0,128,,3548,17,,,0,98,,3546,17,,,0,504,,3547,17,,,0,148,,3549,17,,,0,110,,2022,17,,,0,89,,2024,17,,,0,54,,3550,4,,,0
501,'5036',1841,,2026,17,,,0
501,'5038',1512,,3551,4,,,0,95,,3552,17,,,0,119,,3553,17,,,0
501,'5039',1512,,3554,4,,,0,95,,3555,17,,,0,119,,3556,17,,,0
501,'5040',1512,,3557,4,,,0,95,,3559,17,,,0,119,,3560,17,,,0,115,,3558,17,,,0
501,'5041',757,,2039,17,,,0,196,,3561,17,,,0,149,,2041,17,,,0,116,,2042,17,,,0,117,,3562,17,,,0,109,,2044,17,,,0,110,,3563,17,,,0,149,,2046,17,,,0,112,,2047,17,,,0,110,,3564,17,,,0,105,,3565,17,,,0,107,,2050,17,,,0,109,,2038,17,,,0,110,,2037,4,,,0
1501,'5034',824,,3735,4,,,0,110,,3739,4,,,0,110,,2462,4,,,0,110,,3736,4,,,0,150,,3734,4,,,0,110,,2465,4,,,0,110,,2468,4,,,0,110,,3733,4,,,0,110,,3738,4,,,0,110,,3737,4,,,0
1501,'5035',834,,2473,4,,,0,69,,3740,4,,,0,30,,2475,4,,,0,70,,2472,4,,,0,30,,3741,4,,,0,70,,3742,4,,,0,29,,3743,4,,,0,71,,3744,4,,,0,103,,2481,4,,,0,27,,2480,4,,,0,510,,3745,4,,,0,260,,3746,4,,,0
1501,'5038',1953,,2484,4,,,0
1501,'5039',1953,,2485,4,,,0
1501,'5040',1953,,2486,4,,,0
1501,'5041',750,,2495,4,,,0,184,,2496,4,,,0,102,,2493,4,,,0,118,,2497,4,,,0,151,,3748,4,,,0,110,,2492,4,,,0,110,,3747,4,,,0,109,,2489,4,,,0,111,,2490,4,,,0,109,,2491,4,,,0,152,,2488,4,,,0,107,,2498,4,,,0
1001501,'5035',715,,3332,4,,,0,38,,4176,4,,,0,480,,4177,4,,,0,170,,3333,4,,,0,36,,3334,4,,,0,75,,3337,4,,,0,37,,3340,4,,,0,77,,3339,4,,,0,75,,3336,4,,,0,35,,3338,4,,,0
1001501,'5037',1813,,4178,4,,,0
1001501,'5039',1813,,4179,4,,,0
