2001,'5014',647,,5143,10,,,0,156,,5144,10,0,9 10 11,0,105,,5132,10,,,0,109,,5133,10,,,0,110,,5134,10,,,0,111,,5135,10,,,0,220,,5136,10,0,9 10 11,0,150,,5137,10,,,0,110,,5138,10,,,0,105,,5139,10,0,9 10 11,0,114,,5140,10,,,0,205,,5141,10,0,9 10 11,0,199,,5142,10,0,9 10 11,0
2001,'5015',917,,5151,10,,,0,88,,5155,10,,,0,105,,5152,10,,,0,128,,5145,10,,,0,115,,5154,10,,,0,102,,5148,10,,,0,147,,5153,10,,,0,103,,5149,10,,,0,111,,5146,10,,,0,325,,5150,10,0,9 10 11,0,199,,5147,10,0,9 10 11,0
2001,'5221',907,,5156,10,,,0,227,,5158,10,,,0,219,,5157,10,,,0,249,,5159,10,,,0,225,,5160,10,,,0
2501,'5014',827,,5176,10,,,0,216,,5177,11,,,0,257,,5178,10,,,0,134,,5179,11,,,0,373,,5180,11,,,0,225,,5181,10,,,0
2501,'5015',823,,5183,10,,,0,220,,5185,11,,,0,215,,5184,11,,,0,545,,5186,10,,,0,230,,5182,11,,,0
2501,'5221',823,,5187,10,,,0,220,,5188,11,,,0,215,,5189,11,,,0,545,,5190,10,,,0,230,,5191,11,,,0
1002001,'4623',926,,5888,10,,,0,607,,5889,10,,,0
1002001,'5014',722,,5890,10,,,0,110,,5891,10,,,0,220,,5892,10,,,0,150,,5893,10,,,0,111,,5894,10,,,0,35,,5895,10,,,0,75,,5896,10,,,0,220,,5897,10,,,0,111,,5898,10,,,0,148,,5899,10,,,0,138,,5900,10,,,0,202,,5901,10,,,0
1002001,'5015',719,,5906,10,,,0,113,,5907,10,,,0,110,,5902,10,,,0,111,,5905,10,,,0,103,,5913,10,,,0,157,,5912,10,,,0,110,,5903,10,,,0,104,,5909,10,,,0,116,,5904,10,,,0,109,,5910,10,,,0,164,,5908,10,,,0,103,,5914,10,,,0,220,,5911,10,,,0
1002001,'5221',755,,5920,10,,,0,251,,5919,10,,,0,232,,5915,10,,,0,262,,5917,10,,,0,217,,5916,10,,,0,305,,5918,10,,,0
1002001,'5222',926,,5921,10,,,0,607,,5922,10,,,0
