2000,'4623',1715,,5099,38,,,0
2000,'5014',614,,5111,38,,,0,108,,6139,38,,,0,108,,5113,38,,,0,402,,5103,38,,,0,324,,5107,38,,,0,451,,5109,38,,,0,203,,5110,38,,,0
2000,'5015',1947,,6142,38,,,0,258,,6145,38,,,0,102,,5121,38,,,0
2000,'5222',1715,,5131,38,,,0
2001,'5014',825,,6151,30,,,0,695,,5136,30,,,0,322,,6147,30,,,0,359,,5141,30,,,0,157,,6149,30,,,0
2001,'5015',2159,,5150,30,,,0,199,,5147,30,,,0
4001,'4623',724,,6313,32,,,0,477,,6312,32,,,0
4001,'5014',652,,5497,32,,,0,105,,6332,32,,,0,71,,6331,32,,,0,74,,6323,32,,,0,28,,5480,32,,,0,29,,6324,32,,,0,70,,5481,32,,,0,30,,6325,32,,,0,71,,6326,32,,,0,103,,5484,32,,,0,70,,5485,32,,,0,30,,6327,32,,,0,70,,5487,32,,,0,31,,5488,32,,,0,70,,5489,32,,,0,30,,5490,32,,,0,70,,6328,32,,,0,30,,5491,32,,,0,69,,6329,32,,,0,29,,6333,32,,,0,69,,5495,32,,,0,29,,6330,32,,,0,70,,5496,32,,,0,36,,6322,32,,,0,70,,5476,32,,,0,29,,6321,32,,,0,69,,6317,32,,,0,30,,6320,32,,,0,70,,6316,32,,,0,28,,6319,32,,,0,69,,6315,32,,,0,30,,6318,32,,,0,70,,6314,32,,,0
4001,'5015',721,,5528,32,,,0,84,,6343,32,,,0,34,,5525,32,,,0,74,,6346,32,,,0,37,,5514,32,,,0,77,,6345,32,,,0,76,,6334,32,,,0,35,,5523,32,,,0,76,,6336,32,,,0,36,,6338,32,,,0,75,,6339,32,,,0,76,,6347,32,,,0,35,,6335,32,,,0,71,,5519,32,,,0,37,,6340,32,,,0,75,,5520,32,,,0,35,,5506,32,,,0,73,,6341,32,,,0,75,,6344,32,,,0,35,,5508,32,,,0,74,,5507,32,,,0,35,,5504,32,,,0,74,,5526,32,,,0,34,,6337,32,,,0,74,,6348,32,,,0,75,,6342,32,,,0,100,,5502,32,,,0,101,,5510,32,,,0
4001,'5221',723,,5548,32,,,0,107,,5536,32,,,0,121,,6355,32,,,0,150,,5545,32,,,0,36,,6351,32,,,0,75,,5532,32,,,0,38,,5529,32,,,0,72,,5530,32,,,0,35,,6356,32,,,0,75,,5533,32,,,0,75,,6354,32,,,0,37,,5537,32,,,0,68,,6353,32,,,0,40,,5531,32,,,0,75,,5544,32,,,0,75,,5542,32,,,0,34,,6357,32,,,0,69,,6349,32,,,0,40,,6350,32,,,0,75,,6352,32,,,0
4001,'5222',724,,6359,32,,,0,477,,6358,32,,,0
7200,'4623',1516,,6366,2,,,0
7200,'5014',633,,5620,2,,,0,75,,5619,2,,,0,33,,5618,2,,,0,76,,5617,2,,,0,34,,5596,2,,,0,75,,5597,2,,,0,75,,5598,2,,,0,35,,5599,2,,,0,75,,5600,2,,,0,35,,5601,2,,,0,75,,5602,2,,,0,35,,5603,2,,,0,75,,5604,2,,,0,75,,5605,2,,,0,35,,5606,2,,,0,110,,5607,2,,,0,75,,6367,2,,,0,75,,6368,2,,,0,38,,5610,2,,,0,77,,5611,2,,,0,35,,5612,2,,,0,152,,6369,2,,,0,102,,6370,2,,,0,100,,6371,2,,,0,100,,6372,2,,,0
7200,'5015',659,,6382,2,,,0,95,,5621,2,,,0,88,,6375,2,,,0,61,,6373,2,,,0,48,,6376,2,,,0,76,,5624,2,,,0,74,,6377,2,,,0,43,,5625,2,,,0,67,,5632,2,,,0,42,,6374,2,,,0,68,,5633,2,,,0,83,,5634,2,,,0,27,,6378,2,,,0,84,,5636,2,,,0,26,,5637,2,,,0,84,,6379,2,,,0,26,,5623,2,,,0,78,,5639,2,,,0,72,,6380,2,,,0,35,,6381,2,,,0,108,,5642,2,,,0,156,,5643,2,,,0,102,,5627,2,,,0,100,,5628,2,,,0
7200,'5221',718,,6385,2,,,0,105,,6383,2,,,0,113,,5647,2,,,0,105,,5649,2,,,0,160,,6384,2,,,0,99,,5650,2,,,0,120,,5651,2,,,0,102,,5652,2,,,0,114,,5653,2,,,0,110,,5654,2,,,0,110,,5646,2,,,0
7200,'5222',1516,,6386,2,,,0
1002000,'4623',1452,,5857,44,,,0
1002000,'5014',2110,,5866,44,,,0,200,,5867,44,,,0
1002000,'5015',646,,6420,44,,,0,112,,6421,44,,,0,150,,5869,44,,,0,107,,5876,44,,,0,115,,5877,44,,,0,106,,5875,44,,,0,100,,5870,44,,,0,112,,5878,44,,,0,158,,5871,44,,,0,110,,5879,44,,,0,125,,5872,44,,,0,264,,5868,44,,,0
1002000,'5221',722,,5884,44,,,0,218,,5881,44,,,0,210,,5880,44,,,0,272,,5885,44,,,0,218,,5882,44,,,0,277,,5883,44,,,0
1002000,'5222',1452,,5887,44,,,0
1002001,'4623',946,,6423,30,,,0,608,,5889,30,,,0
1002001,'5014',1410,,5895,30,,,0,35,,5896,30,,,0,258,,5897,30,,,0,356,,5900,30,,,0,200,,5901,30,,,0
1002001,'5015',737,,6427,30,,,0,113,,5907,30,,,0,151,,6426,30,,,0,111,,5905,30,,,0,103,,6429,30,,,0,117,,5912,30,,,0,110,,5903,30,,,0,104,,5909,30,,,0,156,,5904,30,,,0,109,,5910,30,,,0,124,,5908,30,,,0,103,,6430,30,,,0,219,,6428,30,,,0
1002001,'5221',813,,6433,30,,,0,212,,5919,30,,,0,232,,6431,30,,,0,262,,5917,30,,,0,217,,6432,30,,,0,305,,5918,30,,,0
1002001,'5222',946,,6434,30,,,0,608,,5922,30,,,0
