2000,'4623',1654,,5099,12,0,9 12 2 5,0
2000,'5014',555,,5111,12,0,9 12 2 5,0,148,,5112,12,0,9 12 2 5,0,105,,5113,12,0,9 12 2 5,0,39,,5100,12,,,0,110,,5101,12,,,0,150,,5102,12,,,0,105,,5103,12,0,9 12 2 5,0,114,,5104,12,,,0,78,,5105,12,,,0,110,,5106,12,,,0,20,,5107,12,0,9 12 2 5,0,278,,5108,12,,,0,136,,5109,12,0,9 12 2 5,0,203,,5110,12,0,9 12 2 5,0
2000,'5015',811,,5123,12,,,0,112,,5122,12,,,0,100,,5124,12,,,0,118,,5114,12,,,0,108,,5115,12,,,0,151,,5117,12,,,0,111,,5118,12,,,0,111,,5116,12,,,0,103,,5120,12,,,0,204,,5119,12,0,9 12 2 5,0,218,,5125,12,0,9 12 2 5,0,102,,5121,12,0,9 12 2 5,0
2000,'5221',820,,5126,12,,,0,218,,5129,12,,,0,219,,5128,12,,,0,260,,5130,12,,,0,225,,5127,12,,,0
2000,'5222',1654,,5131,12,0,9 12 2 5,0
1002000,'4623',1031,,5856,18,,,0,398,,5857,18,,,0
1002000,'5014',629,,5858,18,,,0,107,,5859,18,,,0,185,,5860,18,,,0,220,,5861,18,,,0,110,,5862,18,,,0,369,,5863,18,,,0,113,,5864,18,,,0,113,,5865,18,,,0,205,,5866,18,,,0,200,,5867,18,,,0
1002000,'5015',628,,5873,18,,,0,112,,5874,18,,,0,110,,5869,18,,,0,107,,5876,18,,,0,154,,5877,18,,,0,106,,5875,18,,,0,100,,5870,18,,,0,112,,5878,18,,,0,118,,5871,18,,,0,110,,5879,18,,,0,165,,5872,18,,,0,225,,5868,18,,,0
1002000,'5221',704,,5884,18,,,0,218,,5881,18,,,0,209,,5880,18,,,0,271,,5885,18,,,0,218,,5882,18,,,0,239,,5883,18,,,0
1002000,'5222',1031,,5886,18,,,0,398,,5887,18,,,0
