2500,'5034',752,,3773,9,0,5,0,250,,3774,9,0,13 14,0,215,,2567,9,0,13 14,0,515,,2568,9,0,5,0,220,,2569,9,0,13 14,0
2500,'5035',755,,2570,9,0,5,0,247,,3775,9,0,13 14,0,226,,2572,9,0,5,0,125,,3776,9,0,13 14,0,373,,2574,9,0,13 14,0
2500,'5041',752,,3777,9,0,5,0,250,,3779,9,0,13 14,0,215,,3778,9,0,13 14,0,515,,3780,9,0,5,0,220,,2575,9,0,13 14,0
4000,'5034',727,,3874,27,0,5,0,117,,3884,27,0,5,0,107,,3871,27,0,5,0,75,,3887,27,0,5,0,32,,3873,27,0,5,0,85,,3869,27,0,5,0,68,,3888,27,0,5,0,35,,3882,27,0,5,0,75,,3883,27,0,5,0,35,,3878,27,0,5,0,75,,3875,27,0,5,0,73,,3877,27,0,5,0,37,,3872,27,0,5,0,75,,3880,27,0,5,0,35,,3879,27,0,5,0,75,,3886,27,0,5,0,75,,3870,27,0,5,0,35,,3881,27,0,5,0,74,,3876,27,0,5,0,35,,3885,27,0,5,0
4000,'5035',620,,3936,27,0,5,0,30,,3937,27,0,5,0,55,,3944,27,0,5,0,13,,3938,27,0,5,0,15,,3939,27,0,5,0,15,,3940,27,0,5,0,52,,3941,27,0,5,0,5,,3942,27,0,6 7,0,12,,3943,27,0,5,0,17,,3894,27,0,5,0,15,,3895,27,0,5,0,55,,3896,27,0,5,0,15,,3897,27,0,5,0,15,,3898,27,0,5,0,16,,3899,27,0,5,0,55,,3900,27,0,5,0,15,,3901,27,0,5,0,15,,3902,27,0,5,0,13,,3903,27,0,5,0,55,,3904,27,0,5,0,16,,3905,27,0,5,0,15,,3906,27,0,5,0,15,,3907,27,0,5,0,54,,3908,27,0,5,0,15,,3909,27,0,5,0,15,,3910,27,0,5,0,15,,3911,27,0,5,0,55,,3912,27,0,5,0,14,,3913,27,0,5,0,14,,3914,27,0,5,0,15,,3915,27,0,5,0,55,,3916,27,0,5,0,14,,3917,27,0,5,0,15,,3918,27,0,5,0,14,,3919,27,0,5,0,56,,3920,27,0,5,0,15,,3921,27,0,5,0,15,,3922,27,0,5,0,15,,3924,27,0,5,0,56,,3925,27,0,5,0,15,,3926,27,0,5,0,14,,3927,27,0,5,0,17,,3929,27,0,5,0,56,,3923,27,0,5,0,16,,3930,27,0,5,0,16,,3928,27,0,5,0,15,,3931,27,0,5,0,57,,3932,27,0,5,0,20,,3933,27,0,5,0,20,,3934,27,0,5,0,82,,3935,27,0,5,0,30,,3892,27,0,5,0,142,,3891,27,0,5,0,101,,3890,27,0,5,0,30,,3893,27,0,5,0,71,,3889,27,0,5,0
4000,'5037',1909,,3946,27,0,5,0,222,,3945,27,0,5,0
4000,'5038',2029,,3947,27,0,5,0
4000,'5039',1909,,3950,27,0,5,0,120,,3948,27,0,5,0,102,,3949,27,0,5,0
4000,'5040',2029,,3951,27,0,5,0
4000,'5041',701,,3971,27,0,5,0,32,,3976,27,0,5,0,74,,3964,27,0,5,0,37,,3956,27,0,5,0,73,,3972,27,0,5,0,34,,3953,27,0,5,0,77,,3969,27,0,5,0,72,,3954,27,0,5,0,35,,3960,27,0,5,0,75,,3963,27,0,5,0,35,,3952,27,0,5,0,75,,3957,27,0,5,0,35,,3961,27,0,5,0,75,,3970,27,0,5,0,75,,3975,27,0,5,0,38,,3959,27,0,5,0,72,,3965,27,0,5,0,35,,3974,27,0,5,0,79,,3973,27,0,5,0,71,,3962,27,0,5,0,36,,3966,27,0,5,0,74,,3977,27,0,5,0,35,,3955,27,0,5,0,77,,3978,27,0,5,0,35,,3967,27,0,5,0,144,,3958,27,0,5,0,99,,3968,27,0,5,0
