501,'4623',1353,,6017,15,,,0,253,,6016,15,,,0,234,,4624,15,,,0
501,'5014',654,,6019,15,,,0,151,,4635,15,,,0,110,,4627,15,,,0,110,,4632,15,,,0,101,,4629,15,,,0,99,,4630,15,,,0,226,,6018,15,,,0,274,,4633,15,,,0,230,,6020,15,,,0,149,,6021,15,,,0,109,,4636,15,,,0,89,,6022,15,,,0,54,,6023,3,,,0
501,'5015',756,,4643,15,,,0,196,,4642,15,,,0,150,,4644,15,,,0,116,,4645,15,,,0,117,,4646,15,,,0,109,,4648,15,,,0,110,,4649,15,,,0,149,,4650,15,,,0,112,,4647,15,,,0,109,,6025,15,,,0,105,,6026,15,,,0,107,,4653,15,,,0,109,,4641,15,,,0,110,,6024,3,,,0
501,'5221',843,,4657,15,,,0,110,,4659,15,,,0,152,,4654,15,,,0,100,,6027,15,,,0,130,,4661,15,,,0,104,,6028,15,,,0,116,,4663,15,,,0,150,,4662,15,,,0,110,,4664,15,,,0,110,,4660,15,,,0,110,,6029,15,,,0
501,'5222',1353,,6031,15,,,0,253,,6030,15,,,0,234,,4665,15,,,0
1501,'5014',833,,5065,3,,,0,70,,5066,3,,,0,30,,5067,3,,,0,70,,6126,3,,,0,30,,5068,3,,,0,70,,5069,3,,,0,29,,5070,3,,,0,71,,5071,3,,,0,103,,5073,3,,,0,27,,5072,3,,,0,510,,6128,3,,,0,110,,6127,3,,,0,150,,5076,3,,,0
1501,'5015',750,,5085,3,,,0,184,,5086,3,,,0,102,,5083,3,,,0,118,,5087,3,,,0,151,,5084,3,,,0,110,,6131,3,,,0,110,,5077,3,,,0,109,,6129,3,,,0,111,,5080,3,,,0,109,,6130,3,,,0,152,,5078,3,,,0,107,,6132,3,,,0
1501,'5221',824,,5093,3,,,0,110,,6135,3,,,0,110,,5089,3,,,0,110,,5094,3,,,0,150,,5091,3,,,0,110,,5092,3,,,0,110,,5095,3,,,0,110,,6133,3,,,0,110,,6134,3,,,0,110,,5096,3,,,0
4001,'4623',705,,6313,14,,,0,435,,6312,14,,,0
4001,'5014',633,,5497,14,,,0,103,,6332,14,,,0,71,,6331,14,,,0,34,,6323,14,,,0,69,,5480,14,,,0,30,,6324,14,,,0,70,,5481,14,,,0,30,,6325,14,,,0,70,,6326,14,,,0,102,,5484,14,,,0,30,,5485,14,,,0,70,,6327,14,,,0,30,,5487,14,,,0,70,,5488,14,,,0,30,,5489,14,,,0,70,,5490,14,,,0,30,,6328,14,,,0,70,,5491,14,,,0,30,,6329,14,,,0,70,,6333,14,,,0,30,,5495,14,,,0,69,,6330,14,,,0,30,,5496,14,,,0,77,,6322,14,,,0,30,,5476,14,,,0,69,,6321,14,,,0,29,,6317,14,,,0,70,,6320,14,,,0,30,,6316,14,,,0,69,,6319,14,,,0,30,,6315,14,,,0,70,,6318,14,,,0,30,,6314,14,,,0
4001,'5015',702,,5528,14,,,0,43,,6343,14,,,0,74,,5525,14,,,0,33,,6346,14,,,0,76,,5514,14,,,0,77,,6345,14,,,0,36,,6334,14,,,0,75,,5523,14,,,0,36,,6336,14,,,0,75,,6338,14,,,0,75,,6339,14,,,0,36,,6347,14,,,0,75,,6335,14,,,0,31,,5519,14,,,0,78,,6340,14,,,0,35,,5520,14,,,0,75,,5506,14,,,0,74,,6341,14,,,0,35,,6344,14,,,0,76,,5508,14,,,0,34,,5507,14,,,0,75,,5504,14,,,0,75,,5526,14,,,0,34,,6337,14,,,0,74,,6348,14,,,0,35,,6342,14,,,0,100,,5502,14,,,0,101,,5510,14,,,0
4001,'5221',705,,5548,14,,,0,106,,5536,14,,,0,119,,6355,14,,,0,110,,5545,14,,,0,76,,6351,14,,,0,35,,5532,14,,,0,77,,5529,14,,,0,72,,5530,14,,,0,35,,6356,14,,,0,75,,5533,14,,,0,35,,6354,14,,,0,77,,5537,14,,,0,29,,6353,14,,,0,81,,5531,14,,,0,75,,5544,14,,,0,35,,5542,14,,,0,75,,6357,14,,,0,29,,6349,14,,,0,81,,6350,14,,,0,75,,6352,14,,,0
4001,'5222',705,,6359,14,,,0,435,,6358,14,,,0
1001501,'5014',715,,5846,3,,,0,38,,6415,3,,,0,480,,6417,3,,,0,170,,6416,3,,,0,35,,5848,3,,,0,75,,5851,3,,,0,38,,6418,3,,,0,77,,5853,3,,,0,75,,5850,3,,,0,35,,5852,3,,,0,75,,5855,3,,,0
