1500,'5034',746,,2431,4,,,0,113,,2430,4,,,0,150,,2428,4,,,0,111,,2426,4,,,0,109,,2432,4,,,0,109,,2424,4,,,0,110,,2427,4,,,0,110,,2423,4,,,0,150,,2433,4,,,0,109,,2429,4,,,0,111,,2425,4,,,0
1500,'5035',907,,2435,4,,,0,30,,2434,4,,,0,70,,2436,4,,,0,30,,2440,4,,,0,69,,2439,4,,,0,31,,2438,4,,,0,69,,2437,4,,,0,100,,2444,4,,,0,30,,2443,4,,,0,74,,2442,4,,,0,33,,2441,4,,,0,372,,2445,4,,,0,220,,2446,4,,,0
1500,'5038',1925,,2447,4,,,0
1500,'5039',1925,,2448,4,,,0
1500,'5040',1925,,2449,4,,,0
1500,'5041',746,,2457,4,,,0,110,,2452,4,,,0,150,,2460,4,,,0,108,,2456,4,,,0,119,,2455,4,,,0,105,,2453,4,,,0,110,,2458,4,,,0,110,,2459,4,,,0,154,,2450,4,,,0,106,,2451,4,,,0,110,,2454,4,,,0,107,,2461,4,,,0
3000,'5034',708,,2603,5,,,0,117,,2607,5,,,0,104,,2602,5,,,0,107,,2606,5,,,0,113,,2597,5,,,0,108,,2599,5,,,0,150,,2605,5,,,0,110,,2600,5,,,0,110,,2601,5,,,0,111,,2598,5,,,0,112,,2604,5,,,0
3000,'5035',612,,2628,5,,,0,35,,2630,5,,,0,56,,2631,5,,,0,17,,2626,5,,,0,17,,2632,5,,,0,17,,2629,5,,,0,57,,2633,5,,,0,18,,2627,5,,,0,76,,2608,5,,,0,35,,2609,5,,,0,74,,2610,5,,,0,35,,2611,5,,,0,74,,2612,5,,,0,34,,2613,5,,,0,75,,2614,5,,,0,74,,2615,5,,,0,34,,2616,5,,,0,75,,2617,5,,,0,111,,2618,5,,,0,110,,2619,5,,,0,116,,2620,5,,,0,76,,2621,5,,,0,110,,2622,5,,,0,103,,2623,5,,,0,101,,2624,5,,,0,102,,2625,5,,,0
3000,'5036',1450,,2634,5,,,0,266,,2635,5,,,0
3000,'5037',1602,,2636,5,,,0
3000,'5039',1602,,2637,5,,,0
3000,'5040',1450,,2638,5,,,0,266,,2639,5,,,0
3000,'5041',643,,2655,5,,,0,105,,2662,5,,,0,77,,2654,5,,,0,31,,2653,5,,,0,73,,2652,5,,,0,77,,2648,5,,,0,32,,2646,5,,,0,75,,2661,5,,,0,35,,2660,5,,,0,74,,2663,5,,,0,34,,2647,5,,,0,75,,2642,5,,,0,75,,2651,5,,,0,35,,2656,5,,,0,79,,2640,5,,,0,32,,2658,5,,,0,75,,2650,5,,,0,80,,2641,5,,,0,31,,2649,5,,,0,76,,2643,5,,,0,111,,2657,5,,,0,112,,2644,5,,,0,104,,2659,5,,,0,100,,2645,5,,,0
1001500,'5035',645,,3323,4,,,0,75,,3320,4,,,0,34,,3322,4,,,0,75,,3321,4,,,0,401,,3324,4,,,0,284,,3327,4,,,0,36,,3328,4,,,0,77,,3325,4,,,0,76,,3326,4,,,0
1001500,'5037',1738,,3329,4,,,0
1001500,'5039',1738,,3330,4,,,0
