2000,'4623',1643,,5099,1,0,9 12 2 5,0
2000,'5014',547,,5111,1,0,9 12 2 5,0,107,,5112,1,0,9 12 2 5,0,105,,5113,1,0,9 12 2 5,0,79,,5100,1,,,0,110,,5101,1,,,0,109,,5102,1,,,0,145,,5103,1,0,9 12 2 5,0,114,,5104,1,,,0,37,,5105,1,,,0,150,,5106,1,,,0,20,,5107,1,0,9 12 2 5,0,279,,5108,1,,,0,136,,5109,1,0,9 12 2 5,0,204,,5110,1,0,9 12 2 5,0
2000,'5015',802,,5123,1,,,0,112,,5122,1,,,0,100,,5124,1,,,0,117,,5114,1,,,0,107,,5115,1,,,0,111,,5117,1,,,0,151,,5118,1,,,0,111,,5116,1,,,0,104,,5120,1,,,0,204,,5119,1,0,9 12 2 5,0,219,,5125,1,0,9 12 2 5,0,103,,5121,1,0,9 12 2 5,0
2000,'5221',811,,5126,1,,,0,218,,5129,1,,,0,217,,5128,1,,,0,260,,5130,1,,,0,226,,5127,1,,,0
2000,'5222',1643,,5131,1,0,9 12 2 5,0
2001,'5014',715,,5143,45,4,,0,137,,5144,62,4,,0,87,,5132,45,4,,0,109,,5133,45,4,,0,110,,5134,45,4,,0,151,,5135,45,4,,0,240,,5136,62,4,,0,90,,5137,45,4,,0,109,,5138,45,4,,0,158,,5139,62,4,,0,99,,5140,45,4,,0,218,,5141,62,4,,0,197,,5142,62,4,,0
2001,'5015',947,,5151,45,4,,0,88,,5155,45,4,,0,105,,5152,45,4,,0,168,,5145,45,4,,0,115,,5154,45,4,,0,102,,5148,45,4,,0,106,,5153,45,4,,0,103,,5149,45,4,,0,110,,5146,45,4,,0,376,,5150,62,4,,0,197,,5147,62,4,,0
2001,'5221',937,,5156,45,4,,0,268,,5158,45,4,,0,218,,5157,45,4,,0,208,,5159,45,4,,0,224,,5160,45,4,,0
3000,'4623',749,,5192,1,,,0
3000,'5014',608,,5216,1,,,0,35,,5217,1,,,0,72,,5214,1,,,0,109,,5215,1,,,0,76,,5193,1,,,0,35,,5194,1,,,0,74,,5195,1,,,0,35,,5196,1,,,0,74,,5197,1,,,0,34,,5198,1,,,0,75,,5199,1,,,0,74,,5201,1,,,0,34,,5202,1,,,0,74,,5203,1,,,0,35,,5200,1,,,0,76,,5204,1,,,0,36,,5205,1,,,0,74,,5206,1,,,0,80,,5207,1,,,0,36,,5208,1,,,0,77,,5209,1,,,0,110,,5210,1,,,0,103,,5211,1,,,0,102,,5212,1,,,0,102,,5213,1,,,0
3000,'5015',639,,5233,1,,,0,105,,5240,1,,,0,77,,5232,1,,,0,31,,5231,1,,,0,73,,5230,1,,,0,77,,5226,1,,,0,31,,5224,1,,,0,75,,5239,1,,,0,35,,5238,1,,,0,74,,5241,1,,,0,34,,5225,1,,,0,75,,5220,1,,,0,75,,5229,1,,,0,35,,5234,1,,,0,79,,5218,1,,,0,32,,5236,1,,,0,75,,5228,1,,,0,80,,5219,1,,,0,31,,5227,1,,,0,76,,5221,1,,,0,111,,5235,1,,,0,113,,5222,1,,,0,104,,5237,1,,,0,100,,5223,1,,,0
3000,'5221',704,,5248,1,,,0,117,,5252,1,,,0,104,,5247,1,,,0,106,,5251,1,,,0,113,,5242,1,,,0,108,,5244,1,,,0,150,,5250,1,,,0,110,,5245,1,,,0,110,,5246,1,,,0,111,,5243,1,,,0,112,,5249,1,,,0
3000,'5222',749,,5253,1,,,0
4001,'4623',741,,5467,55,4,,0,477,,5466,55,4,,0
4001,'5014',707,,5497,55,4,,0,109,,5499,55,4,,0,30,,5498,55,4,,0,72,,5478,55,4,,0,28,,5480,55,4,,0,69,,5479,55,4,,0,30,,5481,55,4,,0,70,,5482,55,4,,0,31,,5483,55,4,,0,105,,5484,55,4,,0,70,,5485,55,4,,0,30,,5486,55,4,,0,71,,5487,55,4,,0,31,,5488,55,4,,0,70,,5489,55,4,,0,30,,5490,55,4,,0,69,,5492,55,4,,0,30,,5491,55,4,,0,68,,5493,55,4,,0,28,,5500,55,4,,0,69,,5495,55,4,,0,29,,5494,55,4,,0,70,,5496,55,4,,0,36,,5477,55,4,,0,70,,5476,55,4,,0,29,,5475,55,4,,0,69,,5471,55,4,,0,30,,5474,55,4,,0,70,,5470,55,4,,0,26,,5473,55,4,,0,69,,5469,55,4,,0,29,,5472,55,4,,0,70,,5468,55,4,,0
4001,'5015',738,,5528,55,4,,0,85,,5517,55,4,,0,34,,5525,55,4,,0,74,,5522,55,4,,0,77,,5514,55,4,,0,37,,5521,55,4,,0,76,,5501,55,4,,0,35,,5523,55,4,,0,76,,5505,55,4,,0,76,,5511,55,4,,0,35,,5512,55,4,,0,76,,5524,55,4,,0,35,,5503,55,4,,0,71,,5519,55,4,,0,77,,5513,55,4,,0,35,,5520,55,4,,0,75,,5506,55,4,,0,32,,5515,55,4,,0,75,,5518,55,4,,0,35,,5508,55,4,,0,74,,5507,55,4,,0,74,,5504,55,4,,0,34,,5526,55,4,,0,74,,5509,55,4,,0,34,,5527,55,4,,0,75,,5516,55,4,,0,100,,5502,55,4,,0,100,,5510,55,4,,0
4001,'5221',740,,5548,55,4,,0,108,,5536,55,4,,0,161,,5543,55,4,,0,110,,5545,55,4,,0,36,,5538,55,4,,0,75,,5532,55,4,,0,78,,5529,55,4,,0,32,,5530,55,4,,0,75,,5546,55,4,,0,35,,5533,55,4,,0,75,,5541,55,4,,0,77,,5537,55,4,,0,27,,5540,55,4,,0,80,,5531,55,4,,0,35,,5544,55,4,,0,75,,5542,55,4,,0,32,,5547,55,4,,0,69,,5534,55,4,,0,80,,5535,55,4,,0,35,,5539,55,4,,0
4001,'5222',741,,5550,55,4,,0,477,,5549,55,4,,0
1002000,'4623',1020,,5856,1,,,0,397,,5857,1,,,0
1002000,'5014',618,,5858,1,,,0,107,,5859,1,,,0,185,,5860,1,,,0,219,,5861,1,,,0,110,,5862,1,,,0,368,,5863,1,,,0,113,,5864,1,,,0,113,,5865,1,,,0,207,,5866,1,,,0,200,,5867,1,,,0
1002000,'5015',617,,5873,1,,,0,112,,5874,1,,,0,110,,5869,1,,,0,107,,5876,1,,,0,154,,5877,1,,,0,106,,5875,1,,,0,100,,5870,1,,,0,112,,5878,1,,,0,118,,5871,1,,,0,110,,5879,1,,,0,165,,5872,1,,,0,225,,5868,1,,,0
1002000,'5221',653,,5884,1,,,0,258,,5881,1,,,0,209,,5880,1,,,0,231,,5885,1,,,0,257,,5882,1,,,0,240,,5883,1,,,0
1002000,'5222',1020,,5886,1,,,0,397,,5887,1,,,0
1002001,'4623',1014,,5888,68,4,,0,610,,5889,68,4,,0
1002001,'5014',753,,5890,51,4,,0,152,,5891,51,4,,0,219,,5892,51,4,,0,110,,5893,51,4,,0,111,,5894,51,4,,0,97,,5895,68,4,,0,76,,5896,68,4,,0,213,,5897,68,4,,0,93,,5898,51,4,,0,107,,5899,51,4,,0,192,,5900,68,4,,0,200,,5901,68,4,,0
1002001,'5015',801,,5906,68,4,,0,115,,5907,68,4,,0,112,,5902,68,4,,0,111,,5905,68,4,,0,103,,5913,68,4,,0,117,,5912,68,4,,0,150,,5903,68,4,,0,103,,5909,68,4,,0,115,,5904,68,4,,0,109,,5910,68,4,,0,164,,5908,68,4,,0,102,,5914,68,4,,0,219,,5911,68,4,,0
1002001,'5221',838,,5920,68,4,,0,215,,5919,68,4,,0,271,,5915,68,4,,0,222,,5917,68,4,,0,256,,5916,68,4,,0,303,,5918,68,4,,0
1002001,'5222',1014,,5921,68,4,,0,610,,5922,68,4,,0
