1501,'5034',837,,3735,13,,,0,111,,3739,13,,,0,110,,2462,13,,,0,150,,3736,13,,,0,110,,3734,13,,,0,110,,2465,13,,,0,110,,2468,13,,,0,109,,3733,13,,,0,109,,3738,13,,,0,150,,3737,13,,,0
1501,'5035',849,,2473,13,,,0,69,,3740,13,,,0,30,,2475,13,,,0,70,,2472,13,,,0,30,,3741,13,,,0,70,,3742,13,,,0,29,,3743,13,,,0,71,,3744,13,,,0,103,,2481,13,,,0,27,,2480,13,,,0,508,,3745,13,,,0,260,,3746,13,,,0
1501,'5038',2006,,2484,13,,,0
1501,'5039',2006,,2485,13,,,0
1501,'5040',2006,,2486,13,,,0
1501,'5041',803,,2495,13,,,0,145,,2496,13,,,0,102,,2493,13,,,0,158,,2497,13,,,0,112,,3748,13,,,0,109,,2492,13,,,0,110,,3747,13,,,0,109,,2489,13,,,0,111,,2490,13,,,0,147,,2491,13,,,0,112,,2488,13,,,0,107,,2498,13,,,0
3001,'5034',841,,2670,51,,,0,162,,3814,51,,,0,110,,2664,51,,,0,111,,3817,51,,,0,110,,3815,51,,,0,110,,2674,51,,,0,112,,3816,51,,,0,147,,2666,51,,,0,110,,2668,51,,,0,102,,3813,51,,,0,115,,2669,51,,,0
3001,'5035',703,,3823,51,,,0,48,,3822,51,,,0,79,,2698,51,,,0,18,,2700,51,,,0,56,,2697,51,,,0,17,,2701,51,,,0,17,,2675,51,,,0,75,,2676,51,,,0,35,,3818,51,,,0,75,,2678,51,,,0,35,,2679,51,,,0,76,,2680,51,,,0,75,,2682,51,,,0,35,,2683,51,,,0,77,,2684,51,,,0,36,,3819,51,,,0,76,,2685,51,,,0,76,,2686,51,,,0,107,,2687,51,,,0,34,,3820,51,,,0,74,,2689,51,,,0,34,,2690,51,,,0,74,,2691,51,,,0,75,,2693,51,,,0,107,,2694,51,,,0,197,,3821,51,,,0,99,,2695,51,,,0
3001,'5036',1643,,2702,51,,,0
3001,'5038',2214,,3824,51,,,0
3001,'5039',2214,,3825,51,,,0
3001,'5040',1643,,3826,51,,,0,571,,3827,51,,,0
3001,'5041',816,,2725,51,,,0,108,,3832,51,,,0,77,,3834,51,,,0,36,,2719,51,,,0,77,,2716,51,,,0,35,,2721,51,,,0,77,,2710,51,,,0,76,,2727,51,,,0,35,,2728,51,,,0,76,,2708,51,,,0,35,,2711,51,,,0,71,,2715,51,,,0,37,,2724,51,,,0,75,,3835,51,,,0,74,,3831,51,,,0,33,,3838,51,,,0,75,,3828,51,,,0,35,,3837,51,,,0,74,,3830,51,,,0,35,,2714,51,,,0,148,,3836,51,,,0,108,,3829,51,,,0,100,,2726,51,,,0,101,,3833,51,,,0
1001501,'5035',737,,3332,18,,,0,78,,4176,18,,,0,439,,4177,18,,,0,171,,3333,18,,,0,76,,3334,18,,,0,36,,3337,18,,,0,77,,3340,18,,,0,37,,3339,18,,,0,73,,3336,18,,,0,35,,3338,18,,,0
1001501,'5037',1833,,4178,18,,,0
1001501,'5039',1833,,4179,18,,,0
