500,'4623',1400,,4579,1,,,0,214,,4581,1,,,0,233,,4580,1,,,0
500,'5014',614,,4588,1,,,0,86,,4587,1,,,0,112,,4591,1,,,0,110,,4582,1,,,0,110,,4586,1,,,0,101,,4584,1,,,0,99,,4585,1,,,0,227,,4583,1,,,0,274,,4590,1,,,0,269,,4589,1,,,0,108,,4593,1,,,0,109,,4592,1,,,0,89,,4594,1,,,0,94,,4595,1,0,8,0
500,'5015',802,,4596,1,,,0,156,,4597,1,,,0,150,,4598,1,,,0,116,,4599,1,,,0,117,,4600,1,,,0,109,,4601,1,,,0,150,,4602,1,,,0,109,,4603,1,,,0,112,,4604,1,,,0,109,,4605,1,,,0,105,,4606,1,,,0,107,,4607,1,,,0,109,,4608,1,,,0,150,,4609,1,0,8,0
500,'5221',849,,4613,1,,,0,110,,4615,1,,,0,152,,4610,1,,,0,100,,4611,1,,,0,130,,4617,1,,,0,104,,4612,1,,,0,156,,4619,1,,,0,110,,4618,1,,,0,110,,4620,1,,,0,110,,4616,1,,,0,110,,4614,1,0,8,0
500,'5222',1400,,4621,1,,,0,214,,4623,1,,,0,233,,4622,1,,,0
501,'4623',1400,,4626,22,4,,0,214,,4625,22,4,,0,233,,4624,22,4,,0
501,'5014',700,,4631,22,4,,0,112,,4635,22,4,,0,110,,4627,22,4,,0,110,,4632,22,4,,0,101,,4629,22,4,,0,99,,4630,22,4,,0,227,,4628,22,4,,0,274,,4633,22,4,,0,269,,4634,22,4,,0,108,,4637,22,4,,0,109,,4636,22,4,,0,89,,4638,22,4,,0,94,,4639,10,4,,0
501,'5015',802,,4643,22,4,,0,156,,4642,22,4,,0,150,,4644,22,4,,0,116,,4645,22,4,,0,117,,4646,22,4,,0,109,,4648,22,4,,0,150,,4649,22,4,,0,109,,4650,22,4,,0,112,,4647,22,4,,0,109,,4651,22,4,,0,105,,4652,22,4,,0,107,,4653,22,4,,0,109,,4641,22,4,,0,150,,4640,10,4,,0
501,'5221',849,,4657,22,4,,0,110,,4659,22,4,,0,152,,4654,22,4,,0,100,,4655,22,4,,0,130,,4661,22,4,,0,104,,4656,22,4,,0,156,,4663,22,4,,0,110,,4662,22,4,,0,110,,4664,22,4,,0,110,,4660,22,4,,0,110,,4658,22,4,,0
501,'5222',1400,,4667,22,4,,0,214,,4666,22,4,,0,233,,4665,22,4,,0
