2000,'4623',1725,,5099,50,,,0
2000,'5014',622,,5111,50,,,0,109,,5112,50,,,0,108,,5113,50,,,0,66,,5100,33,,,0,109,,5101,33,,,0,110,,5102,33,,,0,117,,5103,50,,,0,103,,5104,33,,,0,78,,5105,33,,,0,110,,5106,33,,,0,74,,5107,50,,,0,223,,5108,33,,,0,187,,5109,50,,,0,202,,5110,50,,,0
2000,'5015',828,,5123,33,,,0,112,,5122,33,,,0,100,,5124,33,,,0,118,,5114,33,,,0,148,,5115,33,,,0,112,,5117,33,,,0,111,,5118,33,,,0,110,,5116,33,,,0,103,,5120,33,,,0,213,,5119,50,,,0,258,,5125,50,,,0,102,,5121,50,,,0
2000,'5221',835,,5126,33,,,0,218,,5129,33,,,0,259,,5128,33,,,0,221,,5130,33,,,0,225,,5127,33,,,0
2000,'5222',1725,,5131,50,,,0
2500,'5014',801,,5161,15,0,5,0,207,,5162,15,,,0,226,,5163,15,0,5,0,125,,5164,15,,,0,373,,5165,15,,,0
2500,'5015',758,,5167,15,0,5,0,250,,5169,15,,,0,215,,5168,15,,,0,515,,5170,15,0,5,0,220,,5166,15,,,0
2500,'5221',758,,5171,15,0,5,0,250,,5172,15,,,0,215,,5173,15,,,0,515,,5174,15,0,5,0,220,,5175,15,,,0
1002000,'4623',1049,,5856,39,,,0,453,,5857,56,,,0
1002000,'5014',646,,5858,39,,,0,108,,5859,39,,,0,185,,5860,39,,,0,220,,5861,39,,,0,150,,5862,39,,,0,330,,5863,39,,,0,113,,5864,39,,,0,152,,5865,39,,,0,214,,5866,56,,,0,200,,5867,56,,,0
1002000,'5015',654,,5873,56,,,0,152,,5874,56,,,0,110,,5869,56,,,0,107,,5876,56,,,0,115,,5877,56,,,0,106,,5875,56,,,0,101,,5870,56,,,0,112,,5878,56,,,0,157,,5871,56,,,0,110,,5879,56,,,0,125,,5872,56,,,0,264,,5868,56,,,0
1002000,'5221',730,,5884,56,,,0,218,,5881,56,,,0,210,,5880,56,,,0,273,,5885,56,,,0,217,,5882,56,,,0,277,,5883,56,,,0
1002000,'5222',1049,,5886,39,,,0,453,,5887,56,,,0
