4001,'4623',738,,5467,52,,,0,476,,5466,52,,,0
4001,'5014',704,,5497,52,,,0,109,,5499,52,,,0,30,,5498,52,,,0,72,,5478,52,,,0,28,,5480,52,,,0,69,,5479,52,,,0,30,,5481,52,,,0,70,,5482,52,,,0,31,,5483,52,,,0,104,,5484,52,,,0,70,,5485,52,,,0,30,,5486,52,,,0,71,,5487,52,,,0,31,,5488,52,,,0,70,,5489,52,,,0,30,,5490,52,,,0,69,,5492,52,,,0,30,,5491,52,,,0,69,,5493,52,,,0,28,,5500,52,,,0,69,,5495,52,,,0,29,,5494,52,,,0,70,,5496,52,,,0,36,,5477,52,,,0,70,,5476,52,,,0,29,,5475,52,,,0,69,,5471,52,,,0,30,,5474,52,,,0,70,,5470,52,,,0,26,,5473,52,,,0,69,,5469,52,,,0,29,,5472,52,,,0,70,,5468,52,,,0
4001,'5015',735,,5528,52,,,0,84,,5517,52,,,0,34,,5525,52,,,0,74,,5522,52,,,0,77,,5514,52,,,0,37,,5521,52,,,0,76,,5501,52,,,0,35,,5523,52,,,0,76,,5505,52,,,0,76,,5511,52,,,0,35,,5512,52,,,0,76,,5524,52,,,0,35,,5503,52,,,0,71,,5519,52,,,0,37,,5513,52,,,0,75,,5520,52,,,0,75,,5506,52,,,0,32,,5515,52,,,0,75,,5518,52,,,0,35,,5508,52,,,0,74,,5507,52,,,0,35,,5504,52,,,0,74,,5526,52,,,0,74,,5509,52,,,0,34,,5527,52,,,0,75,,5516,52,,,0,100,,5502,52,,,0,100,,5510,52,,,0
4001,'5221',737,,5548,52,,,0,107,,5536,52,,,0,161,,5543,52,,,0,110,,5545,52,,,0,36,,5538,52,,,0,75,,5532,52,,,0,78,,5529,52,,,0,32,,5530,52,,,0,75,,5546,52,,,0,35,,5533,52,,,0,75,,5541,52,,,0,37,,5537,52,,,0,67,,5540,52,,,0,80,,5531,52,,,0,35,,5544,52,,,0,75,,5542,52,,,0,33,,5547,52,,,0,69,,5534,52,,,0,40,,5535,52,,,0,75,,5539,52,,,0
4001,'5222',738,,5550,52,,,0,476,,5549,52,,,0
1002001,'4623',1010,,5888,65,,,0,610,,5889,65,,,0
1002001,'5014',750,,5890,48,,,0,151,,5891,48,,,0,219,,5892,48,,,0,110,,5893,48,,,0,111,,5894,48,,,0,97,,5895,65,,,0,76,,5896,65,,,0,213,,5897,65,,,0,94,,5898,48,,,0,107,,5899,48,,,0,192,,5900,65,,,0,200,,5901,65,,,0
1002001,'5015',758,,5906,65,,,0,154,,5907,65,,,0,112,,5902,65,,,0,111,,5905,65,,,0,103,,5913,65,,,0,117,,5912,65,,,0,150,,5903,65,,,0,104,,5909,65,,,0,115,,5904,65,,,0,109,,5910,65,,,0,124,,5908,65,,,0,102,,5914,65,,,0,259,,5911,65,,,0
1002001,'5221',835,,5920,65,,,0,214,,5919,65,,,0,271,,5915,65,,,0,222,,5917,65,,,0,216,,5916,65,,,0,344,,5918,65,,,0
1002001,'5222',1010,,5921,65,,,0,610,,5922,65,,,0
