2000,'4623',1718,,5099,42,,,0
2000,'5014',616,,5111,42,,,0,108,,5112,42,,,0,108,,5113,42,,,0,402,,5103,42,,,0,325,,5107,42,,,0,450,,5109,42,,,0,203,,5110,42,,,0
2000,'5015',1949,,5119,42,,,0,258,,5125,42,,,0,102,,5121,42,,,0
2000,'5222',1718,,5131,42,,,0
2001,'5014',827,,5144,34,,,0,696,,5136,34,,,0,321,,5139,34,,,0,359,,5141,34,,,0,197,,5142,34,,,0
2001,'5015',2200,,5150,34,,,0,159,,5147,34,,,0
1002000,'4623',1455,,5857,48,,,0
1002000,'5014',2112,,5866,48,,,0,200,,5867,48,,,0
1002000,'5015',648,,5873,48,,,0,152,,5874,48,,,0,110,,5869,48,,,0,107,,5876,48,,,0,115,,5877,48,,,0,106,,5875,48,,,0,100,,5870,48,,,0,112,,5878,48,,,0,158,,5871,48,,,0,110,,5879,48,,,0,125,,5872,48,,,0,264,,5868,48,,,0
1002000,'5221',724,,5884,48,,,0,218,,5881,48,,,0,210,,5880,48,,,0,272,,5885,48,,,0,218,,5882,48,,,0,277,,5883,48,,,0
1002000,'5222',1455,,5887,48,,,0
1002001,'4623',948,,5888,34,,,0,608,,5889,34,,,0
1002001,'5014',1413,,5895,34,,,0,35,,5896,34,,,0,257,,5897,34,,,0,396,,5900,34,,,0,200,,5901,34,,,0
1002001,'5015',738,,5906,34,,,0,113,,5907,34,,,0,152,,5902,34,,,0,111,,5905,34,,,0,103,,5913,34,,,0,117,,5912,34,,,0,110,,5903,34,,,0,104,,5909,34,,,0,156,,5904,34,,,0,109,,5910,34,,,0,124,,5908,34,,,0,102,,5914,34,,,0,219,,5911,34,,,0
1002001,'5221',814,,5920,34,,,0,213,,5919,34,,,0,232,,5915,34,,,0,262,,5917,34,,,0,217,,5916,34,,,0,304,,5918,34,,,0
1002001,'5222',948,,5921,34,,,0,608,,5922,34,,,0
