501,'5034',839,,2005,13,,,0,110,,3544,13,,,0,152,,3542,13,,,0,100,,3543,13,,,0,130,,3545,13,,,0,104,,2004,13,,,0,116,,2011,13,,,0,150,,2010,13,,,0,110,,2012,13,,,0,110,,2008,13,,,0,110,,2006,13,,,0
501,'5035',649,,2017,13,,,0,151,,2021,13,,,0,110,,2013,13,,,0,110,,2018,13,,,0,101,,2015,13,,,0,99,,2016,13,,,0,128,,3548,13,,,0,98,,3546,13,,,0,504,,3547,13,,,0,109,,3549,13,,,0,150,,2022,13,,,0,49,,2024,13,,,0
501,'5036',1835,,2026,13,,,0
501,'5038',1601,,3552,13,,,0,119,,3553,13,,,0
501,'5039',1601,,3555,13,,,0,119,,3556,13,,,0
501,'5040',1601,,3559,13,,,0,119,,3560,13,,,0,115,,3558,13,,,0
501,'5041',752,,2039,13,,,0,196,,3561,13,,,0,109,,2041,13,,,0,156,,2042,13,,,0,117,,3562,13,,,0,109,,2044,13,,,0,110,,3563,13,,,0,109,,2046,13,,,0,152,,2047,13,,,0,110,,3564,13,,,0,105,,3565,13,,,0,107,,2050,13,,,0,109,,2038,13,,,0
800,'5034',750,,2245,29,,,0,150,,2246,29,,,0,121,,2247,29,,,0,104,,2248,29,,,0,111,,2249,29,,,0,117,,2250,29,,,0,149,,2251,29,,,0,112,,2244,29,,,0,111,,2242,29,,,0,106,,2243,29,,,0,110,,2252,29,,,0,105,,2253,29,,,0
800,'5035',617,,3651,29,,,0,131,,2255,29,,,0,103,,2258,29,,,0,153,,2263,29,,,0,115,,2254,29,,,0,125,,2262,29,,,0,115,,3648,29,,,0,157,,3647,29,,,0,229,,2259,29,,,0,113,,3650,29,,,0,154,,3649,29,,,0,114,,2265,29,,,0,111,,3652,29,,,0,118,,2267,29,,,0
800,'5038',1621,,2268,29,,,0
800,'5039',1621,,2269,29,,,0
800,'5040',1621,,2270,29,,,0
800,'5041',750,,2273,29,,,0,150,,2272,29,,,0,110,,2274,29,,,0,111,,2275,29,,,0,123,,2283,29,,,0,109,,3658,29,,,0,152,,2276,29,,,0,104,,3654,29,,,0,120,,3655,29,,,0,102,,3656,29,,,0,110,,3653,29,,,0,105,,2280,29,,,0,105,,2282,29,,,0,108,,3657,29,,,0
