3000,'5034',727,,2603,25,,,0,117,,3794,25,,,0,106,,3793,25,,,0,107,,2606,25,,,0,154,,2597,25,,,0,110,,2599,25,,,0,110,,2605,25,,,0,109,,2600,25,,,0,110,,3792,25,,,0,150,,2598,25,,,0,110,,2604,25,,,0
3000,'5035',632,,3797,25,,,0,75,,2630,25,,,0,16,,2631,25,,,0,18,,2626,25,,,0,18,,2632,25,,,0,57,,2629,25,,,0,17,,2633,25,,,0,18,,2627,25,,,0,75,,3795,25,,,0,75,,2609,25,,,0,35,,2610,25,,,0,75,,2611,25,,,0,34,,2612,25,,,0,75,,2613,25,,,0,35,,2614,25,,,0,74,,2615,25,,,0,74,,2616,25,,,0,35,,2617,25,,,0,111,,2618,25,,,0,151,,2619,25,,,0,115,,2620,25,,,0,35,,2621,25,,,0,109,,2622,25,,,0,142,,3796,25,,,0,101,,2624,25,,,0,101,,2625,25,,,0
3000,'5036',1514,,2634,25,,,0,225,,2635,25,,,0
3000,'5037',1625,,3798,25,,,0
3000,'5039',1625,,3799,25,,,0
3000,'5040',1514,,3800,25,,,0,225,,3801,25,,,0
3000,'5041',701,,2655,25,,,0,106,,3812,25,,,0,37,,3808,25,,,0,72,,2653,25,,,0,34,,3807,25,,,0,77,,2648,25,,,0,32,,2646,25,,,0,75,,2661,25,,,0,76,,2660,25,,,0,35,,2663,25,,,0,75,,2647,25,,,0,35,,2642,25,,,0,75,,3806,25,,,0,75,,2656,25,,,0,38,,3802,25,,,0,71,,3810,25,,,0,35,,2650,25,,,0,79,,2641,25,,,0,31,,2649,25,,,0,76,,3803,25,,,0,110,,3809,25,,,0,112,,3804,25,,,0,144,,3811,25,,,0,99,,3805,25,,,0
3001,'5034',832,,2670,41,,,0,121,,3814,41,,,0,150,,2664,41,,,0,111,,3817,41,,,0,110,,3815,41,,,0,110,,2674,41,,,0,112,,3816,41,,,0,108,,2666,41,,,0,150,,2668,41,,,0,103,,3813,41,,,0,115,,2669,41,,,0
3001,'5035',655,,3823,41,,,0,86,,3822,41,,,0,79,,2698,41,,,0,18,,2700,41,,,0,16,,2697,41,,,0,58,,2701,41,,,0,17,,2675,41,,,0,74,,2676,41,,,0,35,,3818,41,,,0,75,,2678,41,,,0,35,,2679,41,,,0,76,,2680,41,,,0,35,,2682,41,,,0,75,,2683,41,,,0,76,,2684,41,,,0,36,,3819,41,,,0,76,,2685,41,,,0,37,,2686,41,,,0,147,,2687,41,,,0,34,,3820,41,,,0,74,,2689,41,,,0,34,,2690,41,,,0,75,,2691,41,,,0,35,,2693,41,,,0,148,,2694,41,,,0,197,,3821,41,,,0,100,,2695,41,,,0
3001,'5036',1633,,2702,41,,,0
3001,'5038',2206,,3824,41,,,0
3001,'5039',2206,,3825,41,,,0
3001,'5040',1633,,3826,41,,,0,573,,3827,41,,,0
3001,'5041',807,,2725,41,,,0,108,,3832,41,,,0,37,,3834,41,,,0,76,,2719,41,,,0,77,,2716,41,,,0,35,,2721,41,,,0,76,,2710,41,,,0,36,,2727,41,,,0,75,,2728,41,,,0,76,,2708,41,,,0,35,,2711,41,,,0,71,,2715,41,,,0,37,,2724,41,,,0,75,,3835,41,,,0,35,,3831,41,,,0,73,,3838,41,,,0,75,,3828,41,,,0,35,,3837,41,,,0,74,,3830,41,,,0,35,,2714,41,,,0,108,,3836,41,,,0,149,,3829,41,,,0,100,,2726,41,,,0,101,,3833,41,,,0
