500,'5034',902,,1954,17,0,5,0,110,,3518,17,0,5,0,112,,3516,17,0,5,0,100,,3517,17,0,5,0,130,,3519,17,0,5,0,104,,1953,17,0,5,0,156,,1960,17,0,5,0,110,,1959,17,0,5,0,110,,1961,17,0,5,0,110,,1957,17,0,5,0
500,'5035',628,,3522,17,0,5,0,86,,1968,17,0,5,0,116,,1972,17,0,5,0,106,,1963,17,0,5,0,110,,1967,17,0,5,0,101,,1965,17,0,5,0,99,,1966,17,0,5,0,168,,3523,17,0,5,0,99,,3521,17,0,5,0,502,,3524,17,0,5,0,108,,3525,17,0,5,0,109,,1973,17,0,5,0,89,,1975,17,0,5,0
500,'5036',1900,,1977,17,0,5,0
500,'5038',1628,,3529,17,0,5,0,118,,3528,17,0,5,0
500,'5039',1628,,3532,17,0,5,0,118,,3531,17,0,5,0
500,'5040',1628,,3536,17,0,5,0,118,,3534,17,0,5,0,154,,3535,17,0,5,0
500,'5041',816,,1988,17,0,5,0,196,,3537,17,0,5,0,110,,1990,17,0,5,0,116,,1991,17,0,5,0,117,,3538,17,0,5,0,149,,1993,17,0,5,0,110,,3539,17,0,5,0,108,,1995,17,0,5,0,112,,1996,17,0,5,0,109,,3540,17,0,5,0,105,,3541,17,0,5,0,107,,1999,17,0,5,0,149,,2000,17,0,5,0
801,'5034',809,,2290,2,,,0,121,,2288,2,,,0,104,,2292,2,,,0,111,,2291,2,,,0,156,,2293,2,,,0,109,,2294,2,,,0,112,,2287,2,,,0,111,,2285,2,,,0,106,,2286,2,,,0,110,,2296,2,,,0,106,,2295,2,,,0
801,'5035',527,,3663,2,,,0,129,,2298,2,,,0,102,,2301,2,,,0,154,,2307,2,,,0,115,,2297,2,,,0,125,,2306,2,,,0,154,,3660,2,,,0,114,,3659,2,,,0,231,,2302,2,,,0,155,,3661,2,,,0,115,,3662,2,,,0,116,,2303,2,,,0,112,,3664,2,,,0,159,,2310,2,,,0
801,'5038',1525,,2311,2,,,0
801,'5039',1525,,2312,2,,,0
801,'5040',1525,,2313,2,,,0
801,'5041',659,,2315,2,,,0,150,,2316,2,,,0,110,,2317,2,,,0,111,,2318,2,,,0,123,,2326,2,,,0,148,,3670,2,,,0,112,,2319,2,,,0,104,,3666,2,,,0,120,,3667,2,,,0,102,,3668,2,,,0,110,,3665,2,,,0,105,,2323,2,,,0,105,,2324,2,,,0,149,,3669,2,,,0
