101,'5034',804,,3462,10,,,0,30,,3465,10,,,0,70,,1857,10,,,0,28,,3463,10,,,0,73,,1865,10,,,0,32,,3461,10,,,0,71,,3467,10,,,0,33,,1866,10,,,0,68,,1847,10,,,0,30,,3459,10,,,0,70,,3468,10,,,0,30,,3470,10,,,0,70,,3469,10,,,0,30,,1846,10,,,0,70,,3464,10,,,0,30,,3460,10,,,0,70,,3458,10,,,0,30,,1848,10,,,0,70,,1855,10,,,0,29,,3457,10,,,0,70,,3471,10,,,0,30,,1869,10,,,0,70,,1861,10,,,0,29,,1845,10,,,0,70,,3466,10,,,0,30,,1871,10,,,0,81,,1860,10,,,0
101,'5035',643,,3486,10,,,0,71,,3485,10,,,0,19,,1905,10,,,0,20,,1899,10,,,0,61,,3487,10,,,0,19,,1904,10,,,0,17,,3483,10,,,0,65,,3482,10,,,0,33,,1894,10,,,0,72,,3478,10,,,0,25,,3481,10,,,0,71,,3474,10,,,0,26,,3480,10,,,0,74,,3475,10,,,0,34,,1891,10,,,0,66,,1912,10,,,0,33,,1890,10,,,0,67,,3476,10,,,0,33,,1889,10,,,0,56,,3490,10,,,0,21,,1885,10,,,0,23,,1872,10,,,0,57,,3484,10,,,0,21,,1874,10,,,0,22,,1882,10,,,0,57,,3472,10,,,0,20,,3477,10,,,0,24,,1886,10,,,0,55,,3491,10,,,0,17,,3479,10,,,0,32,,1877,10,,,0,94,,1878,10,,,0,70,,1906,10,,,0,30,,1879,10,,,0,70,,1908,10,,,0,30,,3473,10,,,0,70,,3488,10,,,0,30,,1881,10,,,0,69,,3489,10,,,0,32,,1876,10,,,0,83,,1875,10,,,0
101,'5038',1918,,3492,10,,,0
101,'5039',1918,,3493,10,,,0
101,'5040',1918,,3494,10,,,0
101,'5041',718,,1928,10,,,0,30,,3515,10,,,0,71,,1930,10,,,0,27,,1935,10,,,0,73,,3500,10,,,0,22,,1921,10,,,0,81,,3506,10,,,0,28,,3502,10,,,0,68,,3495,10,,,0,31,,1919,10,,,0,68,,1941,10,,,0,33,,3503,10,,,0,71,,3498,10,,,0,30,,3508,10,,,0,70,,3504,10,,,0,30,,1922,10,,,0,70,,3509,10,,,0,30,,1938,10,,,0,69,,3496,10,,,0,32,,3501,10,,,0,67,,3497,10,,,0,30,,1931,10,,,0,70,,3510,10,,,0,30,,3511,10,,,0,70,,1933,10,,,0,30,,3505,10,,,0,69,,3499,10,,,0,32,,3512,10,,,0,68,,1918,10,,,0,37,,3514,10,,,0,63,,3507,10,,,0,30,,1949,10,,,0,69,,3513,10,,,0,31,,1926,10,,,0,80,,1940,10,,,0
2501,'5034',843,,3781,26,,,0,260,,3782,27,,,0,215,,2582,27,,,0,505,,2583,26,,,0,230,,2584,27,,,0
2501,'5035',848,,2585,26,,,0,256,,3783,27,,,0,217,,3784,26,,,0,135,,3785,27,,,0,370,,2589,27,,,0
2501,'5037',2051,,3786,26,,,0
2501,'5039',2051,,3787,26,,,0
2501,'5041',843,,3788,26,,,0,260,,3790,27,,,0,215,,3789,27,,,0,505,,3791,26,,,0,230,,2592,27,,,0
