101,'5034',811,,3462,12,,,0,30,,3465,12,,,0,70,,1857,12,,,0,28,,3463,12,,,0,73,,1865,12,,,0,32,,3461,12,,,0,71,,3467,12,,,0,33,,1866,12,,,0,70,,1847,12,,,0,30,,3459,12,,,0,70,,3468,12,,,0,30,,3470,12,,,0,70,,3469,12,,,0,30,,1846,12,,,0,70,,3464,12,,,0,30,,3460,12,,,0,69,,3458,12,,,0,29,,1848,12,,,0,70,,1855,12,,,0,29,,3457,12,,,0,70,,3471,12,,,0,30,,1869,12,,,0,70,,1861,12,,,0,29,,1845,12,,,0,70,,3466,12,,,0,30,,1871,12,,,0,81,,1860,12,,,0
101,'5035',648,,3486,12,,,0,73,,3485,12,,,0,19,,1905,12,,,0,60,,1899,12,,,0,21,,3487,12,,,0,19,,1904,12,,,0,17,,3483,12,,,0,65,,3482,12,,,0,33,,1894,12,,,0,72,,3478,12,,,0,25,,3481,12,,,0,72,,3474,12,,,0,26,,3480,12,,,0,74,,3475,12,,,0,34,,1891,12,,,0,66,,1912,12,,,0,33,,1890,12,,,0,67,,3476,12,,,0,33,,1889,12,,,0,56,,3490,12,,,0,21,,1885,12,,,0,23,,1872,12,,,0,57,,3484,12,,,0,21,,1874,12,,,0,22,,1882,12,,,0,57,,3472,12,,,0,20,,3477,12,,,0,24,,1886,12,,,0,55,,3491,12,,,0,16,,3479,12,,,0,72,,1877,12,,,0,53,,1878,12,,,0,70,,1906,12,,,0,30,,1879,12,,,0,70,,1908,12,,,0,30,,3473,12,,,0,70,,3488,12,,,0,30,,1881,12,,,0,68,,3489,12,,,0,32,,1876,12,,,0,83,,1875,12,,,0
101,'5038',1924,,3492,12,,,0
101,'5039',1924,,3493,12,,,0
101,'5040',1924,,3494,12,,,0
101,'5041',724,,1928,12,,,0,30,,3515,12,,,0,71,,1930,12,,,0,27,,1935,12,,,0,74,,3500,12,,,0,22,,1921,12,,,0,81,,3506,12,,,0,29,,3502,12,,,0,68,,3495,12,,,0,31,,1919,12,,,0,68,,1941,12,,,0,33,,3503,12,,,0,71,,3498,12,,,0,30,,3508,12,,,0,70,,3504,12,,,0,30,,1922,12,,,0,70,,3509,12,,,0,30,,1938,12,,,0,69,,3496,12,,,0,72,,3501,12,,,0,27,,3497,12,,,0,30,,1931,12,,,0,70,,3510,12,,,0,29,,3511,12,,,0,69,,1933,12,,,0,30,,3505,12,,,0,69,,3499,12,,,0,32,,3512,12,,,0,68,,1918,12,,,0,77,,3514,12,,,0,23,,3507,12,,,0,29,,1949,12,,,0,69,,3513,12,,,0,31,,1926,12,,,0,80,,1940,12,,,0
1501,'5034',838,,3735,15,,,0,112,,3739,15,,,0,150,,2462,15,,,0,110,,3736,15,,,0,110,,3734,15,,,0,110,,2465,15,,,0,109,,2468,15,,,0,109,,3733,15,,,0,110,,3738,15,,,0,150,,3737,15,,,0
1501,'5035',851,,2473,15,,,0,69,,3740,15,,,0,30,,2475,15,,,0,70,,2472,15,,,0,30,,3741,15,,,0,70,,3742,15,,,0,29,,3743,15,,,0,71,,3744,15,,,0,103,,2481,15,,,0,27,,2480,15,,,0,508,,3745,15,,,0,259,,3746,15,,,0
1501,'5038',2007,,2484,15,,,0
1501,'5039',2007,,2485,15,,,0
1501,'5040',2007,,2486,15,,,0
1501,'5041',804,,2495,15,,,0,146,,2496,15,,,0,102,,2493,15,,,0,158,,2497,15,,,0,112,,3748,15,,,0,109,,2492,15,,,0,110,,3747,15,,,0,108,,2489,15,,,0,151,,2490,15,,,0,108,,2491,15,,,0,112,,2488,15,,,0,107,,2498,15,,,0
3001,'5034',843,,2670,53,,,0,161,,3814,53,,,0,110,,2664,53,,,0,111,,3817,53,,,0,110,,3815,53,,,0,110,,2674,53,,,0,112,,3816,53,,,0,147,,2666,53,,,0,110,,2668,53,,,0,103,,3813,53,,,0,115,,2669,53,,,0
3001,'5035',705,,3823,53,,,0,47,,3822,53,,,0,79,,2698,53,,,0,18,,2700,53,,,0,56,,2697,53,,,0,17,,2701,53,,,0,17,,2675,53,,,0,75,,2676,53,,,0,35,,3818,53,,,0,76,,2678,53,,,0,75,,2679,53,,,0,36,,2680,53,,,0,75,,2682,53,,,0,35,,2683,53,,,0,77,,2684,53,,,0,36,,3819,53,,,0,76,,2685,53,,,0,76,,2686,53,,,0,107,,2687,53,,,0,33,,3820,53,,,0,74,,2689,53,,,0,34,,2690,53,,,0,74,,2691,53,,,0,75,,2693,53,,,0,108,,2694,53,,,0,196,,3821,53,,,0,99,,2695,53,,,0
3001,'5036',1645,,2702,53,,,0
3001,'5038',2216,,3824,53,,,0
3001,'5039',2216,,3825,53,,,0
3001,'5040',1645,,3826,53,,,0,571,,3827,53,,,0
3001,'5041',817,,2725,53,,,0,108,,3832,53,,,0,78,,3834,53,,,0,36,,2719,53,,,0,77,,2716,53,,,0,35,,2721,53,,,0,77,,2710,53,,,0,76,,2727,53,,,0,35,,2728,53,,,0,76,,2708,53,,,0,35,,2711,53,,,0,71,,2715,53,,,0,37,,2724,53,,,0,75,,3835,53,,,0,74,,3831,53,,,0,32,,3838,53,,,0,75,,3828,53,,,0,35,,3837,53,,,0,74,,3830,53,,,0,35,,2714,53,,,0,148,,3836,53,,,0,109,,3829,53,,,0,100,,2726,53,,,0,101,,3833,53,,,0
1001501,'5035',739,,3332,20,,,0,78,,4176,20,,,0,439,,4177,20,,,0,171,,3333,20,,,0,76,,3334,20,,,0,36,,3337,20,,,0,77,,3340,20,,,0,37,,3339,20,,,0,73,,3336,20,,,0,75,,3338,20,,,0
1001501,'5037',1835,,4178,20,,,0
1001501,'5039',1835,,4179,20,,,0
