3100,'5034',827,,2736,1,,,0,125,,2732,1,,,0,160,,3840,1,,,0,130,,2733,1,,,0,165,,3839,1,,,0,130,,2739,1,,,0,120,,2731,1,,,0,166,,2734,1,,,0,179,,2737,1,,,0
3100,'5035',633,,2740,1,,,0,94,,2741,1,,,0,112,,3841,1,,,0,90,,2743,1,,,0,109,,3842,1,,,0,100,,2745,1,,,0,100,,2746,1,,,0,100,,3843,1,,,0,100,,2748,1,,,0,98,,2749,1,,,0,102,,3844,1,,,0,100,,3845,1,,,0,105,,3846,1,,,0
3100,'5038',1943,,3847,1,,,0
3100,'5039',1943,,3848,1,,,0
3100,'5040',1943,,3849,1,,,0
3100,'5041',738,,2760,1,,,0,105,,2764,1,,,0,98,,2766,1,,,0,172,,2765,1,,,0,130,,2758,1,,,0,100,,3852,1,,,0,100,,3850,1,,,0,100,,2757,1,,,0,100,,2762,1,,,0,100,,3851,1,,,0,100,,3853,1,,,0
3101,'5034',827,,2772,11,4,,0,125,,2768,11,4,,0,160,,3855,11,4,,0,130,,2769,11,4,,0,165,,3854,11,4,,0,130,,2775,11,4,,0,120,,2767,11,4,,0,166,,2770,11,4,,0,179,,2773,11,4,,0
3101,'5035',633,,2776,11,4,,0,94,,2777,11,4,,0,112,,3856,11,4,,0,90,,2779,11,4,,0,109,,3857,11,4,,0,100,,2782,11,4,,0,100,,2783,11,4,,0,100,,3858,11,4,,0,100,,2781,11,4,,0,98,,2785,11,4,,0,102,,3859,11,4,,0,100,,3860,11,4,,0,105,,3861,11,4,,0
3101,'5038',1943,,3862,11,4,,0
3101,'5039',1943,,3863,11,4,,0
3101,'5040',1943,,3864,11,4,,0
3101,'5041',738,,2796,11,4,,0,105,,2800,11,4,,0,98,,2802,11,4,,0,172,,2801,11,4,,0,130,,2794,11,4,,0,100,,3867,11,4,,0,100,,3865,11,4,,0,100,,2793,11,4,,0,100,,2798,11,4,,0,100,,3866,11,4,,0,100,,3868,11,4,,0
