100,'5014',626,,5935,12,,,0,30,,4400,12,,,0,54,,4409,12,,,0,22,,4403,12,,,0,19,,5934,12,,,0,59,,5933,12,,,0,22,,4401,12,,,0,18,,4395,12,,,0,59,,4394,12,,,0,20,,4396,12,,,0,72,,4388,12,,,0,25,,4393,12,,,0,30,,5927,12,,,0,66,,4397,12,,,0,34,,4380,12,,,0,74,,4389,12,,,0,26,,5928,12,,,0,73,,5932,12,,,0,27,,4411,12,,,0,73,,5930,12,,,0,27,,4383,12,,,0,73,,4387,12,,,0,17,,4371,12,,,0,61,,5929,12,,,0,22,,4370,12,,,0,17,,4391,12,,,0,60,,4372,12,,,0,25,,4381,12,,,0,15,,4410,12,,,0,58,,5931,12,,,0,29,,4375,12,,,0,68,,4404,12,,,0,30,,5926,12,,,0,70,,4405,12,,,0,30,,5924,12,,,0,70,,5936,12,,,0,30,,4374,12,,,0,26,,4407,12,,,0,74,,5925,12,,,0,70,,5937,12,,,0,33,,5923,12,,,0,85,,4384,12,,,0
100,'5015',657,,5940,12,,,0,70,,5948,12,,,0,30,,4424,12,,,0,70,,4427,12,,,0,30,,4431,12,,,0,65,,4439,12,,,0,37,,5939,12,,,0,71,,4422,12,,,0,29,,5942,12,,,0,71,,5943,12,,,0,28,,4423,12,,,0,71,,4417,12,,,0,29,,4437,12,,,0,73,,4432,12,,,0,70,,4434,12,,,0,30,,4418,12,,,0,70,,4415,12,,,0,30,,4438,12,,,0,70,,4412,12,,,0,33,,5941,12,,,0,67,,4428,12,,,0,30,,4425,12,,,0,26,,4416,12,,,0,74,,4426,12,,,0,70,,4433,12,,,0,30,,4444,12,,,0,28,,5944,12,,,0,70,,5947,12,,,0,27,,4413,12,,,0,72,,4441,12,,,0,30,,5945,12,,,0,69,,5938,12,,,0,30,,5946,12,,,0,74,,4436,12,,,0
100,'5221',746,,4466,12,,,0,70,,4465,12,,,0,30,,4456,12,,,0,68,,4455,12,,,0,32,,4446,12,,,0,72,,4459,12,,,0,26,,4468,12,,,0,76,,5951,12,,,0,30,,4469,12,,,0,70,,4453,12,,,0,30,,4454,12,,,0,70,,4470,12,,,0,30,,4448,12,,,0,70,,5953,12,,,0,30,,4461,12,,,0,70,,4451,12,,,0,30,,5950,12,,,0,70,,4460,12,,,0,30,,4471,12,,,0,70,,5949,12,,,0,30,,4447,12,,,0,68,,4450,12,,,0,29,,4472,12,,,0,71,,4463,12,,,0,30,,4449,12,,,0,70,,4473,12,,,0,29,,5952,12,,,0,70,,4474,12,,,0,35,,4458,12,,,0
500,'4623',1424,,5999,27,,,0,214,,6000,27,,,0,271,,4580,27,,,0
500,'5014',636,,6003,27,,,0,86,,6002,27,,,0,117,,4591,27,,,0,106,,4582,27,,,0,110,,4586,27,,,0,101,,4584,27,,,0,99,,4585,27,,,0,268,,6001,27,,,0,232,,4590,27,,,0,269,,6004,27,,,0,108,,6005,27,,,0,108,,4592,27,,,0,89,,6006,27,,,0
500,'5015',824,,4596,27,,,0,196,,4597,27,,,0,110,,4598,27,,,0,116,,4599,27,,,0,157,,4600,27,,,0,109,,4601,27,,,0,110,,4602,27,,,0,108,,4603,27,,,0,112,,4604,27,,,0,109,,6008,27,,,0,105,,6009,27,,,0,147,,4607,27,,,0,109,,4608,27,,,0
500,'5221',911,,4613,27,,,0,110,,4615,27,,,0,112,,4610,27,,,0,100,,6011,27,,,0,170,,4617,27,,,0,104,,6012,27,,,0,116,,4619,27,,,0,110,,4618,27,,,0,109,,4620,27,,,0,110,,4616,27,,,0
500,'5222',1424,,6014,27,,,0,214,,6015,27,,,0,271,,4622,27,,,0
600,'5014',643,,4680,27,,,0,88,,4673,27,,,0,69,,4669,27,,,0,118,,4672,27,,,0,113,,4678,27,,,0,120,,4668,27,,,0,163,,4679,27,,,0,118,,4670,27,,,0,117,,4671,27,,,0,152,,4675,27,,,0,114,,4676,27,,,0,111,,6032,27,,,0,114,,6033,27,,,0,112,,6034,27,,,0,151,,6035,27,,,0,50,,6036,27,,,0
600,'5015',719,,4689,27,,,0,111,,4692,27,,,0,109,,4686,27,,,0,110,,4696,27,,,0,108,,4687,27,,,0,159,,4690,27,,,0,106,,4691,27,,,0,112,,4693,27,,,0,108,,4695,27,,,0,116,,6037,27,,,0,143,,4688,27,,,0,108,,6038,27,,,0,109,,4697,27,,,0,110,,4698,27,,,0,100,,6039,27,,,0
600,'5221',718,,4700,27,,,0,111,,4708,27,,,0,110,,6041,27,,,0,111,,4705,27,,,0,151,,4702,27,,,0,109,,4709,27,,,0,110,,4699,27,,,0,111,,4706,27,,,0,111,,4704,27,,,0,111,,4710,27,,,0,106,,6040,27,,,0,151,,4701,27,,,0
2000,'4623',1739,,5099,62,,,0
2000,'5014',633,,5111,62,,,0,111,,6139,62,,,0,109,,5113,62,,,0,65,,6136,45,,,0,110,,5101,45,,,0,110,,5102,45,,,0,117,,5103,62,,,0,103,,5104,45,,,0,78,,5105,45,,,0,111,,6137,45,,,0,74,,5107,62,,,0,220,,6138,45,,,0,187,,5109,62,,,0,201,,5110,62,,,0
2000,'5015',841,,6143,45,,,0,112,,5122,45,,,0,102,,6144,45,,,0,158,,5114,45,,,0,108,,5115,45,,,0,112,,5117,45,,,0,111,,6141,45,,,0,109,,6140,45,,,0,103,,5120,45,,,0,253,,6142,62,,,0,216,,6145,62,,,0,102,,5121,62,,,0
2000,'5221',848,,5126,45,,,0,259,,5129,45,,,0,219,,5128,45,,,0,221,,5130,45,,,0,264,,5127,45,,,0
2000,'5222',1739,,5131,62,,,0
3000,'4623',845,,6160,55,,,0
3000,'5014',656,,6167,55,,,0,76,,5217,55,,,0,78,,5214,55,,,0,109,,5215,55,,,0,34,,5193,55,,,0,76,,5194,55,,,0,75,,5195,55,,,0,35,,5196,55,,,0,75,,5197,55,,,0,35,,5198,55,,,0,75,,5199,55,,,0,35,,5201,55,,,0,75,,5202,55,,,0,76,,5203,55,,,0,35,,5200,55,,,0,75,,6161,55,,,0,35,,6162,55,,,0,75,,5206,55,,,0,76,,6163,55,,,0,35,,6164,55,,,0,74,,5209,55,,,0,109,,5210,55,,,0,101,,6165,55,,,0,99,,6166,55,,,0,101,,5213,55,,,0
3000,'5015',725,,5233,55,,,0,107,,5240,55,,,0,77,,5232,55,,,0,33,,5231,55,,,0,74,,5230,55,,,0,37,,5226,55,,,0,73,,5224,55,,,0,75,,6176,55,,,0,36,,6175,55,,,0,75,,6177,55,,,0,35,,5225,55,,,0,75,,5220,55,,,0,35,,5229,55,,,0,75,,5234,55,,,0,78,,6168,55,,,0,31,,6173,55,,,0,75,,5228,55,,,0,38,,6169,55,,,0,70,,5227,55,,,0,76,,6170,55,,,0,110,,6172,55,,,0,112,,6171,55,,,0,103,,6174,55,,,0,99,,5223,55,,,0
3000,'5221',750,,5248,55,,,0,158,,5252,55,,,0,107,,5247,55,,,0,108,,5251,55,,,0,114,,5242,55,,,0,110,,5244,55,,,0,110,,5250,55,,,0,149,,5245,55,,,0,110,,6178,55,,,0,109,,5243,55,,,0,109,,5249,55,,,0
3000,'5222',845,,6179,55,,,0
7200,'4623',1545,,6366,29,,,0
7200,'5014',657,,5620,29,,,0,76,,5619,29,,,0,73,,5618,29,,,0,37,,5617,29,,,0,74,,5596,29,,,0,34,,5597,29,,,0,75,,5598,29,,,0,76,,5599,29,,,0,35,,5600,29,,,0,75,,5601,29,,,0,35,,5602,29,,,0,75,,5603,29,,,0,35,,5604,29,,,0,78,,5605,29,,,0,75,,5606,29,,,0,108,,5607,29,,,0,35,,6367,29,,,0,75,,6368,29,,,0,76,,5610,29,,,0,37,,5611,29,,,0,75,,5612,29,,,0,111,,6369,29,,,0,101,,6370,29,,,0,100,,6371,29,,,0,100,,6372,29,,,0
7200,'5015',723,,6382,29,,,0,96,,5621,29,,,0,88,,6375,29,,,0,21,,6373,29,,,0,88,,6376,29,,,0,37,,5624,29,,,0,74,,6377,29,,,0,83,,5625,29,,,0,27,,5632,29,,,0,81,,6374,29,,,0,28,,5633,29,,,0,83,,5634,29,,,0,27,,6378,29,,,0,84,,5636,29,,,0,66,,5637,29,,,0,44,,6379,29,,,0,66,,5623,29,,,0,38,,5639,29,,,0,72,,6380,29,,,0,75,,6381,29,,,0,107,,5642,29,,,0,116,,5643,29,,,0,102,,5627,29,,,0,100,,5628,29,,,0
7200,'5221',742,,6385,29,,,0,105,,6383,29,,,0,154,,5647,29,,,0,105,,5649,29,,,0,120,,6384,29,,,0,99,,5650,29,,,0,120,,5651,29,,,0,102,,5652,29,,,0,154,,5653,29,,,0,110,,5654,29,,,0,110,,5646,29,,,0
7200,'5222',1545,,6386,29,,,0
1002000,'4623',1103,,6419,51,,,0,414,,5857,68,,,0
1002000,'5014',658,,5858,51,,,0,150,,5859,51,,,0,144,,5860,51,,,0,261,,5861,51,,,0,110,,5862,51,,,0,331,,5863,51,,,0,152,,5864,51,,,0,110,,5865,51,,,0,213,,5866,68,,,0,200,,5867,68,,,0
1002000,'5015',706,,6420,68,,,0,112,,6421,68,,,0,111,,5869,68,,,0,109,,5876,68,,,0,115,,5877,68,,,0,106,,5875,68,,,0,141,,5870,68,,,0,112,,5878,68,,,0,116,,5871,68,,,0,110,,5879,68,,,0,165,,5872,68,,,0,222,,5868,68,,,0
1002000,'5221',742,,5884,68,,,0,260,,5881,68,,,0,210,,5880,68,,,0,233,,5885,68,,,0,257,,5882,68,,,0,236,,5883,68,,,0
1002000,'5222',1103,,6422,51,,,0,414,,5887,68,,,0
