2000,'5034',844,,2499,42,,,0,259,,2502,42,,,0,219,,2501,42,,,0,221,,2503,42,,,0,265,,2500,42,,,0
2000,'5035',630,,3758,59,,,0,111,,2517,59,,,0,108,,3759,59,,,0,65,,3749,42,,,0,110,,3750,42,,,0,110,,3751,42,,,0,117,,3752,59,,,0,103,,3753,42,,,0,78,,2509,42,,,0,111,,3754,42,,,0,74,,3755,59,,,0,118,,2512,59,,,0,103,,3756,42,,,0,187,,2514,59,,,0,201,,3757,59,,,0
2000,'5041',837,,2528,42,,,0,112,,2527,42,,,0,102,,2529,42,,,0,158,,2519,42,,,0,108,,2520,42,,,0,112,,2522,42,,,0,111,,2523,42,,,0,109,,3760,42,,,0,103,,3761,42,,,0,253,,2524,59,,,0,217,,2530,59,,,0,102,,2526,59,,,0
2500,'5034',811,,3773,24,0,5,0,210,,3774,24,0,13 14,0,215,,2567,24,0,13 14,0,515,,2568,24,0,5,0,260,,2569,24,0,13 14,0
2500,'5035',815,,2570,24,0,5,0,207,,3775,24,0,13 14,0,226,,2572,24,0,5,0,165,,3776,24,0,13 14,0,333,,2574,24,0,13 14,0
2500,'5041',811,,3777,24,0,5,0,210,,3779,24,0,13 14,0,215,,3778,24,0,13 14,0,515,,3780,24,0,5,0,260,,2575,24,0,13 14,0
1002000,'5034',739,,4180,65,,,0,219,,3344,65,,,0,250,,3343,65,,,0,233,,3348,65,,,0,217,,3345,65,,,0,277,,3346,65,,,0
1002000,'5035',655,,3349,48,,,0,149,,4181,48,,,0,104,,4182,65,,,0,40,,4183,48,,,0,111,,3353,48,,,0,150,,3354,48,,,0,110,,4184,48,,,0,194,,3356,65,,,0,137,,3357,48,,,0,152,,3358,48,,,0,111,,3359,48,,,0,413,,3360,65,,,0
1002000,'5038',2126,,3361,65,,,0
1002000,'5039',2126,,3362,65,,,0
1002000,'5040',2126,,3363,65,,,0
1002000,'5041',703,,3369,65,,,0,112,,3370,65,,,0,110,,3365,65,,,0,109,,4186,65,,,0,115,,3373,65,,,0,106,,3371,65,,,0,101,,3366,65,,,0,152,,3374,65,,,0,116,,3367,65,,,0,110,,4187,65,,,0,125,,3368,65,,,0,263,,4185,65,,,0
