7000,'5034',951,,4061,6,,,0,188,,4057,6,,,0,174,,4058,6,,,0,307,,4059,6,,,0,319,,4060,6,,,0
7000,'5035',658,,4064,6,,,0,145,,4062,6,,,0,151,,4065,6,,,0,369,,4063,6,,,0,284,,4067,6,,,0,199,,4066,6,,,0
7000,'5037',1932,,4068,6,,,0
7000,'5039',1932,,4069,6,,,0
7000,'5040',2039,,4071,6,,,0,102,,4070,6,,,0
7000,'5041',851,,4079,6,,,0,100,,4075,6,,,0,188,,4077,6,,,0,174,,4073,6,,,0,307,,4074,6,,,0,127,,4072,6,,,0,192,,4076,6,,,0,190,,4078,6,,,0
7001,'5034',817,,4084,5,,,0,185,,4081,5,,,0,123,,4080,5,,,0,314,,4082,5,,,0,364,,4083,5,,,0
7001,'5035',530,,4086,5,,,0,105,,4085,5,,,0,189,,4087,5,,,0,325,,4089,5,,,0,288,,4090,5,,,0,196,,4088,5,,,0
7001,'5037',1803,,4091,5,,,0
7001,'5039',1803,,4092,5,,,0
7001,'5040',1906,,4093,5,,,0,102,,4094,5,,,0
7001,'5041',717,,4102,5,,,0,100,,4098,5,,,0,185,,4100,5,,,0,123,,4096,5,,,0,314,,4097,5,,,0,174,,4095,5,,,0,190,,4099,5,,,0,149,,4101,5,,,0
