100,'5034',734,,3421,5,,,0,70,,3420,5,,,0,29,,1749,5,,,0,68,,3416,5,,,0,31,,1739,5,,,0,72,,1752,5,,,0,26,,3423,5,,,0,75,,3419,5,,,0,30,,1762,5,,,0,70,,3414,5,,,0,30,,3415,5,,,0,70,,3424,5,,,0,30,,3410,5,,,0,70,,3422,5,,,0,30,,3418,5,,,0,70,,1744,5,,,0,30,,3417,5,,,0,70,,1753,5,,,0,30,,3425,5,,,0,70,,3413,5,,,0,30,,3409,5,,,0,69,,3412,5,,,0,29,,1765,5,,,0,71,,1756,5,,,0,30,,3411,5,,,0,70,,1766,5,,,0,30,,1757,5,,,0,70,,1767,5,,,0,35,,1751,5,,,0
100,'5035',614,,1799,5,,,0,28,,3436,5,,,0,14,,1806,5,,,0,62,,1800,5,,,0,19,,3434,5,,,0,19,,1794,5,,,0,62,,1798,5,,,0,18,,3432,5,,,0,19,,1791,5,,,0,60,,3433,5,,,0,32,,3429,5,,,0,65,,3431,5,,,0,30,,3427,5,,,0,65,,3435,5,,,0,34,,3428,5,,,0,73,,1787,5,,,0,26,,1780,5,,,0,73,,1789,5,,,0,27,,1808,5,,,0,72,,1784,5,,,0,27,,1781,5,,,0,73,,1785,5,,,0,17,,3426,5,,,0,21,,1783,5,,,0,62,,1768,5,,,0,38,,1770,5,,,0,65,,1779,5,,,0,15,,3440,5,,,0,19,,3430,5,,,0,69,,1773,5,,,0,29,,3437,5,,,0,70,,1776,5,,,0,30,,3438,5,,,0,70,,1774,5,,,0,30,,1803,5,,,0,71,,1772,5,,,0,26,,1804,5,,,0,74,,1775,5,,,0,30,,3439,5,,,0,74,,1771,5,,,0,85,,1782,5,,,0
100,'5036',1629,,1809,5,,,0
100,'5040',1629,,3441,5,,,0
100,'5041',645,,3447,5,,,0,70,,1844,5,,,0,30,,1823,5,,,0,70,,1826,5,,,0,30,,1830,5,,,0,63,,1838,5,,,0,37,,3446,5,,,0,71,,1821,5,,,0,29,,1828,5,,,0,71,,3449,5,,,0,27,,1822,5,,,0,71,,1816,5,,,0,29,,1836,5,,,0,73,,3450,5,,,0,30,,1833,5,,,0,70,,1817,5,,,0,30,,3444,5,,,0,70,,3454,5,,,0,30,,3442,5,,,0,73,,3448,5,,,0,27,,1827,5,,,0,70,,1824,5,,,0,26,,3445,5,,,0,74,,1825,5,,,0,30,,3451,5,,,0,70,,1843,5,,,0,29,,3452,5,,,0,70,,3456,5,,,0,28,,1812,5,,,0,72,,1840,5,,,0,30,,1839,5,,,0,69,,3443,5,,,0,30,,3455,5,,,0,75,,3453,5,,,0
2500,'5034',748,,3773,4,0,5,0,210,,3774,4,0,13 14,0,255,,2567,4,0,13 14,0,515,,2568,4,0,5,0,220,,2569,4,0,13 14,0
2500,'5035',751,,2570,4,0,5,0,207,,3775,4,0,13 14,0,265,,2572,4,0,5,0,125,,3776,4,0,13 14,0,374,,2574,4,0,13 14,0
2500,'5041',748,,3777,4,0,5,0,210,,3779,4,0,13 14,0,255,,3778,4,0,13 14,0,515,,3780,4,0,5,0,220,,2575,4,0,13 14,0
3001,'5034',825,,2670,35,,,0,121,,3814,35,,,0,110,,2664,35,,,0,151,,3817,35,,,0,110,,3815,35,,,0,110,,2674,35,,,0,112,,3816,35,,,0,108,,2666,35,,,0,110,,2668,35,,,0,143,,3813,35,,,0,115,,2669,35,,,0
3001,'5035',649,,3823,35,,,0,86,,3822,35,,,0,79,,2698,35,,,0,18,,2700,35,,,0,16,,2697,35,,,0,58,,2701,35,,,0,17,,2675,35,,,0,34,,2676,35,,,0,75,,3818,35,,,0,75,,2678,35,,,0,35,,2679,35,,,0,76,,2680,35,,,0,35,,2682,35,,,0,75,,2683,35,,,0,76,,2684,35,,,0,35,,3819,35,,,0,76,,2685,35,,,0,37,,2686,35,,,0,148,,2687,35,,,0,34,,3820,35,,,0,74,,2689,35,,,0,34,,2690,35,,,0,75,,2691,35,,,0,35,,2693,35,,,0,148,,2694,35,,,0,157,,3821,35,,,0,100,,2695,35,,,0
3001,'5036',1626,,2702,35,,,0
3001,'5038',2200,,3824,35,,,0
3001,'5039',2200,,3825,35,,,0
3001,'5040',1626,,3826,35,,,0,574,,3827,35,,,0
3001,'5041',800,,2725,35,,,0,108,,3832,35,,,0,37,,3834,35,,,0,76,,2719,35,,,0,37,,2716,35,,,0,75,,2721,35,,,0,76,,2710,35,,,0,36,,2727,35,,,0,75,,2728,35,,,0,36,,2708,35,,,0,75,,2711,35,,,0,71,,2715,35,,,0,37,,2724,35,,,0,75,,3835,35,,,0,35,,3831,35,,,0,73,,3838,35,,,0,35,,3828,35,,,0,75,,3837,35,,,0,74,,3830,35,,,0,35,,2714,35,,,0,108,,3836,35,,,0,109,,3829,35,,,0,100,,2726,35,,,0,101,,3833,35,,,0
