500,'5034',858,,1954,13,0,5,0,150,,3518,13,0,5,0,112,,3516,13,0,5,0,100,,3517,13,0,5,0,130,,3519,13,0,5,0,104,,1953,13,0,5,0,156,,1960,13,0,5,0,110,,1959,13,0,5,0,110,,1961,13,0,5,0,110,,1957,13,0,5,0
500,'5035',623,,3522,13,0,5,0,86,,1968,13,0,5,0,109,,3520,13,0,6 7,0,6,,1972,13,0,5,0,107,,1963,13,0,5,0,110,,1967,13,0,5,0,101,,1965,13,0,5,0,99,,1966,13,0,5,0,168,,3523,13,0,5,0,99,,3521,13,0,5,0,503,,3524,13,0,5,0,108,,3525,13,0,5,0,109,,1973,13,0,5,0,89,,1975,13,0,5,0
500,'5036',1856,,1977,13,0,5,0
500,'5038',1529,,3527,13,0,6 7,0,94,,3529,13,0,5,0,119,,3528,13,0,5,0
500,'5039',1529,,3530,13,0,6 7,0,94,,3532,13,0,5,0,119,,3531,13,0,5,0
500,'5040',1529,,3533,13,0,6 7,0,94,,3536,13,0,5,0,119,,3534,13,0,5,0,114,,3535,13,0,5,0
500,'5041',811,,1988,13,0,5,0,196,,3537,13,0,5,0,110,,1990,13,0,5,0,116,,1991,13,0,5,0,117,,3538,13,0,5,0,109,,1993,13,0,5,0,150,,3539,13,0,5,0,109,,1995,13,0,5,0,112,,1996,13,0,5,0,109,,3540,13,0,5,0,105,,3541,13,0,5,0,107,,1999,13,0,5,0,149,,2000,13,0,5,0
1500,'5034',801,,2431,15,,,0,113,,2430,15,,,0,110,,2428,15,,,0,111,,2426,15,,,0,109,,2432,15,,,0,109,,2424,15,,,0,150,,2427,15,,,0,110,,2423,15,,,0,110,,2433,15,,,0,109,,2429,15,,,0,111,,2425,15,,,0
1500,'5035',923,,2435,15,,,0,30,,2434,15,,,0,70,,2436,15,,,0,30,,3725,15,,,0,69,,3724,15,,,0,31,,3723,15,,,0,69,,3722,15,,,0,100,,2444,15,,,0,30,,2443,15,,,0,75,,2442,15,,,0,74,,2441,15,,,0,331,,3726,15,,,0,219,,3727,15,,,0
1500,'5038',1941,,2447,15,,,0
1500,'5039',1941,,2448,15,,,0
1500,'5040',1941,,2449,15,,,0
1500,'5041',801,,2457,15,,,0,110,,2452,15,,,0,110,,2460,15,,,0,108,,2456,15,,,0,119,,3730,15,,,0,105,,2453,15,,,0,150,,3731,15,,,0,110,,3732,15,,,0,114,,3728,15,,,0,106,,3729,15,,,0,110,,2454,15,,,0,107,,2461,15,,,0
1001500,'5035',705,,3323,20,,,0,36,,4171,20,,,0,77,,3322,20,,,0,32,,4172,20,,,0,402,,4173,20,,,0,285,,3327,20,,,0,76,,3328,20,,,0,37,,3325,20,,,0,76,,3326,20,,,0
1001500,'5037',1801,,4174,20,,,0
1001500,'5039',1801,,4175,20,,,0
