100,'5014',624,,6447,10,,,0,30,,4400,10,,,0,54,,4409,10,,,0,22,,4403,10,,,0,19,,6446,10,,,0,59,,6445,10,,,0,22,,4401,10,,,0,18,,4395,10,,,0,59,,4394,10,,,0,20,,4396,10,,,0,32,,4388,10,,,0,65,,4393,10,,,0,30,,6439,10,,,0,66,,4397,10,,,0,34,,4380,10,,,0,73,,4389,10,,,0,26,,6440,10,,,0,73,,6444,10,,,0,27,,4411,10,,,0,73,,6442,10,,,0,27,,4383,10,,,0,73,,4387,10,,,0,17,,4371,10,,,0,61,,6441,10,,,0,22,,4370,10,,,0,17,,4391,10,,,0,60,,4372,10,,,0,25,,4381,10,,,0,15,,4410,10,,,0,59,,6443,10,,,0,29,,4375,10,,,0,28,,4404,10,,,0,70,,6438,10,,,0,30,,4405,10,,,0,70,,6436,10,,,0,30,,6448,10,,,0,70,,4374,10,,,0,26,,4407,10,,,0,74,,6437,10,,,0,30,,6449,10,,,0,73,,6435,10,,,0,85,,4384,10,,,0
100,'5015',655,,6452,10,,,0,70,,6460,10,,,0,30,,4424,10,,,0,70,,4427,10,,,0,30,,4431,10,,,0,65,,4439,10,,,0,37,,6451,10,,,0,71,,4422,10,,,0,29,,6454,10,,,0,71,,6455,10,,,0,27,,4423,10,,,0,71,,4417,10,,,0,29,,4437,10,,,0,73,,4432,10,,,0,30,,4434,10,,,0,70,,4418,10,,,0,30,,4415,10,,,0,70,,4438,10,,,0,30,,4412,10,,,0,73,,6453,10,,,0,27,,4428,10,,,0,70,,4425,10,,,0,26,,4416,10,,,0,74,,4426,10,,,0,30,,4433,10,,,0,70,,4444,10,,,0,29,,6456,10,,,0,70,,6459,10,,,0,27,,4413,10,,,0,72,,4441,10,,,0,30,,6457,10,,,0,69,,6450,10,,,0,30,,6458,10,,,0,74,,4436,10,,,0
100,'5221',744,,4466,10,,,0,70,,4465,10,,,0,30,,4456,10,,,0,68,,4455,10,,,0,32,,4446,10,,,0,72,,4459,10,,,0,26,,4468,10,,,0,75,,6463,10,,,0,30,,4469,10,,,0,70,,4453,10,,,0,30,,4454,10,,,0,70,,4470,10,,,0,30,,4448,10,,,0,70,,6465,10,,,0,30,,4461,10,,,0,70,,4451,10,,,0,30,,6462,10,,,0,70,,4460,10,,,0,30,,4471,10,,,0,70,,6461,10,,,0,30,,4447,10,,,0,69,,4450,10,,,0,29,,4472,10,,,0,71,,4463,10,,,0,30,,4449,10,,,0,70,,4473,10,,,0,29,,6464,10,,,0,70,,4474,10,,,0,35,,4458,10,,,0
2000,'4623',1737,,5099,60,,,0
2000,'5014',631,,5111,60,,,0,111,,6651,60,,,0,108,,5113,60,,,0,66,,6648,43,,,0,110,,5101,43,,,0,110,,5102,43,,,0,117,,5103,60,,,0,103,,5104,43,,,0,78,,5105,43,,,0,110,,6649,43,,,0,74,,5107,60,,,0,221,,6650,43,,,0,187,,5109,60,,,0,201,,5110,60,,,0
2000,'5015',839,,6655,43,,,0,112,,5122,43,,,0,101,,6656,43,,,0,158,,5114,43,,,0,108,,5115,43,,,0,112,,5117,43,,,0,111,,6653,43,,,0,110,,6652,43,,,0,103,,5120,43,,,0,253,,6654,60,,,0,216,,6657,60,,,0,102,,5121,60,,,0
2000,'5221',846,,5126,43,,,0,259,,5129,43,,,0,219,,5128,43,,,0,221,,5130,43,,,0,264,,5127,43,,,0
2000,'5222',1737,,5131,60,,,0
3000,'4623',842,,6672,53,,,0
3000,'5014',654,,6679,53,,,0,76,,5217,53,,,0,77,,5214,53,,,0,110,,5215,53,,,0,34,,5193,53,,,0,75,,5194,53,,,0,75,,5195,53,,,0,35,,5196,53,,,0,75,,5197,53,,,0,35,,5198,53,,,0,75,,5199,53,,,0,35,,5201,53,,,0,74,,5202,53,,,0,76,,5203,53,,,0,35,,5200,53,,,0,75,,6673,53,,,0,35,,6674,53,,,0,75,,5206,53,,,0,77,,6675,53,,,0,35,,6676,53,,,0,75,,5209,53,,,0,109,,5210,53,,,0,101,,6677,53,,,0,99,,6678,53,,,0,101,,5213,53,,,0
3000,'5015',723,,5233,53,,,0,107,,5240,53,,,0,77,,5232,53,,,0,32,,5231,53,,,0,74,,5230,53,,,0,37,,5226,53,,,0,73,,5224,53,,,0,35,,6688,53,,,0,76,,6687,53,,,0,75,,6689,53,,,0,35,,5225,53,,,0,75,,5220,53,,,0,35,,5229,53,,,0,75,,5234,53,,,0,78,,6680,53,,,0,31,,6685,53,,,0,75,,5228,53,,,0,39,,6681,53,,,0,70,,5227,53,,,0,36,,6682,53,,,0,150,,6684,53,,,0,112,,6683,53,,,0,103,,6686,53,,,0,99,,5223,53,,,0
3000,'5221',748,,5248,53,,,0,158,,5252,53,,,0,106,,5247,53,,,0,108,,5251,53,,,0,114,,5242,53,,,0,110,,5244,53,,,0,110,,5250,53,,,0,149,,5245,53,,,0,110,,6690,53,,,0,110,,5243,53,,,0,109,,5249,53,,,0
3000,'5222',842,,6691,53,,,0
7200,'4623',1542,,6878,27,,,0
7200,'5014',655,,5620,27,,,0,75,,5619,27,,,0,73,,5618,27,,,0,37,,5617,27,,,0,74,,5596,27,,,0,34,,5597,27,,,0,75,,5598,27,,,0,36,,5599,27,,,0,75,,5600,27,,,0,75,,5601,27,,,0,35,,5602,27,,,0,75,,5603,27,,,0,35,,5604,27,,,0,78,,5605,27,,,0,75,,5606,27,,,0,108,,5607,27,,,0,35,,6879,27,,,0,75,,6880,27,,,0,76,,5610,27,,,0,37,,5611,27,,,0,75,,5612,27,,,0,111,,6881,27,,,0,102,,6882,27,,,0,100,,6883,27,,,0,100,,6884,27,,,0
7200,'5015',720,,6894,27,,,0,96,,5621,27,,,0,88,,6887,27,,,0,21,,6885,27,,,0,88,,6888,27,,,0,37,,5624,27,,,0,74,,6889,27,,,0,83,,5625,27,,,0,27,,5632,27,,,0,81,,6886,27,,,0,28,,5633,27,,,0,83,,5634,27,,,0,27,,6890,27,,,0,84,,5636,27,,,0,66,,5637,27,,,0,44,,6891,27,,,0,66,,5623,27,,,0,38,,5639,27,,,0,72,,6892,27,,,0,35,,6893,27,,,0,147,,5642,27,,,0,116,,5643,27,,,0,102,,5627,27,,,0,100,,5628,27,,,0
7200,'5221',739,,6897,27,,,0,105,,6895,27,,,0,114,,5647,27,,,0,145,,5649,27,,,0,120,,6896,27,,,0,99,,5650,27,,,0,120,,5651,27,,,0,102,,5652,27,,,0,114,,5653,27,,,0,150,,5654,27,,,0,110,,5646,27,,,0
7200,'5222',1542,,6898,27,,,0
1002000,'4623',1101,,6931,49,,,0,413,,5857,66,,,0
1002000,'5014',656,,5858,49,,,0,150,,5859,49,,,0,144,,5860,49,,,0,261,,5861,49,,,0,110,,5862,49,,,0,330,,5863,49,,,0,153,,5864,49,,,0,110,,5865,49,,,0,213,,5866,66,,,0,200,,5867,66,,,0
1002000,'5015',704,,6932,66,,,0,112,,6933,66,,,0,111,,5869,66,,,0,108,,5876,66,,,0,115,,5877,66,,,0,106,,5875,66,,,0,101,,5870,66,,,0,152,,5878,66,,,0,117,,5871,66,,,0,110,,5879,66,,,0,165,,5872,66,,,0,222,,5868,66,,,0
1002000,'5221',740,,5884,66,,,0,260,,5881,66,,,0,210,,5880,66,,,0,233,,5885,66,,,0,257,,5882,66,,,0,236,,5883,66,,,0
1002000,'5222',1101,,6934,49,,,0,413,,5887,66,,,0
