900,'5014',657,,6105,61,4,,0,102,,4951,61,4,,0,73,,4949,61,4,,0,71,,4950,61,4,,0,32,,6104,53,4,,0,22,,4934,47,4,,0,99,,4933,53,4,,0,146,,4932,61,4,,0,55,,4935,53,4,,0,102,,4953,61,4,,0,86,,4937,53,4,,0,89,,4936,61,4,,0,83,,4938,53,4,,0,86,,6103,61,4,,0,25,,4941,47,4,,0,77,,4939,61,4,,0,21,,4942,47,4,,0,79,,4943,61,4,,0,51,,4944,61,4,,0,100,,4946,53,4,,0,91,,4947,39,4,,0,107,,4948,61,4,,0
900,'5015',827,,4954,61,4,,0,100,,4956,61,4,,0,77,,4957,47,4,,0,99,,4962,47,4,,0,50,,6106,61,4,,0,167,,4958,47,4,,0,112,,4967,61,4,,0,70,,4961,53,4,,0,42,,4960,61,4,,0,61,,4968,47,4,,0,36,,6107,61,4,,0,100,,4955,47,4,,0,105,,4963,61,4,,0,108,,6108,47,4,,0,103,,4965,61,4,,0
900,'5221',912,,4974,61,4,,0,103,,4971,61,4,,0,134,,4977,61,4,,0,164,,4973,61,4,,0,128,,4978,61,4,,0,99,,4969,61,4,,0,169,,4970,61,4,,0,133,,4972,61,4,,0,162,,6109,61,4,,0,119,,4975,61,4,,0
1500,'5014',904,,5028,1,,,0,30,,6117,1,,,0,70,,5029,1,,,0,30,,5033,1,,,0,69,,5032,1,,,0,31,,5031,1,,,0,69,,6118,1,,,0,100,,5037,1,,,0,30,,6119,1,,,0,74,,5035,1,,,0,32,,5034,1,,,0,373,,6120,1,,,0,110,,6121,1,,,0,110,,5040,1,,,0
1500,'5015',744,,5048,1,,,0,110,,5043,1,,,0,150,,5051,1,,,0,107,,5047,1,,,0,119,,5046,1,,,0,105,,5044,1,,,0,110,,5049,1,,,0,110,,6123,1,,,0,154,,5041,1,,,0,106,,6122,1,,,0,111,,5045,1,,,0,107,,5052,1,,,0
1500,'5221',744,,6124,1,,,0,113,,5060,1,,,0,150,,5058,1,,,0,111,,5056,1,,,0,108,,5062,1,,,0,109,,5054,1,,,0,110,,5057,1,,,0,110,,5053,1,,,0,150,,6125,1,,,0,109,,5059,1,,,0,112,,5055,1,,,0
1501,'5014',854,,5065,17,4,,0,69,,5066,17,4,,0,30,,5067,17,4,,0,70,,6126,17,4,,0,30,,5068,17,4,,0,70,,5069,17,4,,0,29,,5070,17,4,,0,71,,5071,17,4,,0,103,,5073,17,4,,0,27,,5072,17,4,,0,548,,6128,17,4,,0,109,,6127,17,4,,0,110,,5076,17,4,,0
1501,'5015',807,,5085,17,4,,0,146,,5086,17,4,,0,102,,5083,17,4,,0,158,,5087,17,4,,0,112,,5084,17,4,,0,109,,6131,17,4,,0,110,,5077,17,4,,0,108,,6129,17,4,,0,151,,5080,17,4,,0,107,,6130,17,4,,0,112,,5078,17,4,,0,107,,6132,17,4,,0
1501,'5221',841,,5093,17,4,,0,112,,6135,17,4,,0,150,,5089,17,4,,0,110,,5094,17,4,,0,110,,5091,17,4,,0,110,,5092,17,4,,0,109,,5095,17,4,,0,109,,6133,17,4,,0,149,,6134,17,4,,0,110,,5096,17,4,,0
2500,'5014',741,,5161,1,0,5,0,207,,6155,1,,,0,265,,5163,1,0,5,0,125,,5164,1,,,0,374,,5165,1,,,0
2500,'5015',738,,6156,1,0,5,0,210,,5169,1,,,0,255,,5168,1,,,0,515,,5170,1,0,5,0,220,,5166,1,,,0
2500,'5221',738,,5171,1,0,5,0,210,,5172,1,,,0,255,,5173,1,,,0,515,,6157,1,0,5,0,220,,5175,1,,,0
2501,'5014',857,,5176,28,4,,0,256,,6158,29,4,,0,218,,5178,28,4,,0,175,,5179,29,4,,0,328,,5180,29,4,,0,225,,5181,28,4,,0
2501,'5015',852,,6159,28,4,,0,260,,5185,29,4,,0,215,,5184,29,4,,0,505,,5186,28,4,,0,270,,5182,29,4,,0
2501,'5221',852,,5187,28,4,,0,260,,5188,29,4,,0,215,,5189,29,4,,0,505,,5190,28,4,,0,270,,5191,29,4,,0
3100,'5014',650,,6204,20,4,,0,95,,6205,20,4,,0,111,,5318,20,4,,0,90,,5319,20,4,,0,109,,5320,20,4,,0,100,,5321,20,4,,0,100,,6206,20,4,,0,100,,5323,20,4,,0,100,,5324,20,4,,0,98,,5325,20,4,,0,102,,6207,20,4,,0,101,,6208,20,4,,0,144,,6209,20,4,,0,100,,5329,20,4,,0
3100,'5015',757,,6211,20,4,,0,145,,5338,20,4,,0,98,,5340,20,4,,0,132,,5339,20,4,,0,170,,5332,20,4,,0,100,,5335,20,4,,0,100,,5330,20,4,,0,100,,5331,20,4,,0,100,,5336,20,4,,0,100,,6210,20,4,,0,100,,6212,20,4,,0
3100,'5221',846,,5346,20,4,,0,165,,5342,20,4,,0,120,,5348,20,4,,0,170,,6214,20,4,,0,125,,5345,20,4,,0,130,,5349,20,4,,0,160,,6213,20,4,,0,126,,6215,20,4,,0,179,,6216,20,4,,0
3101,'5014',620,,6217,1,,,0,94,,6218,1,,,0,112,,5352,1,,,0,90,,5353,1,,,0,109,,5354,1,,,0,100,,5356,1,,,0,100,,6219,1,,,0,100,,5358,1,,,0,100,,5355,1,,,0,98,,5359,1,,,0,102,,6220,1,,,0,100,,6221,1,,,0,105,,6222,1,,,0,100,,5363,1,,,0
3101,'5015',725,,6224,1,,,0,105,,5372,1,,,0,98,,5374,1,,,0,172,,5373,1,,,0,130,,5366,1,,,0,100,,5369,1,,,0,100,,5364,1,,,0,100,,5365,1,,,0,100,,5370,1,,,0,100,,6223,1,,,0,100,,6225,1,,,0
3101,'5221',814,,5380,1,,,0,125,,5376,1,,,0,120,,5382,1,,,0,170,,6227,1,,,0,125,,5379,1,,,0,170,,5383,1,,,0,120,,6226,1,,,0,166,,6228,1,,,0,139,,6229,1,,,0
1001500,'5014',642,,5838,1,,,0,75,,6413,1,,,0,34,,5837,1,,,0,75,,5836,1,,,0,401,,5839,1,,,0,284,,6414,1,,,0,36,,5844,1,,,0,77,,5840,1,,,0,76,,5841,1,,,0,35,,5843,1,,,0
1001501,'5014',742,,5846,22,4,,0,78,,6415,22,4,,0,439,,6417,22,4,,0,172,,6416,22,4,,0,76,,5848,22,4,,0,36,,5851,22,4,,0,77,,6418,22,4,,0,36,,5853,22,4,,0,73,,5850,22,4,,0,75,,5852,22,4,,0,34,,5855,22,4,,0
