2000,'4623',1722,,5099,47,,,0
2000,'5014',620,,5111,47,,,0,108,,6139,47,,,0,108,,5113,47,,,0,64,,6136,30,,,0,109,,5101,30,,,0,110,,5102,30,,,0,119,,5103,47,,,0,101,,5104,30,,,0,78,,5105,30,,,0,110,,6137,30,,,0,76,,5107,47,,,0,221,,6138,30,,,0,189,,5109,47,,,0,203,,5110,47,,,0
2000,'5015',823,,6143,30,,,0,112,,5122,30,,,0,100,,6144,30,,,0,118,,5114,30,,,0,148,,5115,30,,,0,111,,5117,30,,,0,111,,6141,30,,,0,111,,6140,30,,,0,103,,5120,30,,,0,216,,6142,47,,,0,258,,6145,47,,,0,102,,5121,47,,,0
2000,'5221',832,,5126,30,,,0,218,,5129,30,,,0,259,,5128,30,,,0,221,,5130,30,,,0,225,,5127,30,,,0
2000,'5222',1722,,5131,47,,,0
1002000,'4623',1043,,6419,36,,,0,416,,5857,53,,,0
1002000,'5014',641,,5858,36,,,0,108,,5859,36,,,0,184,,5860,36,,,0,220,,5861,36,,,0,150,,5862,36,,,0,330,,5863,36,,,0,113,,5864,36,,,0,112,,5865,36,,,0,258,,5866,53,,,0,200,,5867,53,,,0
1002000,'5015',652,,6420,53,,,0,152,,6421,53,,,0,110,,5869,53,,,0,107,,5876,53,,,0,115,,5877,53,,,0,106,,5875,53,,,0,100,,5870,53,,,0,112,,5878,53,,,0,158,,5871,53,,,0,110,,5879,53,,,0,125,,5872,53,,,0,264,,5868,53,,,0
1002000,'5221',728,,5884,53,,,0,218,,5881,53,,,0,210,,5880,53,,,0,272,,5885,53,,,0,218,,5882,53,,,0,277,,5883,53,,,0
1002000,'5222',1043,,6422,36,,,0,416,,5887,53,,,0
