2000,'4623',1656,,5099,16,0,9 12 2 5,0
2000,'5014',557,,5111,16,0,9 12 2 5,0,148,,6651,16,0,9 12 2 5,0,105,,5113,16,0,9 12 2 5,0,39,,6648,16,,,0,110,,5101,16,,,0,150,,5102,16,,,0,105,,5103,16,0,9 12 2 5,0,114,,5104,16,,,0,78,,5105,16,,,0,110,,6649,16,,,0,20,,5107,16,0,9 12 2 5,0,278,,6650,16,,,0,136,,5109,16,0,9 12 2 5,0,203,,5110,16,0,9 12 2 5,0
2000,'5015',813,,6655,16,,,0,112,,5122,16,,,0,100,,6656,16,,,0,118,,5114,16,,,0,108,,5115,16,,,0,151,,5117,16,,,0,111,,6653,16,,,0,111,,6652,16,,,0,103,,5120,16,,,0,204,,6654,16,0,9 12 2 5,0,218,,6657,16,0,9 12 2 5,0,102,,5121,16,0,9 12 2 5,0
2000,'5221',822,,5126,16,,,0,218,,5129,16,,,0,219,,5128,16,,,0,260,,5130,16,,,0,225,,5127,16,,,0
2000,'5222',1656,,5131,16,0,9 12 2 5,0
1002000,'4623',1033,,6931,22,,,0,398,,5857,22,,,0
1002000,'5014',631,,5858,22,,,0,107,,5859,22,,,0,185,,5860,22,,,0,220,,5861,22,,,0,110,,5862,22,,,0,369,,5863,22,,,0,113,,5864,22,,,0,113,,5865,22,,,0,205,,5866,22,,,0,200,,5867,22,,,0
1002000,'5015',630,,6932,22,,,0,112,,6933,22,,,0,110,,5869,22,,,0,107,,5876,22,,,0,154,,5877,22,,,0,106,,5875,22,,,0,100,,5870,22,,,0,112,,5878,22,,,0,118,,5871,22,,,0,110,,5879,22,,,0,165,,5872,22,,,0,225,,5868,22,,,0
1002000,'5221',706,,5884,22,,,0,218,,5881,22,,,0,209,,5880,22,,,0,271,,5885,22,,,0,218,,5882,22,,,0,279,,5883,22,,,0
1002000,'5222',1033,,6934,22,,,0,398,,5887,22,,,0
