600,'5034',710,,2052,17,,,0,110,,2060,17,,,0,110,,2059,17,,,0,111,,2057,17,,,0,111,,2054,17,,,0,149,,2061,17,,,0,110,,2051,17,,,0,111,,2058,17,,,0,111,,2056,17,,,0,111,,2062,17,,,0,107,,2055,17,,,0,151,,2053,17,,,0
600,'5035',635,,2076,17,,,0,88,,2070,17,,,0,28,,2065,17,,,0,74,,2063,17,,,0,84,,2069,17,,,0,113,,2074,17,,,0,120,,2064,17,,,0,162,,2075,17,,,0,117,,2066,17,,,0,94,,2068,17,,,0,23,,2067,17,,,0,268,,2072,17,,,0,112,,2071,17,,,0,114,,2073,17,,,0,112,,2077,17,,,0,111,,2078,17,,,0,90,,2079,17,,,0
600,'5038',1652,,2080,17,,,0
600,'5039',1652,,2081,17,,,0
600,'5040',1652,,2082,17,,,0
600,'5041',711,,2088,17,,,0,110,,2091,17,,,0,109,,2085,17,,,0,110,,2095,17,,,0,108,,2086,17,,,0,159,,2089,17,,,0,106,,2090,17,,,0,112,,2092,17,,,0,108,,2094,17,,,0,116,,2083,17,,,0,104,,2087,17,,,0,148,,2084,17,,,0,109,,2096,17,,,0,110,,2097,17,,,0,100,,2093,17,,,0
800,'5034',744,,2245,22,,,0,110,,2246,22,,,0,161,,2247,22,,,0,104,,2248,22,,,0,111,,2249,22,,,0,117,,2250,22,,,0,109,,2251,22,,,0,152,,2244,22,,,0,111,,2242,22,,,0,106,,2243,22,,,0,110,,2252,22,,,0,105,,2253,22,,,0
800,'5035',610,,2264,22,,,0,131,,2255,22,,,0,103,,2258,22,,,0,113,,2263,22,,,0,155,,2254,22,,,0,125,,2262,22,,,0,115,,2257,22,,,0,157,,2256,22,,,0,230,,2259,22,,,0,113,,2261,22,,,0,154,,2260,22,,,0,114,,2265,22,,,0,111,,2266,22,,,0,118,,2267,22,,,0
800,'5038',1614,,2268,22,,,0
800,'5039',1614,,2269,22,,,0
800,'5040',1614,,2270,22,,,0
800,'5041',744,,2273,22,,,0,110,,2272,22,,,0,150,,2274,22,,,0,111,,2275,22,,,0,123,,2283,22,,,0,109,,2284,22,,,0,112,,2276,22,,,0,144,,2277,22,,,0,120,,2278,22,,,0,102,,2279,22,,,0,110,,2271,22,,,0,105,,2280,22,,,0,105,,2282,22,,,0,108,,2281,22,,,0
