700,'4623',1720,,4752,16,,,0
700,'5014',633,2,4758,16,,,0,85,2,4765,16,,,0,17,2,4772,16,,,0,69,2,4759,16,,,0,34,2,4755,16,,,0,113,2,4757,16,,,0,155,2,4764,16,,,0,115,,4754,16,,,0,115,,4756,16,,,0,115,,4761,16,,,0,105,,4762,16,,,0,89,,4769,16,,,0,155,,4770,16,,,0,34,,4760,16,,,0,80,,4771,16,,,0,35,,4763,16,,,0,155,,4767,16,,,0,111,,4766,16,,,0,119,,4768,16,,,0,73,,4753,16,,,0
700,'5015',738,2,4778,16,,,0,110,2,4779,16,,,0,110,2,4783,16,,,0,151,2,4773,16,,,0,112,2,4780,16,,,0,109,2,4781,16,,,0,112,2,4774,16,,,0,104,2,4776,16,,,0,160,2,4777,16,,,0,102,2,4784,16,,,0,110,2,4775,16,,,0,105,2,4785,16,,,0,105,2,4786,16,,,0,108,2,4782,16,,,0,166,2,4787,16,,,0
700,'5221',738,2,4793,16,,,0,110,2,4799,16,,,0,161,2,4798,16,,,0,104,2,4794,16,,,0,111,2,4792,16,,,0,106,2,4791,16,,,0,109,2,4795,16,,,0,112,2,4789,16,,,0,151,2,4797,16,,,0,106,2,4796,16,,,0,110,2,4790,16,,,0,105,2,4788,16,,,0
700,'5222',1720,,4800,16,,,0
800,'5014',605,2,4861,17,,,0,130,2,4851,17,,,0,103,2,4854,17,,,0,113,2,4860,17,,,0,155,2,4850,17,,,0,125,,4859,17,,,0,115,,4853,17,,,0,157,,4852,17,,,0,105,,4855,17,,,0,125,,4856,17,,,0,113,,4858,17,,,0,154,,4857,17,,,0,114,,4862,17,,,0,111,,4863,17,,,0,118,,4864,17,,,0
800,'5015',738,2,4867,17,,,0,110,2,4866,17,,,0,110,2,4868,17,,,0,151,2,4869,17,,,0,123,2,4877,17,,,0,109,2,4878,17,,,0,112,2,4870,17,,,0,104,2,4871,17,,,0,160,2,4872,17,,,0,102,2,4873,17,,,0,110,2,4865,17,,,0,105,2,4874,17,,,0,105,2,4876,17,,,0,108,2,4875,17,,,0
800,'5221',738,2,4882,17,,,0,110,2,4883,17,,,0,161,2,4884,17,,,0,104,2,4885,17,,,0,111,2,4886,17,,,0,117,2,4887,17,,,0,109,2,4888,17,,,0,152,2,4881,17,,,0,111,2,4879,17,,,0,106,2,4880,17,,,0,110,2,4889,17,,,0,105,2,4890,17,,,0
7000,'4623',2058,,5552,9,,,0,142,,5551,9,,,0
7000,'5014',717,,5555,9,,,0,105,,5553,9,,,0,191,,5556,9,,,0,329,,5554,9,,,0,284,,5559,9,,,0,199,,5557,9,,,0,126,,5558,9,,,0
7000,'5015',910,,5567,9,,,0,100,,5563,9,,,0,148,,5565,9,,,0,174,,5561,9,,,0,307,,5562,9,,,0,167,,5560,9,,,0,152,,5564,9,,,0,190,,5566,9,,,0
7000,'5221',1010,,5572,9,,,0,148,,5568,9,,,0,174,,5569,9,,,0,307,,5570,9,,,0,319,,5571,9,,,0
7800,'5014',640,,5719,4,,,0,100,,5720,4,,,0,270,,5721,4,,,0,605,,5722,4,,,0,228,,5723,4,,,0
