4000,'5034',707,,3874,3,0,5,0,117,,3884,3,0,5,0,106,,3871,3,0,5,0,75,,3887,3,0,5,0,32,,3873,3,0,5,0,85,,3869,3,0,5,0,28,,3888,3,0,5,0,75,,3882,3,0,5,0,34,,3883,3,0,5,0,75,,3878,3,0,5,0,75,,3875,3,0,5,0,33,,3877,3,0,5,0,77,,3872,3,0,5,0,35,,3880,3,0,5,0,75,,3879,3,0,5,0,75,,3886,3,0,5,0,35,,3870,3,0,5,0,75,,3881,3,0,5,0,35,,3876,3,0,5,0,75,,3885,3,0,5,0
4000,'5035',601,,3936,3,0,5,0,29,,3937,3,0,5,0,15,,3944,3,0,5,0,13,,3938,3,0,5,0,55,,3939,3,0,5,0,13,,3940,3,0,5,0,12,,3941,3,0,5,0,4,,3942,3,0,6 7,0,12,,3943,3,0,5,0,57,,3894,3,0,5,0,15,,3895,3,0,5,0,16,,3896,3,0,5,0,15,,3897,3,0,5,0,55,,3898,3,0,5,0,17,,3899,3,0,5,0,15,,3900,3,0,5,0,15,,3901,3,0,5,0,55,,3902,3,0,5,0,13,,3903,3,0,5,0,14,,3904,3,0,5,0,16,,3905,3,0,5,0,55,,3906,3,0,5,0,15,,3907,3,0,5,0,14,,3908,3,0,5,0,15,,3909,3,0,5,0,55,,3910,3,0,5,0,15,,3911,3,0,5,0,15,,3912,3,0,5,0,14,,3913,3,0,5,0,54,,3914,3,0,5,0,15,,3915,3,0,5,0,15,,3916,3,0,5,0,13,,3917,3,0,5,0,55,,3918,3,0,5,0,14,,3919,3,0,5,0,16,,3920,3,0,5,0,15,,3921,3,0,5,0,54,,3922,3,0,5,0,15,,3924,3,0,5,0,17,,3925,3,0,5,0,15,,3926,3,0,5,0,53,,3927,3,0,5,0,17,,3929,3,0,5,0,16,,3923,3,0,5,0,17,,3930,3,0,5,0,56,,3928,3,0,5,0,15,,3931,3,0,5,0,17,,3932,3,0,5,0,60,,3933,3,0,5,0,20,,3934,3,0,5,0,82,,3935,3,0,5,0,32,,3892,3,0,5,0,103,,3891,3,0,5,0,102,,3890,3,0,5,0,70,,3893,3,0,5,0,31,,3889,3,0,5,0
4000,'5037',1846,,3946,3,0,5,0,265,,3945,3,0,5,0
4000,'5038',2009,,3947,3,0,5,0
4000,'5039',1846,,3950,3,0,5,0,163,,3948,3,0,5,0,102,,3949,3,0,5,0
4000,'5040',2009,,3951,3,0,5,0
4000,'5041',641,,3971,3,0,5,0,71,,3976,3,0,5,0,34,,3964,3,0,5,0,77,,3956,3,0,5,0,32,,3972,3,0,5,0,74,,3953,3,0,5,0,77,,3969,3,0,5,0,32,,3954,3,0,5,0,74,,3960,3,0,5,0,35,,3963,3,0,5,0,75,,3952,3,0,5,0,35,,3957,3,0,5,0,75,,3961,3,0,5,0,75,,3970,3,0,5,0,35,,3975,3,0,5,0,78,,3959,3,0,5,0,32,,3965,3,0,5,0,75,,3974,3,0,5,0,79,,3973,3,0,5,0,31,,3962,3,0,5,0,76,,3966,3,0,5,0,35,,3977,3,0,5,0,75,,3955,3,0,5,0,78,,3978,3,0,5,0,35,,3967,3,0,5,0,104,,3958,3,0,5,0,99,,3968,3,0,5,0
1002000,'5034',655,,4180,3,,,0,258,,3344,3,,,0,209,,3343,3,,,0,231,,3348,3,,,0,257,,3345,3,,,0,240,,3346,3,,,0
1002000,'5035',620,,3349,3,,,0,107,,4181,3,,,0,89,,4182,3,,,0,96,,4183,3,,,0,110,,3353,3,,,0,109,,3354,3,,,0,110,,4184,3,,,0,178,,3356,3,,,0,190,,3357,3,,,0,113,,3358,3,,,0,113,,3359,3,,,0,407,,3360,3,,,0
1002000,'5038',2042,,3361,3,,,0
1002000,'5039',2042,,3362,3,,,0
1002000,'5040',2042,,3363,3,,,0
1002000,'5041',619,,3369,3,,,0,112,,3370,3,,,0,110,,3365,3,,,0,107,,4186,3,,,0,154,,3373,3,,,0,106,,3371,3,,,0,100,,3366,3,,,0,112,,3374,3,,,0,118,,3367,3,,,0,110,,4187,3,,,0,165,,3368,3,,,0,225,,4185,3,,,0
