1501,'5034',836,,3735,12,,,0,112,,3739,12,,,0,110,,2462,12,,,0,150,,3736,12,,,0,110,,3734,12,,,0,110,,2465,12,,,0,109,,2468,12,,,0,109,,3733,12,,,0,110,,3738,12,,,0,150,,3737,12,,,0
1501,'5035',848,,2473,12,,,0,69,,3740,12,,,0,30,,2475,12,,,0,70,,2472,12,,,0,30,,3741,12,,,0,70,,3742,12,,,0,29,,3743,12,,,0,71,,3744,12,,,0,103,,2481,12,,,0,27,,2480,12,,,0,509,,3745,12,,,0,259,,3746,12,,,0
1501,'5038',2005,,2484,12,,,0
1501,'5039',2005,,2485,12,,,0
1501,'5040',2005,,2486,12,,,0
1501,'5041',802,,2495,12,,,0,146,,2496,12,,,0,102,,2493,12,,,0,158,,2497,12,,,0,112,,3748,12,,,0,109,,2492,12,,,0,110,,3747,12,,,0,108,,2489,12,,,0,111,,2490,12,,,0,148,,2491,12,,,0,112,,2488,12,,,0,107,,2498,12,,,0
3001,'5034',841,,2670,50,,,0,161,,3814,50,,,0,110,,2664,50,,,0,111,,3817,50,,,0,110,,3815,50,,,0,110,,2674,50,,,0,112,,3816,50,,,0,147,,2666,50,,,0,110,,2668,50,,,0,103,,3813,50,,,0,115,,2669,50,,,0
3001,'5035',703,,3823,50,,,0,47,,3822,50,,,0,79,,2698,50,,,0,18,,2700,50,,,0,56,,2697,50,,,0,17,,2701,50,,,0,17,,2675,50,,,0,75,,2676,50,,,0,35,,3818,50,,,0,76,,2678,50,,,0,35,,2679,50,,,0,76,,2680,50,,,0,75,,2682,50,,,0,35,,2683,50,,,0,76,,2684,50,,,0,36,,3819,50,,,0,76,,2685,50,,,0,77,,2686,50,,,0,107,,2687,50,,,0,33,,3820,50,,,0,74,,2689,50,,,0,34,,2690,50,,,0,74,,2691,50,,,0,75,,2693,50,,,0,108,,2694,50,,,0,196,,3821,50,,,0,100,,2695,50,,,0
3001,'5036',1643,,2702,50,,,0
3001,'5038',2214,,3824,50,,,0
3001,'5039',2214,,3825,50,,,0
3001,'5040',1643,,3826,50,,,0,571,,3827,50,,,0
3001,'5041',815,,2725,50,,,0,108,,3832,50,,,0,78,,3834,50,,,0,36,,2719,50,,,0,77,,2716,50,,,0,35,,2721,50,,,0,77,,2710,50,,,0,76,,2727,50,,,0,35,,2728,50,,,0,76,,2708,50,,,0,35,,2711,50,,,0,71,,2715,50,,,0,37,,2724,50,,,0,75,,3835,50,,,0,74,,3831,50,,,0,32,,3838,50,,,0,75,,3828,50,,,0,35,,3837,50,,,0,74,,3830,50,,,0,35,,2714,50,,,0,148,,3836,50,,,0,109,,3829,50,,,0,100,,2726,50,,,0,101,,3833,50,,,0
1001501,'5035',736,,3332,17,,,0,78,,4176,17,,,0,440,,4177,17,,,0,171,,3333,17,,,0,76,,3334,17,,,0,36,,3337,17,,,0,77,,3340,17,,,0,37,,3339,17,,,0,73,,3336,17,,,0,35,,3338,17,,,0
1001501,'5037',1833,,4178,17,,,0
1001501,'5039',1833,,4179,17,,,0
