501,'5034',832,,2005,4,,,0,110,,3544,4,,,0,110,,3542,4,,,0,100,,3543,4,,,0,170,,3545,4,,,0,104,,2004,4,,,0,116,,2011,4,,,0,110,,2010,4,,,0,150,,2012,4,,,0,110,,2008,4,,,0,110,,2006,4,,,0
501,'5035',642,,2017,4,,,0,110,,2021,4,,,0,150,,2013,4,,,0,110,,2018,4,,,0,101,,2015,4,,,0,99,,2016,4,,,0,128,,3548,4,,,0,97,,3546,4,,,0,505,,3547,4,,,0,109,,3549,4,,,0,151,,2022,4,,,0,49,,2024,4,,,0
501,'5036',1827,,2026,4,,,0
501,'5038',1552,,3552,4,,,0,160,,3553,4,,,0
501,'5039',1552,,3555,4,,,0,160,,3556,4,,,0
501,'5040',1552,,3559,4,,,0,160,,3560,4,,,0,115,,3558,4,,,0
501,'5041',745,,2039,4,,,0,196,,3561,4,,,0,108,,2041,4,,,0,156,,2042,4,,,0,117,,3562,4,,,0,109,,2044,4,,,0,110,,3563,4,,,0,109,,2046,4,,,0,152,,2047,4,,,0,110,,3564,4,,,0,105,,3565,4,,,0,107,,2050,4,,,0,110,,2038,4,,,0
601,'5034',802,,3581,4,,,0,110,,3585,4,,,0,110,,2098,4,,,0,110,,3582,4,,,0,110,,2099,4,,,0,110,,2101,4,,,0,150,,2105,4,,,0,110,,3580,4,,,0,110,,3584,4,,,0,110,,3583,4,,,0,110,,2103,4,,,0
601,'5035',652,,3587,4,,,0,80,,2113,4,,,0,70,,2109,4,,,0,46,,2121,4,,,0,155,,2110,4,,,0,125,,2120,4,,,0,113,,2112,4,,,0,114,,3586,4,,,0,155,,2115,4,,,0,116,,2117,4,,,0,115,,3589,4,,,0,118,,3588,4,,,0,157,,2119,4,,,0,112,,3590,4,,,0,120,,2123,4,,,0,90,,3591,4,,,0
601,'5041',727,,2133,4,,,0,185,,2134,4,,,0,102,,2131,4,,,0,118,,2135,4,,,0,110,,3593,4,,,0,110,,2130,4,,,0,150,,3592,4,,,0,109,,2127,4,,,0,111,,2128,4,,,0,110,,2129,4,,,0,112,,2126,4,,,0,108,,2138,4,,,0,96,,3594,4,,,0,104,,2136,4,,,0,85,,2137,4,,,0
