100,'5034',742,,3421,9,,,0,70,,3420,9,,,0,30,,1749,9,,,0,68,,3416,9,,,0,32,,1739,9,,,0,72,,1752,9,,,0,26,,3423,9,,,0,75,,3419,9,,,0,30,,1762,9,,,0,70,,3414,9,,,0,30,,3415,9,,,0,70,,3424,9,,,0,30,,3410,9,,,0,70,,3422,9,,,0,30,,3418,9,,,0,70,,1744,9,,,0,30,,3417,9,,,0,70,,1753,9,,,0,30,,3425,9,,,0,70,,3413,9,,,0,30,,3409,9,,,0,69,,3412,9,,,0,29,,1765,9,,,0,71,,1756,9,,,0,30,,3411,9,,,0,70,,1766,9,,,0,29,,1757,9,,,0,70,,1767,9,,,0,35,,1751,9,,,0
100,'5035',622,,1799,9,,,0,30,,3436,9,,,0,54,,1806,9,,,0,22,,1800,9,,,0,19,,3434,9,,,0,59,,1794,9,,,0,22,,1798,9,,,0,18,,3432,9,,,0,59,,1791,9,,,0,20,,3433,9,,,0,32,,3429,9,,,0,65,,3431,9,,,0,30,,3427,9,,,0,66,,3435,9,,,0,34,,3428,9,,,0,73,,1787,9,,,0,26,,1780,9,,,0,73,,1789,9,,,0,27,,1808,9,,,0,72,,1784,9,,,0,27,,1781,9,,,0,73,,1785,9,,,0,17,,3426,9,,,0,61,,1783,9,,,0,22,,1768,9,,,0,78,,1770,9,,,0,25,,1779,9,,,0,15,,3440,9,,,0,59,,3430,9,,,0,29,,1773,9,,,0,28,,3437,9,,,0,70,,1776,9,,,0,30,,3438,9,,,0,70,,1774,9,,,0,30,,1803,9,,,0,70,,1772,9,,,0,26,,1804,9,,,0,74,,1775,9,,,0,30,,3439,9,,,0,73,,1771,9,,,0,85,,1782,9,,,0
100,'5036',1640,,1809,9,,,0
100,'5040',1640,,3441,9,,,0
100,'5041',653,,3447,9,,,0,70,,1844,9,,,0,30,,1823,9,,,0,70,,1826,9,,,0,30,,1830,9,,,0,65,,1838,9,,,0,37,,3446,9,,,0,71,,1821,9,,,0,29,,1828,9,,,0,71,,3449,9,,,0,27,,1822,9,,,0,71,,1816,9,,,0,29,,1836,9,,,0,73,,3450,9,,,0,30,,1833,9,,,0,70,,1817,9,,,0,30,,3444,9,,,0,70,,3454,9,,,0,30,,3442,9,,,0,73,,3448,9,,,0,27,,1827,9,,,0,70,,1824,9,,,0,26,,3445,9,,,0,74,,1825,9,,,0,30,,3451,9,,,0,70,,1843,9,,,0,29,,3452,9,,,0,70,,3456,9,,,0,27,,1812,9,,,0,72,,1840,9,,,0,30,,1839,9,,,0,69,,3443,9,,,0,30,,3455,9,,,0,74,,3453,9,,,0
7200,'5034',737,,3077,26,,,0,105,,4103,26,,,0,114,,3069,26,,,0,145,,3071,26,,,0,120,,3070,26,,,0,99,,3072,26,,,0,120,,3073,26,,,0,102,,3074,26,,,0,114,,3075,26,,,0,150,,4104,26,,,0,110,,3068,26,,,0
7200,'5035',653,,3101,26,,,0,75,,4115,26,,,0,73,,3099,26,,,0,37,,4114,26,,,0,74,,3078,26,,,0,34,,3079,26,,,0,75,,3080,26,,,0,35,,4105,26,,,0,75,,3082,26,,,0,75,,4106,26,,,0,35,,3084,26,,,0,75,,4107,26,,,0,35,,3086,26,,,0,78,,4108,26,,,0,75,,3088,26,,,0,35,,3089,26,,,0,73,,3090,26,,,0,35,,4109,26,,,0,75,,4110,26,,,0,114,,4111,26,,,0,75,,3094,26,,,0,111,,4112,26,,,0,102,,4113,26,,,0,100,,3097,26,,,0
7200,'5036',1759,,3102,26,,,0
7200,'5037',2324,,4116,26,,,0
7200,'5039',2324,,4117,26,,,0
7200,'5040',1759,,4118,26,,,0
7200,'5041',718,,3129,26,,,0,96,,4119,26,,,0,88,,3114,26,,,0,21,,3107,26,,,0,88,,4120,26,,,0,36,,3109,26,,,0,74,,4121,26,,,0,83,,3110,26,,,0,27,,4122,26,,,0,82,,3111,26,,,0,28,,3118,26,,,0,83,,3119,26,,,0,27,,3120,26,,,0,84,,3121,26,,,0,66,,3122,26,,,0,44,,3123,26,,,0,66,,3108,26,,,0,38,,4123,26,,,0,72,,4124,26,,,0,35,,4125,26,,,0,147,,4126,26,,,0,116,,4127,26,,,0,102,,3112,26,,,0,100,,3113,26,,,0
