2500,'5034',751,,3773,8,0,5,0,250,,3774,8,0,13 14,0,215,,2567,8,0,13 14,0,515,,2568,8,0,5,0,220,,2569,8,0,13 14,0
2500,'5035',754,,2570,8,0,5,0,247,,3775,8,0,13 14,0,225,,2572,8,0,5,0,125,,3776,8,0,13 14,0,374,,2574,8,0,13 14,0
2500,'5041',751,,3777,8,0,5,0,250,,3779,8,0,13 14,0,215,,3778,8,0,13 14,0,515,,3780,8,0,5,0,220,,2575,8,0,13 14,0
4000,'5034',726,,3874,26,0,5,0,117,,3884,26,0,5,0,106,,3871,26,0,5,0,75,,3887,26,0,5,0,32,,3873,26,0,5,0,85,,3869,26,0,5,0,68,,3888,26,0,5,0,35,,3882,26,0,5,0,75,,3883,26,0,5,0,35,,3878,26,0,5,0,75,,3875,26,0,5,0,73,,3877,26,0,5,0,37,,3872,26,0,5,0,75,,3880,26,0,5,0,35,,3879,26,0,5,0,75,,3886,26,0,5,0,35,,3870,26,0,5,0,75,,3881,26,0,5,0,75,,3876,26,0,5,0,35,,3885,26,0,5,0
4000,'5035',619,,3936,26,0,5,0,30,,3937,26,0,5,0,55,,3944,26,0,5,0,13,,3938,26,0,5,0,15,,3939,26,0,5,0,14,,3940,26,0,5,0,13,,3941,26,0,5,0,45,,3942,26,0,6 7,0,12,,3943,26,0,5,0,16,,3894,26,0,5,0,15,,3895,26,0,5,0,55,,3896,26,0,5,0,15,,3897,26,0,5,0,15,,3898,26,0,5,0,16,,3899,26,0,5,0,55,,3900,26,0,5,0,15,,3901,26,0,5,0,15,,3902,26,0,5,0,14,,3903,26,0,5,0,55,,3904,26,0,5,0,16,,3905,26,0,5,0,15,,3906,26,0,5,0,15,,3907,26,0,5,0,54,,3908,26,0,5,0,15,,3909,26,0,5,0,15,,3910,26,0,5,0,15,,3911,26,0,5,0,55,,3912,26,0,5,0,14,,3913,26,0,5,0,14,,3914,26,0,5,0,15,,3915,26,0,5,0,55,,3916,26,0,5,0,14,,3917,26,0,5,0,15,,3918,26,0,5,0,14,,3919,26,0,5,0,16,,3920,26,0,5,0,55,,3921,26,0,5,0,15,,3922,26,0,5,0,15,,3924,26,0,5,0,56,,3925,26,0,5,0,15,,3926,26,0,5,0,14,,3927,26,0,5,0,17,,3929,26,0,5,0,56,,3923,26,0,5,0,16,,3930,26,0,5,0,15,,3928,26,0,5,0,15,,3931,26,0,5,0,57,,3932,26,0,5,0,20,,3933,26,0,5,0,20,,3934,26,0,5,0,82,,3935,26,0,5,0,31,,3892,26,0,5,0,142,,3891,26,0,5,0,101,,3890,26,0,5,0,30,,3893,26,0,5,0,71,,3889,26,0,5,0
4000,'5037',1907,,3946,26,0,5,0,223,,3945,26,0,5,0
4000,'5038',2028,,3947,26,0,5,0
4000,'5039',1907,,3950,26,0,5,0,121,,3948,26,0,5,0,102,,3949,26,0,5,0
4000,'5040',2028,,3951,26,0,5,0
4000,'5041',700,,3971,26,0,5,0,32,,3976,26,0,5,0,74,,3964,26,0,5,0,37,,3956,26,0,5,0,72,,3972,26,0,5,0,34,,3953,26,0,5,0,77,,3969,26,0,5,0,33,,3954,26,0,5,0,75,,3960,26,0,5,0,75,,3963,26,0,5,0,35,,3952,26,0,5,0,75,,3957,26,0,5,0,35,,3961,26,0,5,0,75,,3970,26,0,5,0,75,,3975,26,0,5,0,37,,3959,26,0,5,0,72,,3965,26,0,5,0,35,,3974,26,0,5,0,79,,3973,26,0,5,0,31,,3962,26,0,5,0,76,,3966,26,0,5,0,75,,3977,26,0,5,0,35,,3955,26,0,5,0,77,,3978,26,0,5,0,35,,3967,26,0,5,0,144,,3958,26,0,5,0,59,,3968,26,0,5,0
