2000,'5034',836,,2499,34,,,0,218,,2502,34,,,0,259,,2501,34,,,0,221,,2503,34,,,0,225,,2500,34,,,0
2000,'5035',623,,3758,51,,,0,109,,2517,51,,,0,108,,3759,51,,,0,66,,3749,34,,,0,109,,3750,34,,,0,110,,3751,34,,,0,117,,3752,51,,,0,103,,3753,34,,,0,78,,2509,34,,,0,110,,3754,34,,,0,74,,3755,51,,,0,119,,2512,51,,,0,104,,3756,34,,,0,187,,2514,51,,,0,202,,3757,51,,,0
2000,'5041',829,,2528,34,,,0,112,,2527,34,,,0,100,,2529,34,,,0,118,,2519,34,,,0,148,,2520,34,,,0,112,,2522,34,,,0,111,,2523,34,,,0,110,,3760,34,,,0,103,,3761,34,,,0,213,,2524,51,,,0,258,,2530,51,,,0,102,,2526,51,,,0
2500,'5034',758,,3773,16,0,5,0,250,,3774,16,0,13 14,0,215,,2567,16,0,13 14,0,515,,2568,16,0,5,0,220,,2569,16,0,13 14,0
2500,'5035',802,,2570,16,0,5,0,207,,3775,16,0,13 14,0,226,,2572,16,0,5,0,165,,3776,16,0,13 14,0,333,,2574,16,0,13 14,0
2500,'5041',758,,3777,16,0,5,0,250,,3779,16,0,13 14,0,215,,3778,16,0,13 14,0,515,,3780,16,0,5,0,220,,2575,16,0,13 14,0
1002000,'5034',731,,4180,57,,,0,218,,3344,57,,,0,210,,3343,57,,,0,273,,3348,57,,,0,217,,3345,57,,,0,277,,3346,57,,,0
1002000,'5035',647,,3349,40,,,0,108,,4181,40,,,0,145,,4182,57,,,0,40,,4183,40,,,0,110,,3353,40,,,0,150,,3354,40,,,0,110,,4184,40,,,0,193,,3356,57,,,0,137,,3357,40,,,0,113,,3358,40,,,0,152,,3359,40,,,0,414,,3360,57,,,0
1002000,'5038',2119,,3361,57,,,0
1002000,'5039',2119,,3362,57,,,0
1002000,'5040',2119,,3363,57,,,0
1002000,'5041',655,,3369,57,,,0,152,,3370,57,,,0,110,,3365,57,,,0,107,,4186,57,,,0,115,,3373,57,,,0,106,,3371,57,,,0,101,,3366,57,,,0,112,,3374,57,,,0,157,,3367,57,,,0,110,,4187,57,,,0,125,,3368,57,,,0,264,,4185,57,,,0
