600,'5034',707,,2052,11,,,0,110,,2060,11,,,0,110,,2059,11,,,0,110,,2057,11,,,0,111,,2054,11,,,0,109,,2061,11,,,0,150,,2051,11,,,0,111,,2058,11,,,0,111,,2056,11,,,0,111,,2062,11,,,0,107,,2055,11,,,0,111,,2053,11,,,0
600,'5035',631,,2076,11,,,0,88,,2070,11,,,0,28,,2065,11,,,0,73,,2063,11,,,0,85,,2069,11,,,0,113,,2074,11,,,0,119,,2064,11,,,0,122,,2075,11,,,0,157,,2066,11,,,0,94,,2068,11,,,0,23,,2067,11,,,0,268,,2072,11,,,0,112,,2071,11,,,0,114,,2073,11,,,0,113,,2077,11,,,0,111,,2078,11,,,0,91,,2079,11,,,0
600,'5038',1647,,2080,11,,,0
600,'5039',1647,,2081,11,,,0
600,'5040',1647,,2082,11,,,0
600,'5041',707,,2088,11,,,0,110,,2091,11,,,0,109,,2085,11,,,0,110,,2095,11,,,0,108,,2086,11,,,0,159,,2089,11,,,0,105,,2090,11,,,0,112,,2092,11,,,0,108,,2094,11,,,0,116,,2083,11,,,0,104,,2087,11,,,0,109,,2084,11,,,0,150,,2096,11,,,0,110,,2097,11,,,0,100,,2093,11,,,0
801,'5034',813,,2290,9,,,0,121,,2288,9,,,0,104,,2292,9,,,0,111,,2291,9,,,0,156,,2293,9,,,0,109,,2294,9,,,0,112,,2287,9,,,0,111,,2285,9,,,0,106,,2286,9,,,0,110,,2296,9,,,0,106,,2295,9,,,0
801,'5035',531,,2308,9,,,0,169,,2298,9,,,0,102,,2301,9,,,0,114,,2307,9,,,0,115,,2297,9,,,0,125,,2306,9,,,0,154,,2300,9,,,0,115,,2299,9,,,0,230,,2302,9,,,0,155,,2304,9,,,0,115,,2305,9,,,0,116,,2303,9,,,0,111,,2309,9,,,0,159,,2310,9,,,0
801,'5038',1530,,2311,9,,,0
801,'5039',1530,,2312,9,,,0
801,'5040',1530,,2313,9,,,0
801,'5041',703,,2315,9,,,0,110,,2316,9,,,0,110,,2317,9,,,0,111,,2318,9,,,0,123,,2326,9,,,0,148,,2327,9,,,0,112,,2319,9,,,0,104,,2320,9,,,0,120,,2321,9,,,0,102,,2322,9,,,0,110,,2314,9,,,0,105,,2323,9,,,0,145,,2324,9,,,0,109,,2325,9,,,0
