100,'5034',747,,3421,13,4,,0,70,,3420,13,4,,0,30,,1749,13,4,,0,68,,3416,13,4,,0,32,,1739,13,4,,0,72,,1752,13,4,,0,26,,3423,13,4,,0,76,,3419,13,4,,0,30,,1762,13,4,,0,70,,3414,13,4,,0,30,,3415,13,4,,0,70,,3424,13,4,,0,30,,3410,13,4,,0,70,,3422,13,4,,0,30,,3418,13,4,,0,70,,1744,13,4,,0,30,,3417,13,4,,0,70,,1753,13,4,,0,30,,3425,13,4,,0,70,,3413,13,4,,0,30,,3409,13,4,,0,68,,3412,13,4,,0,29,,1765,13,4,,0,71,,1756,13,4,,0,30,,3411,13,4,,0,70,,1766,13,4,,0,29,,1757,13,4,,0,70,,1767,13,4,,0,35,,1751,13,4,,0
100,'5035',627,,1799,13,4,,0,30,,3436,13,4,,0,54,,1806,13,4,,0,22,,1800,13,4,,0,19,,3434,13,4,,0,59,,1794,13,4,,0,22,,1798,13,4,,0,18,,3432,13,4,,0,59,,1791,13,4,,0,20,,3433,13,4,,0,72,,3429,13,4,,0,25,,3431,13,4,,0,30,,3427,13,4,,0,66,,3435,13,4,,0,34,,3428,13,4,,0,74,,1787,13,4,,0,26,,1780,13,4,,0,73,,1789,13,4,,0,27,,1808,13,4,,0,73,,1784,13,4,,0,27,,1781,13,4,,0,73,,1785,13,4,,0,17,,3426,13,4,,0,61,,1783,13,4,,0,22,,1768,13,4,,0,77,,1770,13,4,,0,25,,1779,13,4,,0,15,,3440,13,4,,0,58,,3430,13,4,,0,29,,1773,13,4,,0,68,,3437,13,4,,0,30,,1776,13,4,,0,70,,3438,13,4,,0,30,,1774,13,4,,0,70,,1803,13,4,,0,30,,1772,13,4,,0,26,,1804,13,4,,0,74,,1775,13,4,,0,70,,3439,13,4,,0,33,,1771,13,4,,0,85,,1782,13,4,,0
100,'5036',1647,,1809,13,4,,0
100,'5040',1647,,3441,13,4,,0
100,'5041',658,,3447,13,4,,0,70,,1844,13,4,,0,30,,1823,13,4,,0,70,,1826,13,4,,0,30,,1830,13,4,,0,65,,1838,13,4,,0,77,,3446,13,4,,0,31,,1821,13,4,,0,69,,1828,13,4,,0,31,,3449,13,4,,0,28,,1822,13,4,,0,71,,1816,13,4,,0,29,,1836,13,4,,0,73,,3450,13,4,,0,70,,1833,13,4,,0,30,,1817,13,4,,0,70,,3444,13,4,,0,30,,3454,13,4,,0,70,,3442,13,4,,0,33,,3448,13,4,,0,67,,1827,13,4,,0,30,,1824,13,4,,0,26,,3445,13,4,,0,74,,1825,13,4,,0,70,,3451,13,4,,0,30,,1843,13,4,,0,68,,3452,13,4,,0,30,,3456,13,4,,0,27,,1812,13,4,,0,72,,1840,13,4,,0,30,,1839,13,4,,0,69,,3443,13,4,,0,30,,3455,13,4,,0,74,,3453,13,4,,0
101,'5034',750,,3462,1,,,0,70,,3465,1,,,0,30,,1857,1,,,0,68,,3463,1,,,0,32,,1865,1,,,0,72,,3461,1,,,0,31,,3467,1,,,0,73,,1866,1,,,0,28,,1847,1,,,0,70,,3459,1,,,0,30,,3468,1,,,0,70,,3470,1,,,0,30,,3469,1,,,0,70,,1846,1,,,0,30,,3464,1,,,0,70,,3460,1,,,0,30,,3458,1,,,0,70,,1848,1,,,0,30,,1855,1,,,0,70,,3457,1,,,0,30,,3471,1,,,0,70,,1869,1,,,0,30,,1861,1,,,0,70,,1845,1,,,0,30,,3466,1,,,0,70,,1871,1,,,0,81,,1860,1,,,0
101,'5035',630,,3486,1,,,0,70,,3485,1,,,0,19,,1905,1,,,0,20,,1899,1,,,0,61,,3487,1,,,0,19,,1904,1,,,0,17,,3483,1,,,0,65,,3482,1,,,0,32,,1894,1,,,0,72,,3478,1,,,0,25,,3481,1,,,0,70,,3474,1,,,0,26,,3480,1,,,0,74,,3475,1,,,0,34,,1891,1,,,0,66,,1912,1,,,0,33,,1890,1,,,0,67,,3476,1,,,0,33,,1889,1,,,0,15,,3490,1,,,0,60,,1885,1,,,0,25,,1872,1,,,0,17,,3484,1,,,0,61,,1874,1,,,0,22,,1882,1,,,0,17,,3472,1,,,0,60,,3477,1,,,0,25,,1886,1,,,0,15,,3491,1,,,0,58,,3479,1,,,0,32,,1877,1,,,0,95,,1878,1,,,0,70,,1906,1,,,0,30,,1879,1,,,0,70,,1908,1,,,0,30,,3473,1,,,0,70,,3488,1,,,0,30,,1881,1,,,0,70,,3489,1,,,0,32,,1876,1,,,0,85,,1875,1,,,0
101,'5038',1905,,3492,1,,,0
101,'5039',1905,,3493,1,,,0
101,'5040',1905,,3494,1,,,0
101,'5041',704,,1928,1,,,0,30,,3515,1,,,0,70,,1930,1,,,0,27,,1935,1,,,0,73,,3500,1,,,0,22,,1921,1,,,0,80,,3506,1,,,0,28,,3502,1,,,0,69,,3495,1,,,0,31,,1919,1,,,0,68,,1941,1,,,0,32,,3503,1,,,0,71,,3498,1,,,0,30,,3508,1,,,0,70,,3504,1,,,0,30,,1922,1,,,0,70,,3509,1,,,0,30,,1938,1,,,0,70,,3496,1,,,0,33,,3501,1,,,0,67,,3497,1,,,0,30,,1931,1,,,0,70,,3510,1,,,0,30,,3511,1,,,0,70,,1933,1,,,0,30,,3505,1,,,0,69,,3499,1,,,0,32,,3512,1,,,0,68,,1918,1,,,0,37,,3514,1,,,0,63,,3507,1,,,0,30,,1949,1,,,0,70,,3513,1,,,0,31,,1926,1,,,0,80,,1940,1,,,0
