3000,'5034',727,,2603,24,,,0,117,,3794,24,,,0,106,,3793,24,,,0,107,,2606,24,,,0,153,,2597,24,,,0,110,,2599,24,,,0,110,,2605,24,,,0,110,,2600,24,,,0,110,,3792,24,,,0,150,,2598,24,,,0,110,,2604,24,,,0
3000,'5035',632,,3797,24,,,0,75,,2630,24,,,0,16,,2631,24,,,0,17,,2626,24,,,0,18,,2632,24,,,0,57,,2629,24,,,0,17,,2633,24,,,0,18,,2627,24,,,0,75,,3795,24,,,0,75,,2609,24,,,0,35,,2610,24,,,0,75,,2611,24,,,0,34,,2612,24,,,0,75,,2613,24,,,0,35,,2614,24,,,0,74,,2615,24,,,0,74,,2616,24,,,0,35,,2617,24,,,0,111,,2618,24,,,0,111,,2619,24,,,0,155,,2620,24,,,0,36,,2621,24,,,0,109,,2622,24,,,0,142,,3796,24,,,0,101,,2624,24,,,0,101,,2625,24,,,0
3000,'5036',1513,,2634,24,,,0,225,,2635,24,,,0
3000,'5037',1624,,3798,24,,,0
3000,'5039',1624,,3799,24,,,0
3000,'5040',1513,,3800,24,,,0,225,,3801,24,,,0
3000,'5041',701,,2655,24,,,0,106,,3812,24,,,0,37,,3808,24,,,0,72,,2653,24,,,0,34,,3807,24,,,0,77,,2648,24,,,0,32,,2646,24,,,0,75,,2661,24,,,0,75,,2660,24,,,0,35,,2663,24,,,0,75,,2647,24,,,0,35,,2642,24,,,0,75,,3806,24,,,0,75,,2656,24,,,0,38,,3802,24,,,0,72,,3810,24,,,0,35,,2650,24,,,0,79,,2641,24,,,0,31,,2649,24,,,0,76,,3803,24,,,0,110,,3809,24,,,0,112,,3804,24,,,0,144,,3811,24,,,0,99,,3805,24,,,0
3001,'5034',832,,2670,40,,,0,121,,3814,40,,,0,150,,2664,40,,,0,111,,3817,40,,,0,110,,3815,40,,,0,110,,2674,40,,,0,112,,3816,40,,,0,107,,2666,40,,,0,150,,2668,40,,,0,103,,3813,40,,,0,115,,2669,40,,,0
3001,'5035',654,,3823,40,,,0,87,,3822,40,,,0,79,,2698,40,,,0,18,,2700,40,,,0,16,,2697,40,,,0,57,,2701,40,,,0,17,,2675,40,,,0,75,,2676,40,,,0,35,,3818,40,,,0,75,,2678,40,,,0,35,,2679,40,,,0,76,,2680,40,,,0,35,,2682,40,,,0,75,,2683,40,,,0,76,,2684,40,,,0,35,,3819,40,,,0,76,,2685,40,,,0,37,,2686,40,,,0,148,,2687,40,,,0,34,,3820,40,,,0,74,,2689,40,,,0,34,,2690,40,,,0,74,,2691,40,,,0,35,,2693,40,,,0,148,,2694,40,,,0,197,,3821,40,,,0,100,,2695,40,,,0
3001,'5036',1632,,2702,40,,,0
3001,'5038',2205,,3824,40,,,0
3001,'5039',2205,,3825,40,,,0
3001,'5040',1632,,3826,40,,,0,573,,3827,40,,,0
3001,'5041',806,,2725,40,,,0,108,,3832,40,,,0,37,,3834,40,,,0,76,,2719,40,,,0,77,,2716,40,,,0,35,,2721,40,,,0,77,,2710,40,,,0,36,,2727,40,,,0,75,,2728,40,,,0,76,,2708,40,,,0,35,,2711,40,,,0,71,,2715,40,,,0,37,,2724,40,,,0,75,,3835,40,,,0,34,,3831,40,,,0,73,,3838,40,,,0,75,,3828,40,,,0,35,,3837,40,,,0,74,,3830,40,,,0,35,,2714,40,,,0,108,,3836,40,,,0,149,,3829,40,,,0,100,,2726,40,,,0,101,,3833,40,,,0
