2000,'4623',1724,,5099,49,,,0
2000,'5014',621,,5111,49,,,0,109,,6651,49,,,0,108,,5113,49,,,0,66,2,6648,32,,,0,109,2,5101,32,,,0,110,2,5102,32,,,0,117,,5103,49,,,0,103,2,5104,32,,,0,78,2,5105,32,,,0,110,2,6649,32,,,0,74,,5107,49,,,0,223,2,6650,32,,,0,187,,5109,49,,,0,202,,5110,49,,,0
2000,'5015',827,2,6655,32,,,0,112,2,5122,32,,,0,100,2,6656,32,,,0,118,2,5114,32,,,0,148,2,5115,32,,,0,112,2,5117,32,,,0,111,2,6653,32,,,0,110,2,6652,32,,,0,103,2,5120,32,,,0,213,,6654,49,,,0,258,,6657,49,,,0,102,,5121,49,,,0
2000,'5221',834,,5126,32,,,0,218,,5129,32,,,0,259,,5128,32,,,0,221,,5130,32,,,0,225,,5127,32,,,0
2000,'5222',1724,,5131,49,,,0
7200,'4623',1530,2,6878,16,,,0
7200,'5014',645,2,5620,16,,,0,75,2,5619,16,,,0,33,2,5618,16,,,0,77,2,5617,16,,,0,74,2,5596,16,,,0,34,2,5597,16,,,0,75,2,5598,16,,,0,35,2,5599,16,,,0,75,2,5600,16,,,0,35,2,5601,16,,,0,75,2,5602,16,,,0,75,2,5603,16,,,0,35,2,5604,16,,,0,77,2,5605,16,,,0,35,2,5606,16,,,0,149,2,5607,16,,,0,35,2,6879,16,,,0,75,2,6880,16,,,0,37,2,5610,16,,,0,77,2,5611,16,,,0,75,2,5612,16,,,0,112,2,6881,16,,,0,102,2,6882,16,,,0,100,2,6883,16,,,0,100,2,6884,16,,,0
7200,'5015',711,2,6894,16,,,0,95,2,5621,16,,,0,48,2,6887,16,,,0,61,2,6885,16,,,0,88,2,6888,16,,,0,36,2,5624,16,,,0,74,2,6889,16,,,0,43,2,5625,16,,,0,67,2,5632,16,,,0,82,2,6886,16,,,0,28,2,5633,16,,,0,83,2,5634,16,,,0,27,2,6890,16,,,0,84,2,5636,16,,,0,26,2,5637,16,,,0,84,2,6891,16,,,0,66,2,5623,16,,,0,38,2,5639,16,,,0,72,2,6892,16,,,0,35,2,6893,16,,,0,108,2,5642,16,,,0,156,2,5643,16,,,0,102,2,5627,16,,,0,100,2,5628,16,,,0
7200,'5221',730,2,6897,16,,,0,105,2,6895,16,,,0,113,2,5647,16,,,0,105,2,5649,16,,,0,160,2,6896,16,,,0,99,2,5650,16,,,0,120,2,5651,16,,,0,102,2,5652,16,,,0,114,2,5653,16,,,0,110,2,5654,16,,,0,150,2,5646,16,,,0
7200,'5222',1530,2,6898,16,,,0
1002000,'4623',1048,2,6931,38,,,0,453,,5857,55,,,0
1002000,'5014',645,2,5858,38,,,0,108,2,5859,38,,,0,185,2,5860,38,,,0,220,2,5861,38,,,0,150,2,5862,38,,,0,330,2,5863,38,,,0,113,2,5864,38,,,0,152,2,5865,38,,,0,214,,5866,55,,,0,200,,5867,55,,,0
1002000,'5015',653,,6932,55,,,0,152,,6933,55,,,0,110,,5869,55,,,0,107,,5876,55,,,0,115,,5877,55,,,0,106,,5875,55,,,0,101,,5870,55,,,0,112,,5878,55,,,0,157,,5871,55,,,0,110,,5879,55,,,0,125,,5872,55,,,0,264,,5868,55,,,0
1002000,'5221',729,,5884,55,,,0,218,,5881,55,,,0,210,,5880,55,,,0,273,,5885,55,,,0,217,,5882,55,,,0,277,,5883,55,,,0
1002000,'5222',1048,2,6934,38,,,0,453,,5887,55,,,0
