600,'5034',707,,2052,10,,,0,110,,2060,10,,,0,110,,2059,10,,,0,110,,2057,10,,,0,111,,2054,10,,,0,109,,2061,10,,,0,150,,2051,10,,,0,111,,2058,10,,,0,111,,2056,10,,,0,111,,2062,10,,,0,107,,2055,10,,,0,111,,2053,10,,,0
600,'5035',631,,2076,10,,,0,88,,2070,10,,,0,28,,2065,10,,,0,72,,2063,10,,,0,86,,2069,10,,,0,113,,2074,10,,,0,119,,2064,10,,,0,122,,2075,10,,,0,156,,2066,10,,,0,94,,2068,10,,,0,23,,2067,10,,,0,268,,2072,10,,,0,113,,2071,10,,,0,114,,2073,10,,,0,113,,2077,10,,,0,111,,2078,10,,,0,91,,2079,10,,,0
600,'5038',1646,,2080,10,,,0
600,'5039',1646,,2081,10,,,0
600,'5040',1646,,2082,10,,,0
600,'5041',707,,2088,10,,,0,110,,2091,10,,,0,109,,2085,10,,,0,110,,2095,10,,,0,108,,2086,10,,,0,159,,2089,10,,,0,105,,2090,10,,,0,112,,2092,10,,,0,108,,2094,10,,,0,116,,2083,10,,,0,104,,2087,10,,,0,109,,2084,10,,,0,150,,2096,10,,,0,110,,2097,10,,,0,100,,2093,10,,,0
801,'5034',813,,2290,8,,,0,121,,2288,8,,,0,104,,2292,8,,,0,111,,2291,8,,,0,156,,2293,8,,,0,109,,2294,8,,,0,112,,2287,8,,,0,111,,2285,8,,,0,106,,2286,8,,,0,110,,2296,8,,,0,106,,2295,8,,,0
801,'5035',531,,2308,8,,,0,169,,2298,8,,,0,102,,2301,8,,,0,114,,2307,8,,,0,115,,2297,8,,,0,125,,2306,8,,,0,154,,2300,8,,,0,115,,2299,8,,,0,230,,2302,8,,,0,155,,2304,8,,,0,115,,2305,8,,,0,116,,2303,8,,,0,111,,2309,8,,,0,159,,2310,8,,,0
801,'5038',1530,,2311,8,,,0
801,'5039',1530,,2312,8,,,0
801,'5040',1530,,2313,8,,,0
801,'5041',703,,2315,8,,,0,110,,2316,8,,,0,110,,2317,8,,,0,111,,2318,8,,,0,123,,2326,8,,,0,148,,2327,8,,,0,112,,2319,8,,,0,104,,2320,8,,,0,120,,2321,8,,,0,102,,2322,8,,,0,110,,2314,8,,,0,105,,2323,8,,,0,145,,2324,8,,,0,109,,2325,8,,,0
