2000,'4623',1655,,5099,14,0,9 12 2 5,0
2000,'5014',556,,5111,14,0,9 12 2 5,0,148,,5112,14,0,9 12 2 5,0,105,,5113,14,0,9 12 2 5,0,39,,5100,14,,,0,110,,5101,14,,,0,150,,5102,14,,,0,105,,5103,14,0,9 12 2 5,0,114,,5104,14,,,0,78,,5105,14,,,0,110,,5106,14,,,0,20,,5107,14,0,9 12 2 5,0,278,,5108,14,,,0,136,,5109,14,0,9 12 2 5,0,203,,5110,14,0,9 12 2 5,0
2000,'5015',812,,5123,14,,,0,112,,5122,14,,,0,100,,5124,14,,,0,118,,5114,14,,,0,108,,5115,14,,,0,151,,5117,14,,,0,111,,5118,14,,,0,111,,5116,14,,,0,103,,5120,14,,,0,204,,5119,14,0,9 12 2 5,0,218,,5125,14,0,9 12 2 5,0,102,,5121,14,0,9 12 2 5,0
2000,'5221',821,,5126,14,,,0,218,,5129,14,,,0,219,,5128,14,,,0,260,,5130,14,,,0,225,,5127,14,,,0
2000,'5222',1655,,5131,14,0,9 12 2 5,0
1002000,'4623',1032,,5856,20,,,0,398,,5857,20,,,0
1002000,'5014',630,,5858,20,,,0,107,,5859,20,,,0,185,,5860,20,,,0,220,,5861,20,,,0,110,,5862,20,,,0,369,,5863,20,,,0,113,,5864,20,,,0,113,,5865,20,,,0,205,,5866,20,,,0,200,,5867,20,,,0
1002000,'5015',629,,5873,20,,,0,112,,5874,20,,,0,110,,5869,20,,,0,107,,5876,20,,,0,154,,5877,20,,,0,106,,5875,20,,,0,100,,5870,20,,,0,112,,5878,20,,,0,118,,5871,20,,,0,110,,5879,20,,,0,165,,5872,20,,,0,225,,5868,20,,,0
1002000,'5221',705,,5884,20,,,0,218,,5881,20,,,0,209,,5880,20,,,0,271,,5885,20,,,0,218,,5882,20,,,0,279,,5883,20,,,0
1002000,'5222',1032,,5886,20,,,0,398,,5887,20,,,0
