101,'5034',802,,3462,7,,,0,30,,3465,7,,,0,70,,1857,7,,,0,28,,3463,7,,,0,73,,1865,7,,,0,32,,3461,7,,,0,71,,3467,7,,,0,33,,1866,7,,,0,68,,1847,7,,,0,30,,3459,7,,,0,70,,3468,7,,,0,30,,3470,7,,,0,70,,3469,7,,,0,30,,1846,7,,,0,70,,3464,7,,,0,30,,3460,7,,,0,70,,3458,7,,,0,30,,1848,7,,,0,70,,1855,7,,,0,29,,3457,7,,,0,70,,3471,7,,,0,30,,1869,7,,,0,70,,1861,7,,,0,29,,1845,7,,,0,70,,3466,7,,,0,30,,1871,7,,,0,81,,1860,7,,,0
101,'5035',641,,3486,7,,,0,71,,3485,7,,,0,19,,1905,7,,,0,20,,1899,7,,,0,61,,3487,7,,,0,19,,1904,7,,,0,17,,3483,7,,,0,65,,3482,7,,,0,33,,1894,7,,,0,72,,3478,7,,,0,25,,3481,7,,,0,71,,3474,7,,,0,26,,3480,7,,,0,74,,3475,7,,,0,34,,1891,7,,,0,66,,1912,7,,,0,33,,1890,7,,,0,67,,3476,7,,,0,33,,1889,7,,,0,56,,3490,7,,,0,21,,1885,7,,,0,23,,1872,7,,,0,57,,3484,7,,,0,21,,1874,7,,,0,22,,1882,7,,,0,57,,3472,7,,,0,20,,3477,7,,,0,24,,1886,7,,,0,55,,3491,7,,,0,17,,3479,7,,,0,32,,1877,7,,,0,95,,1878,7,,,0,70,,1906,7,,,0,30,,1879,7,,,0,70,,1908,7,,,0,30,,3473,7,,,0,70,,3488,7,,,0,30,,1881,7,,,0,69,,3489,7,,,0,32,,1876,7,,,0,83,,1875,7,,,0
101,'5038',1917,,3492,7,,,0
101,'5039',1917,,3493,7,,,0
101,'5040',1917,,3494,7,,,0
101,'5041',716,,1928,7,,,0,30,,3515,7,,,0,71,,1930,7,,,0,27,,1935,7,,,0,73,,3500,7,,,0,22,,1921,7,,,0,81,,3506,7,,,0,28,,3502,7,,,0,68,,3495,7,,,0,31,,1919,7,,,0,68,,1941,7,,,0,33,,3503,7,,,0,71,,3498,7,,,0,30,,3508,7,,,0,70,,3504,7,,,0,30,,1922,7,,,0,70,,3509,7,,,0,30,,1938,7,,,0,69,,3496,7,,,0,32,,3501,7,,,0,67,,3497,7,,,0,30,,1931,7,,,0,70,,3510,7,,,0,30,,3511,7,,,0,70,,1933,7,,,0,30,,3505,7,,,0,69,,3499,7,,,0,32,,3512,7,,,0,68,,1918,7,,,0,37,,3514,7,,,0,63,,3507,7,,,0,30,,1949,7,,,0,69,,3513,7,,,0,31,,1926,7,,,0,80,,1940,7,,,0
2501,'5034',841,,3781,23,,,0,260,,3782,24,,,0,215,,2582,24,,,0,505,,2583,23,,,0,230,,2584,24,,,0
2501,'5035',846,,2585,23,,,0,256,,3783,24,,,0,217,,3784,23,,,0,135,,3785,24,,,0,370,,2589,24,,,0
2501,'5037',2049,,3786,23,,,0
2501,'5039',2049,,3787,23,,,0
2501,'5041',841,,3788,23,,,0,260,,3790,24,,,0,215,,3789,24,,,0,505,,3791,23,,,0,230,,2592,24,,,0
9200,'5038',1440,,4167,30,4,,0,2,,3261,30,4,,0
9200,'5039',1538,,4169,30,4,,0,2,,4168,30,4,,0
9200,'5040',1419,,4170,30,4,,0,2,,3265,30,4,,0
