1500,'5034',749,,2431,8,,,0,153,,2430,8,,,0,110,,2428,8,,,0,111,,2426,8,,,0,109,,2432,8,,,0,109,,2424,8,,,0,110,,2427,8,,,0,150,,2423,8,,,0,110,,2433,8,,,0,109,,2429,8,,,0,111,,2425,8,,,0
1500,'5035',910,,2435,8,,,0,30,,2434,8,,,0,70,,2436,8,,,0,30,,3725,8,,,0,69,,3724,8,,,0,31,,3723,8,,,0,69,,3722,8,,,0,100,,2444,8,,,0,30,,2443,8,,,0,75,,2442,8,,,0,33,,2441,8,,,0,372,,3726,8,,,0,219,,3727,8,,,0
1500,'5038',1928,,2447,8,,,0
1500,'5039',1928,,2448,8,,,0
1500,'5040',1928,,2449,8,,,0
1500,'5041',749,,2457,8,,,0,110,,2452,8,,,0,150,,2460,8,,,0,108,,2456,8,,,0,119,,3730,8,,,0,105,,2453,8,,,0,110,,3731,8,,,0,150,,3732,8,,,0,114,,3728,8,,,0,106,,3729,8,,,0,110,,2454,8,,,0,107,,2461,8,,,0
3000,'5034',710,,2603,9,,,0,117,,3794,9,,,0,105,,3793,9,,,0,107,,2606,9,,,0,113,,2597,9,,,0,148,,2599,9,,,0,110,,2605,9,,,0,110,,2600,9,,,0,110,,3792,9,,,0,111,,2598,9,,,0,112,,2604,9,,,0
3000,'5035',615,,3797,9,,,0,35,,2630,9,,,0,56,,2631,9,,,0,17,,2626,9,,,0,17,,2632,9,,,0,17,,2629,9,,,0,57,,2633,9,,,0,18,,2627,9,,,0,76,,3795,9,,,0,35,,2609,9,,,0,74,,2610,9,,,0,35,,2611,9,,,0,74,,2612,9,,,0,74,,2613,9,,,0,35,,2614,9,,,0,74,,2615,9,,,0,34,,2616,9,,,0,75,,2617,9,,,0,111,,2618,9,,,0,110,,2619,9,,,0,116,,2620,9,,,0,76,,2621,9,,,0,110,,2622,9,,,0,103,,3796,9,,,0,101,,2624,9,,,0,102,,2625,9,,,0
3000,'5036',1454,,2634,9,,,0,265,,2635,9,,,0
3000,'5037',1605,,3798,9,,,0
3000,'5039',1605,,3799,9,,,0
3000,'5040',1454,,3800,9,,,0,265,,3801,9,,,0
3000,'5041',645,,2655,9,,,0,105,,3812,9,,,0,77,,3808,9,,,0,32,,2653,9,,,0,73,,3807,9,,,0,77,,2648,9,,,0,32,,2646,9,,,0,75,,2661,9,,,0,35,,2660,9,,,0,74,,2663,9,,,0,34,,2647,9,,,0,75,,2642,9,,,0,75,,3806,9,,,0,35,,2656,9,,,0,79,,3802,9,,,0,32,,3810,9,,,0,75,,2650,9,,,0,80,,2641,9,,,0,31,,2649,9,,,0,76,,3803,9,,,0,111,,3809,9,,,0,112,,3804,9,,,0,104,,3811,9,,,0,99,,3805,9,,,0
1001500,'5035',648,,3323,8,,,0,75,,4171,8,,,0,34,,3322,8,,,0,75,,4172,8,,,0,401,,4173,8,,,0,285,,3327,8,,,0,36,,3328,8,,,0,77,,3325,8,,,0,76,,3326,8,,,0
1001500,'5037',1742,,4174,8,,,0
1001500,'5039',1742,,4175,8,,,0
