2000,'4623',1651,,5099,9,0,9 12 2 5,0
2000,'5014',553,,5111,9,0,9 12 2 5,0,147,,6139,9,0,9 12 2 5,0,105,,5113,9,0,9 12 2 5,0,39,,6136,9,,,0,110,,5101,9,,,0,150,,5102,9,,,0,105,,5103,9,0,9 12 2 5,0,114,,5104,9,,,0,78,,5105,9,,,0,110,,6137,9,,,0,20,,5107,9,0,9 12 2 5,0,278,,6138,9,,,0,136,,5109,9,0,9 12 2 5,0,203,,5110,9,0,9 12 2 5,0
2000,'5015',808,,6143,9,,,0,112,,5122,9,,,0,100,,6144,9,,,0,118,,5114,9,,,0,108,,5115,9,,,0,111,,5117,9,,,0,151,,6141,9,,,0,111,,6140,9,,,0,103,,5120,9,,,0,204,,6142,9,0,9 12 2 5,0,218,,6145,9,0,9 12 2 5,0,103,,5121,9,0,9 12 2 5,0
2000,'5221',817,,5126,9,,,0,218,,5129,9,,,0,219,,5128,9,,,0,260,,5130,9,,,0,225,,5127,9,,,0
2000,'5222',1651,,5131,9,0,9 12 2 5,0
1002000,'4623',1029,,6419,15,,,0,397,,5857,15,,,0
1002000,'5014',627,,5858,15,,,0,107,,5859,15,,,0,185,,5860,15,,,0,219,,5861,15,,,0,110,,5862,15,,,0,369,,5863,15,,,0,113,,5864,15,,,0,113,,5865,15,,,0,206,,5866,15,,,0,200,,5867,15,,,0
1002000,'5015',626,,6420,15,,,0,112,,6421,15,,,0,110,,5869,15,,,0,107,,5876,15,,,0,154,,5877,15,,,0,106,,5875,15,,,0,100,,5870,15,,,0,112,,5878,15,,,0,118,,5871,15,,,0,110,,5879,15,,,0,165,,5872,15,,,0,225,,5868,15,,,0
1002000,'5221',702,,5884,15,,,0,218,,5881,15,,,0,209,,5880,15,,,0,271,,5885,15,,,0,217,,5882,15,,,0,240,,5883,15,,,0
1002000,'5222',1029,,6422,15,,,0,397,,5887,15,,,0
