500,'5034',857,,1954,12,0,5,0,150,,3518,12,0,5,0,112,,3516,12,0,5,0,100,,3517,12,0,5,0,130,,3519,12,0,5,0,104,,1953,12,0,5,0,156,,1960,12,0,5,0,110,,1959,12,0,5,0,110,,1961,12,0,5,0,110,,1957,12,0,5,0
500,'5035',622,,3522,12,0,5,0,86,,1968,12,0,5,0,108,,3520,12,0,6 7,0,6,,1972,12,0,5,0,108,,1963,12,0,5,0,110,,1967,12,0,5,0,101,,1965,12,0,5,0,99,,1966,12,0,5,0,168,,3523,12,0,5,0,99,,3521,12,0,5,0,503,,3524,12,0,5,0,108,,3525,12,0,5,0,109,,1973,12,0,5,0,89,,1975,12,0,5,0
500,'5036',1855,,1977,12,0,5,0
500,'5038',1528,,3527,12,0,6 7,0,94,,3529,12,0,5,0,119,,3528,12,0,5,0
500,'5039',1528,,3530,12,0,6 7,0,94,,3532,12,0,5,0,119,,3531,12,0,5,0
500,'5040',1528,,3533,12,0,6 7,0,94,,3536,12,0,5,0,119,,3534,12,0,5,0,114,,3535,12,0,5,0
500,'5041',810,,1988,12,0,5,0,196,,3537,12,0,5,0,110,,1990,12,0,5,0,116,,1991,12,0,5,0,117,,3538,12,0,5,0,109,,1993,12,0,5,0,150,,3539,12,0,5,0,109,,1995,12,0,5,0,112,,1996,12,0,5,0,109,,3540,12,0,5,0,105,,3541,12,0,5,0,107,,1999,12,0,5,0,109,,2000,12,0,5,0
1500,'5034',800,,2431,14,,,0,113,,2430,14,,,0,110,,2428,14,,,0,111,,2426,14,,,0,109,,2432,14,,,0,109,,2424,14,,,0,150,,2427,14,,,0,110,,2423,14,,,0,110,,2433,14,,,0,109,,2429,14,,,0,111,,2425,14,,,0
1500,'5035',922,,2435,14,,,0,30,,2434,14,,,0,70,,2436,14,,,0,30,,3725,14,,,0,69,,3724,14,,,0,31,,3723,14,,,0,69,,3722,14,,,0,100,,2444,14,,,0,30,,2443,14,,,0,75,,2442,14,,,0,33,,2441,14,,,0,372,,3726,14,,,0,219,,3727,14,,,0
1500,'5038',1940,,2447,14,,,0
1500,'5039',1940,,2448,14,,,0
1500,'5040',1940,,2449,14,,,0
1500,'5041',800,,2457,14,,,0,110,,2452,14,,,0,110,,2460,14,,,0,108,,2456,14,,,0,119,,3730,14,,,0,105,,2453,14,,,0,150,,3731,14,,,0,110,,3732,14,,,0,114,,3728,14,,,0,106,,3729,14,,,0,110,,2454,14,,,0,107,,2461,14,,,0
1001500,'5035',704,,3323,19,,,0,35,,4171,19,,,0,77,,3322,19,,,0,33,,4172,19,,,0,401,,4173,19,,,0,285,,3327,19,,,0,76,,3328,19,,,0,37,,3325,19,,,0,76,,3326,19,,,0
1001500,'5037',1759,,4174,19,,,0
1001500,'5039',1759,,4175,19,,,0
