501,'5034',831,,2005,3,,,0,110,,3544,3,,,0,111,,3542,3,,,0,100,,3543,3,,,0,170,,3545,3,,,0,104,,2004,3,,,0,116,,2011,3,,,0,110,,2010,3,,,0,150,,2012,3,,,0,110,,2008,3,,,0,110,,2006,3,,,0
501,'5035',641,,2017,3,,,0,110,,2021,3,,,0,150,,2013,3,,,0,110,,2018,3,,,0,101,,2015,3,,,0,99,,2016,3,,,0,128,,3548,3,,,0,98,,3546,3,,,0,504,,3547,3,,,0,109,,3549,3,,,0,151,,2022,3,,,0,49,,2024,3,,,0
501,'5036',1826,,2026,3,,,0
501,'5038',1552,,3552,3,,,0,159,,3553,3,,,0
501,'5039',1552,,3555,3,,,0,159,,3556,3,,,0
501,'5040',1552,,3559,3,,,0,159,,3560,3,,,0,115,,3558,3,,,0
501,'5041',744,,2039,3,,,0,196,,3561,3,,,0,109,,2041,3,,,0,156,,2042,3,,,0,117,,3562,3,,,0,109,,2044,3,,,0,110,,3563,3,,,0,109,,2046,3,,,0,152,,2047,3,,,0,110,,3564,3,,,0,105,,3565,3,,,0,107,,2050,3,,,0,109,,2038,3,,,0
601,'5034',801,,3581,3,,,0,110,,3585,3,,,0,110,,2098,3,,,0,110,,3582,3,,,0,110,,2099,3,,,0,110,,2101,3,,,0,150,,2105,3,,,0,110,,3580,3,,,0,110,,3584,3,,,0,110,,3583,3,,,0,110,,2103,3,,,0
601,'5035',651,,3587,3,,,0,81,,2113,3,,,0,70,,2109,3,,,0,45,,2121,3,,,0,155,,2110,3,,,0,125,,2120,3,,,0,113,,2112,3,,,0,115,,3586,3,,,0,155,,2115,3,,,0,116,,2117,3,,,0,115,,3589,3,,,0,118,,3588,3,,,0,156,,2119,3,,,0,112,,3590,3,,,0,120,,2123,3,,,0,91,,3591,3,,,0
601,'5041',726,,2133,3,,,0,185,,2134,3,,,0,102,,2131,3,,,0,118,,2135,3,,,0,110,,3593,3,,,0,110,,2130,3,,,0,150,,3592,3,,,0,109,,2127,3,,,0,111,,2128,3,,,0,110,,2129,3,,,0,112,,2126,3,,,0,108,,2138,3,,,0,96,,3594,3,,,0,104,,2136,3,,,0,85,,2137,3,,,0
