2000,'4623',1655,,5099,15,0,9 12 2 5,0
2000,'5014',556,,5111,15,0,9 12 2 5,0,148,,6651,15,0,9 12 2 5,0,105,,5113,15,0,9 12 2 5,0,39,,6648,15,,,0,110,,5101,15,,,0,150,,5102,15,,,0,105,,5103,15,0,9 12 2 5,0,114,,5104,15,,,0,78,,5105,15,,,0,110,,6649,15,,,0,20,,5107,15,0,9 12 2 5,0,278,,6650,15,,,0,136,,5109,15,0,9 12 2 5,0,203,,5110,15,0,9 12 2 5,0
2000,'5015',812,,6655,15,,,0,112,,5122,15,,,0,100,,6656,15,,,0,118,,5114,15,,,0,108,,5115,15,,,0,151,,5117,15,,,0,111,,6653,15,,,0,111,,6652,15,,,0,103,,5120,15,,,0,204,,6654,15,0,9 12 2 5,0,218,,6657,15,0,9 12 2 5,0,102,,5121,15,0,9 12 2 5,0
2000,'5221',821,,5126,15,,,0,218,,5129,15,,,0,219,,5128,15,,,0,260,,5130,15,,,0,225,,5127,15,,,0
2000,'5222',1655,,5131,15,0,9 12 2 5,0
1002000,'4623',1032,,6931,21,,,0,398,,5857,21,,,0
1002000,'5014',630,,5858,21,,,0,107,,5859,21,,,0,185,,5860,21,,,0,220,,5861,21,,,0,110,,5862,21,,,0,369,,5863,21,,,0,113,,5864,21,,,0,113,,5865,21,,,0,205,,5866,21,,,0,200,,5867,21,,,0
1002000,'5015',629,,6932,21,,,0,112,,6933,21,,,0,110,,5869,21,,,0,107,,5876,21,,,0,154,,5877,21,,,0,106,,5875,21,,,0,100,,5870,21,,,0,112,,5878,21,,,0,118,,5871,21,,,0,110,,5879,21,,,0,165,,5872,21,,,0,225,,5868,21,,,0
1002000,'5221',705,,5884,21,,,0,218,,5881,21,,,0,209,,5880,21,,,0,271,,5885,21,,,0,218,,5882,21,,,0,279,,5883,21,,,0
1002000,'5222',1032,,6934,21,,,0,398,,5887,21,,,0
