100,'5034',725,,3421,2,,,0,30,,3420,2,,,0,69,,1749,2,,,0,28,,3416,2,,,0,70,,1739,2,,,0,32,,1752,2,,,0,66,,3423,2,,,0,34,,3419,2,,,0,70,,1762,2,,,0,30,,3414,2,,,0,70,,3415,2,,,0,30,,3424,2,,,0,70,,3410,2,,,0,30,,3422,2,,,0,70,,3418,2,,,0,30,,1744,2,,,0,70,,3417,2,,,0,30,,1753,2,,,0,70,,3425,2,,,0,30,,3413,2,,,0,71,,3409,2,,,0,30,,3412,2,,,0,69,,1765,2,,,0,31,,1756,2,,,0,70,,3411,2,,,0,30,,1766,2,,,0,70,,1757,2,,,0,30,,1767,2,,,0,75,,1751,2,,,0
100,'5035',605,,1799,2,,,0,28,,3436,2,,,0,14,,1806,2,,,0,62,,1800,2,,,0,18,,3434,2,,,0,19,,1794,2,,,0,62,,1798,2,,,0,18,,3432,2,,,0,19,,1791,2,,,0,60,,3433,2,,,0,32,,3429,2,,,0,65,,3431,2,,,0,30,,3427,2,,,0,25,,3435,2,,,0,74,,3428,2,,,0,73,,1787,2,,,0,26,,1780,2,,,0,73,,1789,2,,,0,27,,1808,2,,,0,72,,1784,2,,,0,27,,1781,2,,,0,73,,1785,2,,,0,17,,3426,2,,,0,21,,1783,2,,,0,62,,1768,2,,,0,38,,1770,2,,,0,65,,1779,2,,,0,15,,3440,2,,,0,19,,3430,2,,,0,69,,1773,2,,,0,29,,3437,2,,,0,71,,1776,2,,,0,30,,3438,2,,,0,70,,1774,2,,,0,30,,1803,2,,,0,71,,1772,2,,,0,27,,1804,2,,,0,74,,1775,2,,,0,30,,3439,2,,,0,75,,1771,2,,,0,85,,1782,2,,,0
100,'5036',1619,,1809,2,,,0
100,'5040',1619,,3441,2,,,0
100,'5041',636,,3447,2,,,0,70,,1844,2,,,0,30,,1823,2,,,0,70,,1826,2,,,0,30,,1830,2,,,0,22,,1838,2,,,0,77,,3446,2,,,0,71,,1821,2,,,0,29,,1828,2,,,0,70,,3449,2,,,0,27,,1822,2,,,0,71,,1816,2,,,0,29,,1836,2,,,0,73,,3450,2,,,0,30,,1833,2,,,0,70,,1817,2,,,0,30,,3444,2,,,0,70,,3454,2,,,0,30,,3442,2,,,0,73,,3448,2,,,0,27,,1827,2,,,0,71,,1824,2,,,0,26,,3445,2,,,0,74,,1825,2,,,0,30,,3451,2,,,0,70,,1843,2,,,0,30,,3452,2,,,0,70,,3456,2,,,0,28,,1812,2,,,0,72,,1840,2,,,0,30,,1839,2,,,0,70,,3443,2,,,0,30,,3455,2,,,0,75,,3453,2,,,0
2000,'5034',811,,2499,2,,,0,218,,2502,2,,,0,218,,2501,2,,,0,260,,2503,2,,,0,226,,2500,2,,,0
2000,'5035',547,,3758,2,0,9 12 2 5,0,107,,2517,2,0,9 12 2 5,0,105,,3759,2,0,9 12 2 5,0,79,,3749,2,,,0,110,,3750,2,,,0,110,,3751,2,,,0,145,,3752,2,0,9 12 2 5,0,114,,3753,2,,,0,37,,2509,2,,,0,150,,3754,2,,,0,20,,3755,2,0,9 12 2 5,0,120,,2512,2,0,9 12 2 5,0,159,,3756,2,,,0,136,,2514,2,0,9 12 2 5,0,203,,3757,2,0,9 12 2 5,0
2000,'5041',802,,2528,2,,,0,112,,2527,2,,,0,100,,2529,2,,,0,118,,2519,2,,,0,107,,2520,2,,,0,111,,2522,2,,,0,151,,2523,2,,,0,111,,3760,2,,,0,104,,3761,2,,,0,204,,2524,2,0,9 12 2 5,0,218,,2530,2,0,9 12 2 5,0,103,,2526,2,0,9 12 2 5,0
3000,'5034',704,,2603,2,,,0,117,,3794,2,,,0,105,,3793,2,,,0,106,,2606,2,,,0,113,,2597,2,,,0,108,,2599,2,,,0,150,,2605,2,,,0,110,,2600,2,,,0,110,,3792,2,,,0,111,,2598,2,,,0,112,,2604,2,,,0
3000,'5035',609,,3797,2,,,0,35,,2630,2,,,0,56,,2631,2,,,0,16,,2626,2,,,0,17,,2632,2,,,0,17,,2629,2,,,0,57,,2633,2,,,0,18,,2627,2,,,0,76,,3795,2,,,0,35,,2609,2,,,0,74,,2610,2,,,0,35,,2611,2,,,0,74,,2612,2,,,0,34,,2613,2,,,0,75,,2614,2,,,0,74,,2615,2,,,0,34,,2616,2,,,0,74,,2617,2,,,0,111,,2618,2,,,0,110,,2619,2,,,0,116,,2620,2,,,0,77,,2621,2,,,0,110,,2622,2,,,0,103,,3796,2,,,0,102,,2624,2,,,0,102,,2625,2,,,0
3000,'5036',1445,,2634,2,,,0,266,,2635,2,,,0
3000,'5037',1557,,3798,2,,,0
3000,'5039',1557,,3799,2,,,0
3000,'5040',1445,,3800,2,,,0,266,,3801,2,,,0
3000,'5041',639,,2655,2,,,0,105,,3812,2,,,0,77,,3808,2,,,0,32,,2653,2,,,0,73,,3807,2,,,0,77,,2648,2,,,0,31,,2646,2,,,0,75,,2661,2,,,0,35,,2660,2,,,0,74,,2663,2,,,0,34,,2647,2,,,0,75,,2642,2,,,0,75,,3806,2,,,0,35,,2656,2,,,0,79,,3802,2,,,0,32,,3810,2,,,0,75,,2650,2,,,0,80,,2641,2,,,0,31,,2649,2,,,0,76,,3803,2,,,0,111,,3809,2,,,0,113,,3804,2,,,0,104,,3811,2,,,0,99,,3805,2,,,0
