2000,'5034',827,,2499,25,,,0,218,,2502,25,,,0,259,,2501,25,,,0,221,,2503,25,,,0,225,,2500,25,,,0
2000,'5035',602,,3758,25,0,9 12 2 5,0,108,,2517,25,0,9 12 2 5,0,107,,3759,25,0,9 12 2 5,0,38,,3749,25,,,0,149,,3750,25,,,0,110,,3751,25,,,0,105,,3752,25,0,9 12 2 5,0,115,,3753,25,,,0,78,,2509,25,,,0,110,,3754,25,,,0,20,,3755,25,0,9 12 2 5,0,160,,2512,25,0,9 12 2 5,0,117,,3756,25,,,0,136,,2514,25,0,9 12 2 5,0,203,,3757,25,0,9 12 2 5,0
2000,'5041',818,,2528,25,,,0,112,,2527,25,,,0,100,,2529,25,,,0,118,,2519,25,,,0,108,,2520,25,,,0,151,,2522,25,,,0,111,,2523,25,,,0,111,,3760,25,,,0,103,,3761,25,,,0,204,,2524,25,0,9 12 2 5,0,218,,2530,25,0,9 12 2 5,0,102,,2526,25,0,9 12 2 5,0
9200,'5038',1431,,4167,21,,,0,2,,3261,21,,,0
9200,'5039',1529,,4169,21,,,0,2,,4168,21,,,0
9200,'5040',1410,,4170,21,,,0,2,,3265,21,,,0
1002000,'5034',711,,4180,31,,,0,218,,3344,31,,,0,209,,3343,31,,,0,272,,3348,31,,,0,218,,3345,31,,,0,278,,3346,31,,,0
1002000,'5035',636,,3349,31,,,0,108,,4181,31,,,0,93,,4182,31,,,0,91,,4183,31,,,0,110,,3353,31,,,0,110,,3354,31,,,0,110,,4184,31,,,0,180,,3356,31,,,0,190,,3357,31,,,0,113,,3358,31,,,0,112,,3359,31,,,0,405,,3360,31,,,0
1002000,'5038',2058,,3361,31,,,0
1002000,'5039',2058,,3362,31,,,0
1002000,'5040',2058,,3363,31,,,0
1002000,'5041',635,,3369,31,,,0,112,,3370,31,,,0,110,,3365,31,,,0,147,,4186,31,,,0,114,,3373,31,,,0,106,,3371,31,,,0,100,,3366,31,,,0,112,,3374,31,,,0,118,,3367,31,,,0,150,,4187,31,,,0,125,,3368,31,,,0,225,,4185,31,,,0
