500,'5034',855,,1954,10,0,5,0,150,,3518,10,0,5,0,112,,3516,10,0,5,0,100,,3517,10,0,5,0,130,,3519,10,0,5,0,104,,1953,10,0,5,0,156,,1960,10,0,5,0,110,,1959,10,0,5,0,110,,1961,10,0,5,0,110,,1957,10,0,5,0
500,'5035',621,,3522,10,0,5,0,86,,1968,10,0,5,0,107,,3520,10,0,6 7,0,6,,1972,10,0,5,0,109,,1963,10,0,5,0,110,,1967,10,0,5,0,101,,1965,10,0,5,0,99,,1966,10,0,5,0,168,,3523,10,0,5,0,99,,3521,10,0,5,0,502,,3524,10,0,5,0,108,,3525,10,0,5,0,109,,1973,10,0,5,0,89,,1975,10,0,5,0
500,'5036',1853,,1977,10,0,5,0
500,'5038',1527,,3527,10,0,6 7,0,94,,3529,10,0,5,0,118,,3528,10,0,5,0
500,'5039',1527,,3530,10,0,6 7,0,94,,3532,10,0,5,0,118,,3531,10,0,5,0
500,'5040',1527,,3533,10,0,6 7,0,94,,3536,10,0,5,0,118,,3534,10,0,5,0,114,,3535,10,0,5,0
500,'5041',809,,1988,10,0,5,0,196,,3537,10,0,5,0,110,,1990,10,0,5,0,116,,1991,10,0,5,0,117,,3538,10,0,5,0,109,,1993,10,0,5,0,150,,3539,10,0,5,0,108,,1995,10,0,5,0,112,,1996,10,0,5,0,109,,3540,10,0,5,0,105,,3541,10,0,5,0,107,,1999,10,0,5,0,109,,2000,10,0,5,0
1500,'5034',759,,2431,12,,,0,153,,2430,12,,,0,110,,2428,12,,,0,111,,2426,12,,,0,109,,2432,12,,,0,109,,2424,12,,,0,150,,2427,12,,,0,110,,2423,12,,,0,110,,2433,12,,,0,109,,2429,12,,,0,111,,2425,12,,,0
1500,'5035',921,,2435,12,,,0,30,,2434,12,,,0,70,,2436,12,,,0,30,,3725,12,,,0,69,,3724,12,,,0,31,,3723,12,,,0,69,,3722,12,,,0,100,,2444,12,,,0,30,,2443,12,,,0,75,,2442,12,,,0,33,,2441,12,,,0,372,,3726,12,,,0,219,,3727,12,,,0
1500,'5038',1939,,2447,12,,,0
1500,'5039',1939,,2448,12,,,0
1500,'5040',1939,,2449,12,,,0
1500,'5041',759,,2457,12,,,0,150,,2452,12,,,0,110,,2460,12,,,0,108,,2456,12,,,0,119,,3730,12,,,0,105,,2453,12,,,0,150,,3731,12,,,0,110,,3732,12,,,0,114,,3728,12,,,0,106,,3729,12,,,0,110,,2454,12,,,0,107,,2461,12,,,0
1001500,'5035',703,,3323,17,,,0,35,,4171,17,,,0,77,,3322,17,,,0,33,,4172,17,,,0,401,,4173,17,,,0,285,,3327,17,,,0,76,,3328,17,,,0,37,,3325,17,,,0,76,,3326,17,,,0
1001500,'5037',1758,,4174,17,,,0
1001500,'5039',1758,,4175,17,,,0
