1500,'5034',750,,2431,9,,,0,153,,2430,9,,,0,110,,2428,9,,,0,111,,2426,9,,,0,109,,2432,9,,,0,109,,2424,9,,,0,110,,2427,9,,,0,150,,2423,9,,,0,110,,2433,9,,,0,109,,2429,9,,,0,111,,2425,9,,,0
1500,'5035',911,,2435,9,,,0,30,,2434,9,,,0,70,,2436,9,,,0,30,,3725,9,,,0,69,,3724,9,,,0,31,,3723,9,,,0,69,,3722,9,,,0,100,,2444,9,,,0,30,,2443,9,,,0,75,,2442,9,,,0,33,,2441,9,,,0,372,,3726,9,,,0,219,,3727,9,,,0
1500,'5038',1929,,2447,9,,,0
1500,'5039',1929,,2448,9,,,0
1500,'5040',1929,,2449,9,,,0
1500,'5041',750,,2457,9,,,0,150,,2452,9,,,0,110,,2460,9,,,0,108,,2456,9,,,0,119,,3730,9,,,0,105,,2453,9,,,0,110,,3731,9,,,0,150,,3732,9,,,0,114,,3728,9,,,0,106,,3729,9,,,0,110,,2454,9,,,0,107,,2461,9,,,0
3000,'5034',711,,2603,10,,,0,117,,3794,10,,,0,105,,3793,10,,,0,107,,2606,10,,,0,113,,2597,10,,,0,148,,2599,10,,,0,110,,2605,10,,,0,110,,2600,10,,,0,110,,3792,10,,,0,111,,2598,10,,,0,112,,2604,10,,,0
3000,'5035',616,,3797,10,,,0,35,,2630,10,,,0,56,,2631,10,,,0,17,,2626,10,,,0,17,,2632,10,,,0,17,,2629,10,,,0,57,,2633,10,,,0,18,,2627,10,,,0,76,,3795,10,,,0,35,,2609,10,,,0,74,,2610,10,,,0,35,,2611,10,,,0,74,,2612,10,,,0,74,,2613,10,,,0,35,,2614,10,,,0,74,,2615,10,,,0,34,,2616,10,,,0,75,,2617,10,,,0,111,,2618,10,,,0,110,,2619,10,,,0,116,,2620,10,,,0,76,,2621,10,,,0,110,,2622,10,,,0,103,,3796,10,,,0,101,,2624,10,,,0,102,,2625,10,,,0
3000,'5036',1455,,2634,10,,,0,265,,2635,10,,,0
3000,'5037',1606,,3798,10,,,0
3000,'5039',1606,,3799,10,,,0
3000,'5040',1455,,3800,10,,,0,265,,3801,10,,,0
3000,'5041',646,,2655,10,,,0,105,,3812,10,,,0,77,,3808,10,,,0,72,,2653,10,,,0,33,,3807,10,,,0,77,,2648,10,,,0,32,,2646,10,,,0,75,,2661,10,,,0,35,,2660,10,,,0,74,,2663,10,,,0,74,,2647,10,,,0,35,,2642,10,,,0,75,,3806,10,,,0,35,,2656,10,,,0,79,,3802,10,,,0,32,,3810,10,,,0,75,,2650,10,,,0,80,,2641,10,,,0,31,,2649,10,,,0,76,,3803,10,,,0,111,,3809,10,,,0,112,,3804,10,,,0,104,,3811,10,,,0,99,,3805,10,,,0
1001500,'5035',649,,3323,9,,,0,75,,4171,9,,,0,34,,3322,9,,,0,75,,4172,9,,,0,401,,4173,9,,,0,285,,3327,9,,,0,36,,3328,9,,,0,77,,3325,9,,,0,76,,3326,9,,,0
1001500,'5037',1743,,4174,9,,,0
1001500,'5039',1743,,4175,9,,,0
