2000,'5034',829,,2499,27,,,0,218,,2502,27,,,0,259,,2501,27,,,0,221,,2503,27,,,0,225,,2500,27,,,0
2000,'5035',604,,3758,27,0,9 12 2 5,0,108,,2517,27,0,9 12 2 5,0,107,,3759,27,0,9 12 2 5,0,38,,3749,27,,,0,149,,3750,27,,,0,110,,3751,27,,,0,105,,3752,27,0,9 12 2 5,0,115,,3753,27,,,0,78,,2509,27,,,0,110,,3754,27,,,0,20,,3755,27,0,9 12 2 5,0,160,,2512,27,0,9 12 2 5,0,117,,3756,27,,,0,136,,2514,27,0,9 12 2 5,0,243,,3757,27,0,9 12 2 5,0
2000,'5041',820,,2528,27,,,0,112,,2527,27,,,0,100,,2529,27,,,0,118,,2519,27,,,0,108,,2520,27,,,0,151,,2522,27,,,0,111,,2523,27,,,0,111,,3760,27,,,0,103,,3761,27,,,0,204,,2524,27,0,9 12 2 5,0,218,,2530,27,0,9 12 2 5,0,102,,2526,27,0,9 12 2 5,0
9200,'5038',1433,,4167,23,,,0,2,,3261,23,,,0
9200,'5039',1531,,4169,23,,,0,2,,4168,23,,,0
9200,'5040',1412,,4170,23,,,0,2,,3265,23,,,0
1002000,'5034',713,,4180,33,,,0,218,,3344,33,,,0,209,,3343,33,,,0,272,,3348,33,,,0,218,,3345,33,,,0,278,,3346,33,,,0
1002000,'5035',638,,3349,33,,,0,108,,4181,33,,,0,93,,4182,33,,,0,91,,4183,33,,,0,110,,3353,33,,,0,110,,3354,33,,,0,150,,4184,33,,,0,140,,3356,33,,,0,190,,3357,33,,,0,113,,3358,33,,,0,112,,3359,33,,,0,445,,3360,33,,,0
1002000,'5038',2100,,3361,33,,,0
1002000,'5039',2100,,3362,33,,,0
1002000,'5040',2100,,3363,33,,,0
1002000,'5041',637,,3369,33,,,0,112,,3370,33,,,0,110,,3365,33,,,0,147,,4186,33,,,0,114,,3373,33,,,0,106,,3371,33,,,0,100,,3366,33,,,0,112,,3374,33,,,0,118,,3367,33,,,0,150,,4187,33,,,0,125,,3368,33,,,0,225,,4185,33,,,0
