1500,'5034',747,,2431,6,,,0,153,,2430,6,,,0,110,,2428,6,,,0,111,,2426,6,,,0,109,,2432,6,,,0,109,,2424,6,,,0,110,,2427,6,,,0,110,,2423,6,,,0,150,,2433,6,,,0,109,,2429,6,,,0,111,,2425,6,,,0
1500,'5035',908,,2435,6,,,0,30,,2434,6,,,0,70,,2436,6,,,0,30,,3725,6,,,0,69,,3724,6,,,0,31,,3723,6,,,0,69,,3722,6,,,0,100,,2444,6,,,0,30,,2443,6,,,0,75,,2442,6,,,0,32,,2441,6,,,0,373,,3726,6,,,0,219,,3727,6,,,0
1500,'5038',1926,,2447,6,,,0
1500,'5039',1926,,2448,6,,,0
1500,'5040',1926,,2449,6,,,0
1500,'5041',747,,2457,6,,,0,110,,2452,6,,,0,150,,2460,6,,,0,108,,2456,6,,,0,119,,3730,6,,,0,105,,2453,6,,,0,110,,3731,6,,,0,110,,3732,6,,,0,154,,3728,6,,,0,106,,3729,6,,,0,110,,2454,6,,,0,107,,2461,6,,,0
3000,'5034',709,,2603,7,,,0,117,,3794,7,,,0,104,,3793,7,,,0,107,,2606,7,,,0,113,,2597,7,,,0,108,,2599,7,,,0,150,,2605,7,,,0,110,,2600,7,,,0,110,,3792,7,,,0,111,,2598,7,,,0,112,,2604,7,,,0
3000,'5035',613,,3797,7,,,0,35,,2630,7,,,0,56,,2631,7,,,0,17,,2626,7,,,0,17,,2632,7,,,0,17,,2629,7,,,0,57,,2633,7,,,0,18,,2627,7,,,0,76,,3795,7,,,0,35,,2609,7,,,0,74,,2610,7,,,0,35,,2611,7,,,0,74,,2612,7,,,0,34,,2613,7,,,0,75,,2614,7,,,0,74,,2615,7,,,0,34,,2616,7,,,0,75,,2617,7,,,0,111,,2618,7,,,0,110,,2619,7,,,0,116,,2620,7,,,0,76,,2621,7,,,0,110,,2622,7,,,0,103,,3796,7,,,0,101,,2624,7,,,0,102,,2625,7,,,0
3000,'5036',1451,,2634,7,,,0,266,,2635,7,,,0
3000,'5037',1603,,3798,7,,,0
3000,'5039',1603,,3799,7,,,0
3000,'5040',1451,,3800,7,,,0,266,,3801,7,,,0
3000,'5041',644,,2655,7,,,0,105,,3812,7,,,0,77,,3808,7,,,0,31,,2653,7,,,0,73,,3807,7,,,0,77,,2648,7,,,0,32,,2646,7,,,0,75,,2661,7,,,0,35,,2660,7,,,0,74,,2663,7,,,0,34,,2647,7,,,0,75,,2642,7,,,0,75,,3806,7,,,0,35,,2656,7,,,0,79,,3802,7,,,0,32,,3810,7,,,0,75,,2650,7,,,0,80,,2641,7,,,0,31,,2649,7,,,0,76,,3803,7,,,0,111,,3809,7,,,0,112,,3804,7,,,0,104,,3811,7,,,0,100,,3805,7,,,0
1001500,'5035',646,,3323,6,,,0,75,,4171,6,,,0,34,,3322,6,,,0,75,,4172,6,,,0,401,,4173,6,,,0,285,,3327,6,,,0,36,,3328,6,,,0,77,,3325,6,,,0,76,,3326,6,,,0
1001500,'5037',1740,,4174,6,,,0
1001500,'5039',1740,,4175,6,,,0
