2000,'5034',844,,2499,41,,,0,259,,2502,41,,,0,219,,2501,41,,,0,221,,2503,41,,,0,264,,2500,41,,,0
2000,'5035',630,,3758,58,,,0,110,,2517,58,,,0,108,,3759,58,,,0,66,,3749,41,,,0,110,,3750,41,,,0,110,,3751,41,,,0,117,,3752,58,,,0,103,,3753,41,,,0,78,,2509,41,,,0,110,,3754,41,,,0,74,,3755,58,,,0,119,,2512,58,,,0,103,,3756,41,,,0,187,,2514,58,,,0,201,,3757,58,,,0
2000,'5041',837,,2528,41,,,0,112,,2527,41,,,0,101,,2529,41,,,0,158,,2519,41,,,0,108,,2520,41,,,0,112,,2522,41,,,0,111,,2523,41,,,0,110,,3760,41,,,0,103,,3761,41,,,0,253,,2524,58,,,0,216,,2530,58,,,0,102,,2526,58,,,0
2500,'5034',811,,3773,23,0,5,0,210,,3774,23,0,13 14,0,215,,2567,23,0,13 14,0,515,,2568,23,0,5,0,260,,2569,23,0,13 14,0
2500,'5035',815,,2570,23,0,5,0,207,,3775,23,0,13 14,0,226,,2572,23,0,5,0,165,,3776,23,0,13 14,0,333,,2574,23,0,13 14,0
2500,'5041',811,,3777,23,0,5,0,210,,3779,23,0,13 14,0,215,,3778,23,0,13 14,0,515,,3780,23,0,5,0,260,,2575,23,0,13 14,0
1002000,'5034',738,,4180,64,,,0,220,,3344,64,,,0,250,,3343,64,,,0,233,,3348,64,,,0,217,,3345,64,,,0,276,,3346,64,,,0
1002000,'5035',654,,3349,47,,,0,150,,4181,47,,,0,104,,4182,64,,,0,40,,4183,47,,,0,111,,3353,47,,,0,150,,3354,47,,,0,110,,4184,47,,,0,193,,3356,64,,,0,137,,3357,47,,,0,153,,3358,47,,,0,111,,3359,47,,,0,413,,3360,64,,,0
1002000,'5038',2126,,3361,64,,,0
1002000,'5039',2126,,3362,64,,,0
1002000,'5040',2126,,3363,64,,,0
1002000,'5041',702,,3369,64,,,0,112,,3370,64,,,0,111,,3365,64,,,0,108,,4186,64,,,0,115,,3373,64,,,0,106,,3371,64,,,0,101,,3366,64,,,0,152,,3374,64,,,0,117,,3367,64,,,0,110,,4187,64,,,0,125,,3368,64,,,0,262,,4185,64,,,0
