2001,'5034',911,,2531,12,,,0,227,,2533,12,,,0,219,,2532,12,,,0,249,,2534,12,,,0,225,,3762,12,,,0
2001,'5035',650,,3769,12,,,0,86,,3770,12,0,9 10 11,0,71,,2547,12,0,9 10 11,0,105,,3763,12,,,0,109,,3764,12,,,0,110,,3765,12,,,0,111,,3766,12,,,0,260,,3767,12,0,9 10 11,0,110,,2541,12,,,0,110,,2542,12,,,0,219,,3768,12,,,0,403,,2544,12,0,9 10 11,0
2001,'5038',1827,,2548,12,0,9 10 11,0,319,,2549,12,0,9 10 11,0
2001,'5039',1827,,2550,12,0,9 10 11,0,319,,2551,12,0,9 10 11,0
2001,'5040',1827,,2552,12,0,9 10 11,0,319,,2553,12,0,9 10 11,0
2001,'5041',921,,2560,12,,,0,88,,2564,12,,,0,105,,3772,12,,,0,128,,2554,12,,,0,115,,2563,12,,,0,102,,2557,12,,,0,147,,2562,12,,,0,103,,2558,12,,,0,111,,3771,12,,,0,324,,2559,12,0,9 10 11,0,199,,2556,12,0,9 10 11,0
2501,'5034',832,,3781,12,,,0,220,,3782,13,,,0,255,,2582,13,,,0,505,,2583,12,,,0,230,,2584,13,,,0
2501,'5035',835,,2585,12,,,0,216,,3783,13,,,0,257,,3784,12,,,0,134,,3785,13,,,0,373,,2589,13,,,0
2501,'5037',2040,,3786,12,,,0
2501,'5039',2040,,3787,12,,,0
2501,'5041',832,,3788,12,,,0,220,,3790,13,,,0,255,,3789,13,,,0,505,,3791,12,,,0,230,,2592,13,,,0
1002001,'5034',758,,3381,12,,,0,252,,3380,12,,,0,232,,4188,12,,,0,262,,4189,12,,,0,217,,3377,12,,,0,305,,3379,12,,,0
1002001,'5035',725,,4190,12,,,0,111,,4191,12,,,0,94,,4192,12,,,0,126,,3385,12,,,0,150,,4193,12,,,0,111,,3387,12,,,0,35,,3388,12,,,0,75,,4194,12,,,0,110,,3390,12,,,0,110,,4195,12,,,0,111,,4196,12,,,0,148,,3393,12,,,0,138,,4197,12,,,0,201,,3395,12,,,0
1002001,'5041',722,,3400,12,,,0,113,,4200,12,,,0,111,,3396,12,,,0,111,,4199,12,,,0,143,,4204,12,,,0,117,,3406,12,,,0,110,,4198,12,,,0,104,,3403,12,,,0,116,,3398,12,,,0,109,,4202,12,,,0,164,,4201,12,,,0,103,,4205,12,,,0,219,,4203,12,,,0
