2000,'4623',1721,,5099,46,,,0
2000,'5014',619,,5111,46,,,0,108,,6651,46,,,0,108,,5113,46,,,0,23,,6648,29,,,0,149,,5101,29,,,0,110,,5102,29,,,0,120,,5103,46,,,0,100,,5104,29,,,0,78,,5105,29,,,0,110,,6649,29,,,0,77,,5107,46,,,0,220,,6650,29,,,0,190,,5109,46,,,0,203,,5110,46,,,0
2000,'5015',821,,6655,29,,,0,112,,5122,29,,,0,100,,6656,29,,,0,118,,5114,29,,,0,108,,5115,29,,,0,151,,5117,29,,,0,111,,6653,29,,,0,111,,6652,29,,,0,103,,5120,29,,,0,217,,6654,46,,,0,258,,6657,46,,,0,102,,5121,46,,,0
2000,'5221',830,,5126,29,,,0,218,,5129,29,,,0,259,,5128,29,,,0,221,,5130,29,,,0,225,,5127,29,,,0
2000,'5222',1721,,5131,46,,,0
1002000,'4623',1041,,6931,35,,,0,417,,5857,52,,,0
1002000,'5014',639,,5858,35,,,0,108,,5859,35,,,0,184,,5860,35,,,0,220,,5861,35,,,0,150,,5862,35,,,0,330,,5863,35,,,0,113,,5864,35,,,0,112,,5865,35,,,0,259,,5866,52,,,0,200,,5867,52,,,0
1002000,'5015',651,,6932,52,,,0,152,,6933,52,,,0,110,,5869,52,,,0,107,,5876,52,,,0,115,,5877,52,,,0,106,,5875,52,,,0,100,,5870,52,,,0,112,,5878,52,,,0,158,,5871,52,,,0,110,,5879,52,,,0,125,,5872,52,,,0,264,,5868,52,,,0
1002000,'5221',727,,5884,52,,,0,218,,5881,52,,,0,210,,5880,52,,,0,272,,5885,52,,,0,218,,5882,52,,,0,277,,5883,52,,,0
1002000,'5222',1041,,6934,35,,,0,417,,5887,52,,,0
