2000,'5034',823,,2499,17,,,0,218,,2502,17,,,0,259,,2501,17,,,0,220,,2503,17,,,0,225,,2500,17,,,0
2000,'5035',558,,3758,17,0,9 12 2 5,0,148,,2517,17,0,9 12 2 5,0,105,,3759,17,0,9 12 2 5,0,39,,3749,17,,,0,150,,3750,17,,,0,110,,3751,17,,,0,105,,3752,17,0,9 12 2 5,0,114,,3753,17,,,0,78,,2509,17,,,0,110,,3754,17,,,0,20,,3755,17,0,9 12 2 5,0,120,,2512,17,0,9 12 2 5,0,158,,3756,17,,,0,136,,2514,17,0,9 12 2 5,0,203,,3757,17,0,9 12 2 5,0
2000,'5041',814,,2528,17,,,0,112,,2527,17,,,0,100,,2529,17,,,0,118,,2519,17,,,0,108,,2520,17,,,0,151,,2522,17,,,0,111,,2523,17,,,0,111,,3760,17,,,0,103,,3761,17,,,0,204,,2524,17,0,9 12 2 5,0,218,,2530,17,0,9 12 2 5,0,102,,2526,17,0,9 12 2 5,0
9200,'5038',1425,,4167,13,,,0,2,,3261,13,,,0
9200,'5039',1524,,4169,13,,,0,2,,4168,13,,,0
9200,'5040',1405,,4170,13,,,0,2,,3265,13,,,0
1002000,'5034',707,,4180,23,,,0,218,,3344,23,,,0,209,,3343,23,,,0,271,,3348,23,,,0,218,,3345,23,,,0,279,,3346,23,,,0
1002000,'5035',632,,3349,23,,,0,107,,4181,23,,,0,93,,4182,23,,,0,92,,4183,23,,,0,110,,3353,23,,,0,110,,3354,23,,,0,110,,4184,23,,,0,178,,3356,23,,,0,191,,3357,23,,,0,113,,3358,23,,,0,113,,3359,23,,,0,405,,3360,23,,,0
1002000,'5038',2054,,3361,23,,,0
1002000,'5039',2054,,3362,23,,,0
1002000,'5040',2054,,3363,23,,,0
1002000,'5041',631,,3369,23,,,0,112,,3370,23,,,0,110,,3365,23,,,0,147,,4186,23,,,0,114,,3373,23,,,0,106,,3371,23,,,0,100,,3366,23,,,0,112,,3374,23,,,0,118,,3367,23,,,0,150,,4187,23,,,0,125,,3368,23,,,0,225,,4185,23,,,0
