2000,'4623',1709,,5099,32,0,9 12 2 5,0
2000,'5014',608,,5111,32,0,9 12 2 5,0,108,,6651,32,0,9 12 2 5,0,108,,5113,32,0,9 12 2 5,0,402,,5103,32,0,9 12 2 5,0,323,,5107,32,0,9 12 2 5,0,452,,5109,32,0,9 12 2 5,0,203,,5110,32,0,9 12 2 5,0
2000,'5015',1942,,6654,32,0,9 12 2 5,0,258,,6657,32,0,9 12 2 5,0,102,,5121,32,0,9 12 2 5,0
2000,'5222',1709,,5131,32,0,9 12 2 5,0
2001,'5014',819,,6663,24,0,9 10 11,0,695,,5136,24,0,9 10 11,0,322,,6659,24,0,9 10 11,0,319,,5141,24,0,9 10 11,0,198,,6661,24,0,9 10 11,0
2001,'5015',2153,,5150,24,0,9 10 11,0,199,,5147,24,0,9 10 11,0
7201,'4623',1508,,6899,27,,,0
7201,'5014',731,,5682,27,,,0,78,,5680,27,,,0,34,,5681,27,,,0,74,,5658,27,,,0,35,,5659,27,,,0,75,,5661,27,,,0,76,,5663,27,,,0,35,,5660,27,,,0,75,,5664,27,,,0,35,,5662,27,,,0,75,,5665,27,,,0,35,,5666,27,,,0,75,,5667,27,,,0,110,,5668,27,,,0,75,,6900,27,,,0,35,,6901,27,,,0,75,,5671,27,,,0,74,,5672,27,,,0,35,,5673,27,,,0,75,,5675,27,,,0,35,,6903,27,,,0,105,,6904,27,,,0,100,,6902,27,,,0,98,,6905,27,,,0,99,,6906,27,,,0
7201,'5015',736,,5685,27,,,0,110,,6907,27,,,0,96,,6909,27,,,0,78,,5686,27,,,0,33,,6910,27,,,0,75,,5687,27,,,0,75,,5693,27,,,0,35,,6908,27,,,0,75,,5694,27,,,0,43,,5696,27,,,0,67,,6911,27,,,0,83,,5698,27,,,0,27,,5699,27,,,0,83,,6912,27,,,0,27,,5684,27,,,0,77,,5701,27,,,0,32,,6913,27,,,0,75,,6914,27,,,0,74,,6915,27,,,0,35,,5706,27,,,0,96,,5705,27,,,0,122,,5689,27,,,0,100,,5690,27,,,0,99,,5691,27,,,0
7201,'5221',809,,6916,27,,,0,113,,5709,27,,,0,111,,5711,27,,,0,116,,6917,27,,,0,104,,5710,27,,,0,155,,5714,27,,,0,107,,5715,27,,,0,111,,5716,27,,,0,106,,5717,27,,,0,110,,5708,27,,,0,114,,5713,27,,,0
7201,'5222',1508,,6918,27,,,0
1002000,'4623',1445,,5857,38,,,0
1002000,'5014',2104,,5866,38,,,0,200,,5867,38,,,0
1002000,'5015',641,,6932,38,,,0,112,,6933,38,,,0,150,,5869,38,,,0,107,,5876,38,,,0,114,,5877,38,,,0,106,,5875,38,,,0,100,,5870,38,,,0,112,,5878,38,,,0,158,,5871,38,,,0,110,,5879,38,,,0,125,,5872,38,,,0,265,,5868,38,,,0
1002000,'5221',717,,5884,38,,,0,218,,5881,38,,,0,209,,5880,38,,,0,272,,5885,38,,,0,218,,5882,38,,,0,278,,5883,38,,,0
1002000,'5222',1445,,5887,38,,,0
1002001,'4623',940,,6935,24,,,0,608,,5889,24,,,0
1002001,'5014',1404,,5895,24,,,0,35,,5896,24,,,0,218,,5897,24,,,0,396,,5900,24,,,0,201,,5901,24,,,0
1002001,'5015',731,,6939,24,,,0,113,,5907,24,,,0,111,,6938,24,,,0,151,,5905,24,,,0,103,,6941,24,,,0,117,,5912,24,,,0,110,,5903,24,,,0,104,,5909,24,,,0,116,,5904,24,,,0,149,,5910,24,,,0,124,,5908,24,,,0,103,,6942,24,,,0,219,,6940,24,,,0
1002001,'5221',807,,6945,24,,,0,212,,5919,24,,,0,232,,6943,24,,,0,262,,5917,24,,,0,217,,6944,24,,,0,305,,5918,24,,,0
1002001,'5222',940,,6946,24,,,0,608,,5922,24,,,0
