101,'5014',632,,4505,3,,,0,70,,6476,3,,,0,19,,6477,3,,,0,20,,4502,3,,,0,61,,4506,3,,,0,19,,4507,3,,,0,17,,4501,3,,,0,65,,4500,3,,,0,32,,4497,3,,,0,72,,4495,3,,,0,25,,4499,3,,,0,70,,4486,3,,,0,26,,6474,3,,,0,74,,6468,3,,,0,34,,4494,3,,,0,66,,6480,3,,,0,33,,6472,3,,,0,67,,6470,3,,,0,33,,4492,3,,,0,15,,4514,3,,,0,60,,6469,3,,,0,25,,4475,3,,,0,17,,6475,3,,,0,61,,6466,3,,,0,22,,4485,3,,,0,17,,4476,3,,,0,60,,6471,3,,,0,25,,4489,3,,,0,15,,4515,3,,,0,58,,6473,3,,,0,32,,6467,3,,,0,65,,4510,3,,,0,30,,4481,3,,,0,70,,4509,3,,,0,30,,4482,3,,,0,70,,4512,3,,,0,30,,4483,3,,,0,70,,6478,3,,,0,30,,4484,3,,,0,70,,6479,3,,,0,32,,4479,3,,,0,84,,4478,3,,,0
101,'5015',706,,6488,3,,,0,30,,6501,3,,,0,70,,4531,3,,,0,27,,4536,3,,,0,73,,6485,3,,,0,22,,4522,3,,,0,80,,6493,3,,,0,28,,6489,3,,,0,69,,6481,3,,,0,31,,6483,3,,,0,68,,4542,3,,,0,32,,4533,3,,,0,71,,4524,3,,,0,30,,6495,3,,,0,70,,4535,3,,,0,30,,4523,3,,,0,70,,4544,3,,,0,30,,4539,3,,,0,70,,4518,3,,,0,33,,6487,3,,,0,67,,4521,3,,,0,30,,6490,3,,,0,70,,4545,3,,,0,30,,6496,3,,,0,70,,6491,3,,,0,30,,6492,3,,,0,69,,6484,3,,,0,32,,6497,3,,,0,68,,6482,3,,,0,37,,6499,3,,,0,63,,6494,3,,,0,30,,6500,3,,,0,70,,6498,3,,,0,31,,6486,3,,,0,80,,4541,3,,,0
101,'5221',752,,4561,3,,,0,70,,6507,3,,,0,30,,4564,3,,,0,68,,4563,3,,,0,32,,6510,3,,,0,72,,6506,3,,,0,31,,4570,3,,,0,73,,4573,3,,,0,28,,4554,3,,,0,70,,4558,3,,,0,30,,6509,3,,,0,70,,4575,3,,,0,30,,4574,3,,,0,70,,4553,3,,,0,30,,4565,3,,,0,70,,4559,3,,,0,30,,6505,3,,,0,70,,6503,3,,,0,30,,4562,3,,,0,70,,6504,3,,,0,30,,4577,3,,,0,70,,4576,3,,,0,30,,4568,3,,,0,70,,6502,3,,,0,30,,4569,3,,,0,70,,4578,3,,,0,81,,6508,3,,,0
2001,'5014',641,,6662,3,,,0,117,,6663,3,0,9 10 11,0,145,,5132,3,,,0,109,,6658,3,,,0,110,,5134,3,,,0,110,,5135,3,,,0,220,,5136,3,0,9 10 11,0,150,,5137,3,,,0,110,,5138,3,,,0,106,,6659,3,0,9 10 11,0,114,,6660,3,,,0,205,,5141,3,0,9 10 11,0,199,,6661,3,0,9 10 11,0
2001,'5015',912,,6665,3,,,0,88,,5155,3,,,0,105,,6666,3,,,0,127,,6664,3,,,0,115,,5154,3,,,0,102,,5148,3,,,0,107,,5153,3,,,0,144,,5149,3,,,0,111,,5146,3,,,0,324,,5150,3,0,9 10 11,0,200,,5147,3,0,9 10 11,0
2001,'5221',902,,5156,3,,,0,226,,5158,3,,,0,219,,5157,3,,,0,209,,5159,3,,,0,266,,5160,3,,,0
2501,'5014',821,,5176,3,,,0,216,,6670,4,,,0,217,,5178,3,,,0,174,,5179,4,,,0,373,,5180,4,,,0,225,,5181,3,,,0
2501,'5015',817,,6671,3,,,0,220,,5185,4,,,0,215,,5184,4,,,0,505,,5186,3,,,0,270,,5182,4,,,0
2501,'5221',817,,5187,3,,,0,220,,5188,4,,,0,215,,5189,4,,,0,505,,5190,3,,,0,270,,5191,4,,,0
3001,'5014',623,,6699,3,,,0,85,,5277,3,,,0,36,,6701,3,,,0,75,,6700,3,,,0,35,,5254,3,,,0,74,,5255,3,,,0,75,,5256,3,,,0,35,,6692,3,,,0,75,,5258,3,,,0,35,,5259,3,,,0,75,,5261,3,,,0,35,,5262,3,,,0,75,,5263,3,,,0,75,,6693,3,,,0,35,,5264,3,,,0,77,,5265,3,,,0,35,,6694,3,,,0,75,,5267,3,,,0,75,,6695,3,,,0,35,,5269,3,,,0,75,,5270,3,,,0,35,,5271,3,,,0,76,,5273,3,,,0,109,,6697,3,,,0,101,,6698,3,,,0,97,,6696,3,,,0,100,,5276,3,,,0
3001,'5015',734,,6709,3,,,0,107,,5291,3,,,0,77,,6706,3,,,0,36,,5293,3,,,0,77,,5290,3,,,0,75,,5295,3,,,0,35,,5284,3,,,0,76,,5301,3,,,0,35,,5302,3,,,0,76,,5282,3,,,0,75,,5285,3,,,0,31,,6704,3,,,0,77,,6708,3,,,0,35,,5296,3,,,0,76,,6703,3,,,0,33,,6711,3,,,0,75,,5281,3,,,0,76,,5303,3,,,0,35,,6702,3,,,0,75,,5288,3,,,0,108,,6707,3,,,0,110,,5283,3,,,0,100,,6710,3,,,0,102,,6705,3,,,0
3001,'5221',759,,5311,3,,,0,161,,5308,3,,,0,110,,5305,3,,,0,110,,5314,3,,,0,109,,6714,3,,,0,110,,5315,3,,,0,152,,6715,3,,,0,109,,6713,3,,,0,111,,5309,3,,,0,104,,6712,3,,,0,115,,5310,3,,,0
7201,'4623',1448,,6899,3,,,0
7201,'5014',712,,5682,3,,,0,35,,5680,3,,,0,75,,5681,3,,,0,34,,5658,3,,,0,77,,5659,3,,,0,75,,5661,3,,,0,35,,5663,3,,,0,75,,5660,3,,,0,35,,5664,3,,,0,75,,5662,3,,,0,75,,5665,3,,,0,35,,5666,3,,,0,75,,5667,3,,,0,110,,5668,3,,,0,35,,6900,3,,,0,75,,6901,3,,,0,75,,5671,3,,,0,35,,5672,3,,,0,75,,5673,3,,,0,36,,5675,3,,,0,75,,6903,3,,,0,105,,6904,3,,,0,100,,6902,3,,,0,99,,6905,3,,,0,100,,6906,3,,,0
7201,'5015',718,,5685,3,,,0,109,,6907,3,,,0,95,,6909,3,,,0,78,,5686,3,,,0,32,,6910,3,,,0,75,,5687,3,,,0,35,,5693,3,,,0,75,,6908,3,,,0,35,,5694,3,,,0,83,,5696,3,,,0,67,,6911,3,,,0,43,,5698,3,,,0,67,,5699,3,,,0,43,,6912,3,,,0,67,,5684,3,,,0,37,,5701,3,,,0,73,,6913,3,,,0,75,,6914,3,,,0,35,,6915,3,,,0,75,,5706,3,,,0,97,,5705,3,,,0,123,,5689,3,,,0,100,,5690,3,,,0,100,,5691,3,,,0
7201,'5221',750,,6916,3,,,0,152,,5709,3,,,0,111,,5711,3,,,0,115,,6917,3,,,0,104,,5710,3,,,0,115,,5714,3,,,0,107,,5715,3,,,0,151,,5716,3,,,0,106,,5717,3,,,0,111,,5708,3,,,0,115,,5713,3,,,0
7201,'5222',1448,,6918,3,,,0
1002001,'4623',921,,6935,3,,,0,606,,5889,3,,,0
1002001,'5014',716,,5890,3,,,0,111,,5891,3,,,0,220,,5892,3,,,0,110,,6936,3,,,0,150,,5894,3,,,0,35,,5895,3,,,0,75,,5896,3,,,0,220,,5897,3,,,0,112,,6937,3,,,0,108,,5899,3,,,0,178,,5900,3,,,0,201,,5901,3,,,0
1002001,'5015',713,,6939,3,,,0,113,,5907,3,,,0,111,,6938,3,,,0,111,,5905,3,,,0,103,,6941,3,,,0,156,,5912,3,,,0,110,,5903,3,,,0,104,,5909,3,,,0,117,,5904,3,,,0,109,,5910,3,,,0,164,,5908,3,,,0,103,,6942,3,,,0,219,,6940,3,,,0
1002001,'5221',749,,6945,3,,,0,251,,5919,3,,,0,232,,6943,3,,,0,222,,5917,3,,,0,258,,6944,3,,,0,305,,5918,3,,,0
1002001,'5222',921,,6946,3,,,0,606,,5922,3,,,0
