501,'5034',842,,2005,15,,,0,110,,3544,15,,,0,152,,3542,15,,,0,100,,3543,15,,,0,130,,3545,15,,,0,104,,2004,15,,,0,116,,2011,15,,,0,150,,2010,15,,,0,110,,2012,15,,,0,110,,2008,15,,,0,110,,2006,15,,,0
501,'5035',653,,2017,15,,,0,151,,2021,15,,,0,110,,2013,15,,,0,110,,2018,15,,,0,101,,2015,15,,,0,99,,2016,15,,,0,128,,3548,15,,,0,98,,3546,15,,,0,504,,3547,15,,,0,149,,3549,15,,,0,109,,2022,15,,,0,89,,2024,15,,,0,54,,3550,2,,,0
501,'5036',1839,,2026,15,,,0
501,'5038',1510,,3551,2,,,0,95,,3552,15,,,0,119,,3553,15,,,0
501,'5039',1510,,3554,2,,,0,95,,3555,15,,,0,119,,3556,15,,,0
501,'5040',1510,,3557,2,,,0,95,,3559,15,,,0,119,,3560,15,,,0,115,,3558,15,,,0
501,'5041',755,,2039,15,,,0,196,,3561,15,,,0,150,,2041,15,,,0,116,,2042,15,,,0,117,,3562,15,,,0,109,,2044,15,,,0,110,,3563,15,,,0,149,,2046,15,,,0,112,,2047,15,,,0,109,,3564,15,,,0,105,,3565,15,,,0,107,,2050,15,,,0,109,,2038,15,,,0,110,,2037,2,,,0
600,'5034',702,,3566,2,,,0,110,,2060,2,,,0,110,,2059,2,,,0,110,,2057,2,,,0,111,,2054,2,,,0,109,,2061,2,,,0,150,,2051,2,,,0,110,,2058,2,,,0,111,,2056,2,,,0,111,,2062,2,,,0,107,,2055,2,,,0,111,,2053,2,,,0
600,'5035',626,,3573,2,,,0,88,,3570,2,,,0,28,,2065,2,,,0,72,,2063,2,,,0,86,,2069,2,,,0,113,,2074,2,,,0,119,,3567,2,,,0,121,,2075,2,,,0,155,,3568,2,,,0,94,,2068,2,,,0,23,,3569,2,,,0,229,,2072,2,,,0,153,,3571,2,,,0,114,,3572,2,,,0,114,,2077,2,,,0,111,,3574,2,,,0,91,,2079,2,,,0
600,'5038',1640,,2080,2,,,0
600,'5039',1640,,2081,2,,,0
600,'5040',1640,,2082,2,,,0
600,'5041',702,,2088,2,,,0,110,,2091,2,,,0,109,,2085,2,,,0,110,,2095,2,,,0,107,,2086,2,,,0,119,,2089,2,,,0,145,,3578,2,,,0,112,,2092,2,,,0,108,,3579,2,,,0,116,,3575,2,,,0,104,,3577,2,,,0,110,,3576,2,,,0,150,,2096,2,,,0,110,,2097,2,,,0,100,,2093,2,,,0
