2000,'5035',614,,3758,39,,,0,108,,2517,39,,,0,108,,3759,39,,,0,402,,3752,39,,,0,324,,3755,39,,,0,159,,2512,39,,,0,292,,2514,39,,,0,203,,3757,39,,,0
2000,'5041',1947,,2524,39,,,0,258,,2530,39,,,0,102,,2526,39,,,0
2001,'5035',752,,3770,31,,,0,73,,2547,31,,,0,696,,3767,31,,,0,837,,2544,31,,,0
2001,'5038',1842,,2548,31,,,0,359,,2549,31,,,0
2001,'5039',1842,,2550,31,,,0,359,,2551,31,,,0
2001,'5040',1842,,2552,31,,,0,359,,2553,31,,,0
2001,'5041',2159,,2559,31,,,0,199,,2556,31,,,0
4001,'5034',723,,2932,31,,,0,107,,2920,31,,,0,121,,3986,31,,,0,150,,2929,31,,,0,36,,3982,31,,,0,75,,2916,31,,,0,38,,3979,31,,,0,72,,3980,31,,,0,35,,3988,31,,,0,75,,2917,31,,,0,75,,3984,31,,,0,37,,2921,31,,,0,68,,2924,31,,,0,40,,2915,31,,,0,75,,3987,31,,,0,75,,3985,31,,,0,34,,3989,31,,,0,69,,2918,31,,,0,40,,3981,31,,,0,75,,3983,31,,,0
4001,'5035',652,,2984,31,,,0,72,,4033,31,,,0,33,,4037,31,,,0,56,,4034,31,,,0,15,,4035,31,,,0,18,,4036,31,,,0,56,,3999,31,,,0,14,,4002,31,,,0,14,,4003,31,,,0,14,,4004,31,,,0,15,,4000,31,,,0,55,,4001,31,,,0,15,,4005,31,,,0,15,,4006,31,,,0,15,,4007,31,,,0,56,,4008,31,,,0,15,,4009,31,,,0,15,,4010,31,,,0,56,,4011,31,,,0,15,,4012,31,,,0,17,,4013,31,,,0,15,,2959,31,,,0,55,,2960,31,,,0,15,,4014,31,,,0,15,,2962,31,,,0,15,,4015,31,,,0,55,,4016,31,,,0,16,,4017,31,,,0,15,,4018,31,,,0,15,,4019,31,,,0,55,,4020,31,,,0,15,,4021,31,,,0,15,,4022,31,,,0,15,,4023,31,,,0,55,,4024,31,,,0,15,,2973,31,,,0,15,,4025,31,,,0,15,,4026,31,,,0,54,,2976,31,,,0,14,,4027,31,,,0,15,,4038,31,,,0,15,,4030,31,,,0,54,,2981,31,,,0,14,,4028,31,,,0,15,,4029,31,,,0,15,,4031,31,,,0,55,,4032,31,,,0,16,,2943,31,,,0,20,,3998,31,,,0,20,,3993,31,,,0,60,,3997,31,,,0,88,,2936,31,,,0,30,,3996,31,,,0,70,,3992,31,,,0,28,,3995,31,,,0,69,,3991,31,,,0,30,,3994,31,,,0,70,,3990,31,,,0
4001,'5037',2035,,4039,31,,,0
4001,'5039',2035,,4040,31,,,0
4001,'5041',721,,3020,31,,,0,84,,3009,31,,,0,34,,3017,31,,,0,74,,4054,31,,,0,37,,3006,31,,,0,77,,4053,31,,,0,76,,4041,31,,,0,35,,4055,31,,,0,76,,4044,31,,,0,36,,3003,31,,,0,75,,3004,31,,,0,76,,3016,31,,,0,35,,2995,31,,,0,71,,3011,31,,,0,37,,3005,31,,,0,75,,4052,31,,,0,35,,4045,31,,,0,73,,4049,31,,,0,75,,4051,31,,,0,35,,3000,31,,,0,74,,4046,31,,,0,35,,4043,31,,,0,74,,3018,31,,,0,34,,4047,31,,,0,74,,4056,31,,,0,75,,4050,31,,,0,100,,4042,31,,,0,101,,4048,31,,,0
7200,'5034',718,,3077,3,,,0,105,,4103,3,,,0,113,,3069,3,,,0,105,,3071,3,,,0,160,,3070,3,,,0,99,,3072,3,,,0,120,,3073,3,,,0,102,,3074,3,,,0,114,,3075,3,,,0,110,,4104,3,,,0,110,,3068,3,,,0
7200,'5035',633,,3101,3,,,0,75,,4115,3,,,0,33,,3099,3,,,0,76,,4114,3,,,0,34,,3078,3,,,0,75,,3079,3,,,0,75,,3080,3,,,0,35,,4105,3,,,0,75,,3082,3,,,0,35,,4106,3,,,0,75,,3084,3,,,0,35,,4107,3,,,0,75,,3086,3,,,0,75,,4108,3,,,0,35,,3088,3,,,0,75,,3089,3,,,0,35,,3090,3,,,0,75,,4109,3,,,0,75,,4110,3,,,0,115,,4111,3,,,0,35,,3094,3,,,0,152,,4112,3,,,0,102,,4113,3,,,0,100,,3097,3,,,0
7200,'5036',1739,,3102,3,,,0
7200,'5037',2305,,4116,3,,,0
7200,'5039',2305,,4117,3,,,0
7200,'5040',1739,,4118,3,,,0
7200,'5041',659,,3129,3,,,0,95,,4119,3,,,0,88,,3114,3,,,0,61,,3107,3,,,0,48,,4120,3,,,0,76,,3109,3,,,0,74,,4121,3,,,0,43,,3110,3,,,0,67,,4122,3,,,0,42,,3111,3,,,0,68,,3118,3,,,0,83,,3119,3,,,0,27,,3120,3,,,0,84,,3121,3,,,0,26,,3122,3,,,0,84,,3123,3,,,0,26,,3108,3,,,0,78,,4123,3,,,0,72,,4124,3,,,0,35,,4125,3,,,0,108,,4126,3,,,0,156,,4127,3,,,0,102,,3112,3,,,0,100,,3113,3,,,0
1002000,'5034',722,,4180,45,,,0,218,,3344,45,,,0,210,,3343,45,,,0,272,,3348,45,,,0,218,,3345,45,,,0,277,,3346,45,,,0
1002000,'5035',850,,4182,45,,,0,602,,3356,45,,,0,858,,3360,45,,,0
1002000,'5038',2110,,3361,45,,,0
1002000,'5039',2110,,3362,45,,,0
1002000,'5040',2110,,3363,45,,,0
1002000,'5041',646,,3369,45,,,0,112,,3370,45,,,0,150,,3365,45,,,0,107,,4186,45,,,0,115,,3373,45,,,0,106,,3371,45,,,0,100,,3366,45,,,0,112,,3374,45,,,0,158,,3367,45,,,0,110,,4187,45,,,0,125,,3368,45,,,0,264,,4185,45,,,0
1002001,'5034',813,,3381,31,,,0,212,,3380,31,,,0,232,,4188,31,,,0,262,,4189,31,,,0,217,,3377,31,,,0,305,,3379,31,,,0
1002001,'5035',946,,4192,31,,,0,464,,3388,31,,,0,36,,4194,31,,,0,108,,3390,31,,,0,149,,4195,31,,,0,356,,4197,31,,,0,200,,3395,31,,,0
1002001,'5041',737,,3400,31,,,0,113,,4200,31,,,0,151,,3396,31,,,0,111,,4199,31,,,0,103,,4204,31,,,0,117,,3406,31,,,0,110,,4198,31,,,0,104,,3403,31,,,0,156,,3398,31,,,0,109,,4202,31,,,0,124,,4201,31,,,0,103,,4205,31,,,0,219,,4203,31,,,0
