2000,'4623',1648,,5099,6,0,9 12 2 5,0
2000,'5014',551,,5111,6,0,9 12 2 5,0,107,,6651,6,0,9 12 2 5,0,145,,5113,6,0,9 12 2 5,0,39,,6648,6,,,0,110,,5101,6,,,0,149,,5102,6,,,0,105,,5103,6,0,9 12 2 5,0,114,,5104,6,,,0,38,,5105,6,,,0,150,,6649,6,,,0,20,,5107,6,0,9 12 2 5,0,278,,6650,6,,,0,136,,5109,6,0,9 12 2 5,0,204,,5110,6,0,9 12 2 5,0
2000,'5015',806,,6655,6,,,0,112,,5122,6,,,0,100,,6656,6,,,0,117,,5114,6,,,0,108,,5115,6,,,0,111,,5117,6,,,0,151,,6653,6,,,0,111,,6652,6,,,0,103,,5120,6,,,0,204,,6654,6,0,9 12 2 5,0,219,,6657,6,0,9 12 2 5,0,103,,5121,6,0,9 12 2 5,0
2000,'5221',815,,5126,6,,,0,218,,5129,6,,,0,218,,5128,6,,,0,260,,5130,6,,,0,225,,5127,6,,,0
2000,'5222',1648,,5131,6,0,9 12 2 5,0
1002000,'4623',1027,,6931,12,,,0,397,,5857,12,,,0
1002000,'5014',625,,5858,12,,,0,107,,5859,12,,,0,185,,5860,12,,,0,219,,5861,12,,,0,110,,5862,12,,,0,369,,5863,12,,,0,113,,5864,12,,,0,113,,5865,12,,,0,206,,5866,12,,,0,200,,5867,12,,,0
1002000,'5015',624,,6932,12,,,0,112,,6933,12,,,0,110,,5869,12,,,0,107,,5876,12,,,0,154,,5877,12,,,0,106,,5875,12,,,0,100,,5870,12,,,0,112,,5878,12,,,0,118,,5871,12,,,0,110,,5879,12,,,0,165,,5872,12,,,0,225,,5868,12,,,0
1002000,'5221',700,,5884,12,,,0,218,,5881,12,,,0,209,,5880,12,,,0,231,,5885,12,,,0,257,,5882,12,,,0,240,,5883,12,,,0
1002000,'5222',1027,,6934,12,,,0,397,,5887,12,,,0
