500,'5034',910,,1954,26,0,5,0,110,,3518,26,0,5,0,112,,3516,26,0,5,0,100,,3517,26,0,5,0,170,,3519,26,0,5,0,104,,1953,26,0,5,0,116,,1960,26,0,5,0,110,,1959,26,0,5,0,109,,1961,26,0,5,0,110,,1957,26,0,5,0
500,'5035',635,,3522,26,0,5,0,86,,1968,26,0,5,0,117,,1972,26,0,5,0,106,,1963,26,0,5,0,110,,1967,26,0,5,0,101,,1965,26,0,5,0,99,,1966,26,0,5,0,168,,3523,26,0,5,0,99,,3521,26,0,5,0,502,,3524,26,0,5,0,108,,3525,26,0,5,0,108,,1973,26,0,5,0,89,,1975,26,0,5,0
500,'5036',1908,,1977,26,0,5,0
500,'5038',1636,,3529,26,0,5,0,118,,3528,26,0,5,0
500,'5039',1636,,3532,26,0,5,0,118,,3531,26,0,5,0
500,'5040',1636,,3536,26,0,5,0,118,,3534,26,0,5,0,154,,3535,26,0,5,0
500,'5041',823,,1988,26,0,5,0,196,,3537,26,0,5,0,110,,1990,26,0,5,0,116,,1991,26,0,5,0,157,,3538,26,0,5,0,109,,1993,26,0,5,0,110,,3539,26,0,5,0,108,,1995,26,0,5,0,112,,1996,26,0,5,0,109,,3540,26,0,5,0,105,,3541,26,0,5,0,147,,1999,26,0,5,0,109,,2000,26,0,5,0
600,'5034',717,,3566,26,,,0,111,,2060,26,,,0,110,,2059,26,,,0,111,,2057,26,,,0,151,,2054,26,,,0,109,,2061,26,,,0,110,,2051,26,,,0,111,,2058,26,,,0,111,,2056,26,,,0,111,,2062,26,,,0,106,,2055,26,,,0,151,,2053,26,,,0
600,'5035',642,,3573,26,,,0,88,,3570,26,,,0,29,,2065,26,,,0,74,,2063,26,,,0,84,,2069,26,,,0,113,,2074,26,,,0,120,,3567,26,,,0,162,,2075,26,,,0,118,,3568,26,,,0,94,,2068,26,,,0,23,,3569,26,,,0,267,,2072,26,,,0,111,,3571,26,,,0,114,,3572,26,,,0,112,,2077,26,,,0,151,,3574,26,,,0,50,,2079,26,,,0
600,'5038',1700,,2080,26,,,0
600,'5039',1700,,2081,26,,,0
600,'5040',1700,,2082,26,,,0
600,'5041',718,,2088,26,,,0,111,,2091,26,,,0,109,,2085,26,,,0,110,,2095,26,,,0,108,,2086,26,,,0,159,,2089,26,,,0,106,,3578,26,,,0,112,,2092,26,,,0,108,,3579,26,,,0,116,,3575,26,,,0,143,,3577,26,,,0,108,,3576,26,,,0,109,,2096,26,,,0,110,,2097,26,,,0,100,,2093,26,,,0
