100,'5034',735,,3421,6,,,0,70,,3420,6,,,0,29,,1749,6,,,0,68,,3416,6,,,0,31,,1739,6,,,0,72,,1752,6,,,0,26,,3423,6,,,0,75,,3419,6,,,0,30,,1762,6,,,0,70,,3414,6,,,0,30,,3415,6,,,0,70,,3424,6,,,0,30,,3410,6,,,0,70,,3422,6,,,0,30,,3418,6,,,0,70,,1744,6,,,0,30,,3417,6,,,0,70,,1753,6,,,0,30,,3425,6,,,0,70,,3413,6,,,0,30,,3409,6,,,0,69,,3412,6,,,0,29,,1765,6,,,0,71,,1756,6,,,0,30,,3411,6,,,0,70,,1766,6,,,0,30,,1757,6,,,0,70,,1767,6,,,0,35,,1751,6,,,0
100,'5035',615,,1799,6,,,0,28,,3436,6,,,0,14,,1806,6,,,0,62,,1800,6,,,0,19,,3434,6,,,0,19,,1794,6,,,0,62,,1798,6,,,0,18,,3432,6,,,0,19,,1791,6,,,0,60,,3433,6,,,0,32,,3429,6,,,0,65,,3431,6,,,0,30,,3427,6,,,0,65,,3435,6,,,0,34,,3428,6,,,0,73,,1787,6,,,0,26,,1780,6,,,0,73,,1789,6,,,0,27,,1808,6,,,0,72,,1784,6,,,0,27,,1781,6,,,0,73,,1785,6,,,0,17,,3426,6,,,0,21,,1783,6,,,0,62,,1768,6,,,0,38,,1770,6,,,0,65,,1779,6,,,0,15,,3440,6,,,0,19,,3430,6,,,0,69,,1773,6,,,0,29,,3437,6,,,0,70,,1776,6,,,0,30,,3438,6,,,0,70,,1774,6,,,0,30,,1803,6,,,0,71,,1772,6,,,0,26,,1804,6,,,0,74,,1775,6,,,0,30,,3439,6,,,0,74,,1771,6,,,0,85,,1782,6,,,0
100,'5036',1630,,1809,6,,,0
100,'5040',1630,,3441,6,,,0
100,'5041',646,,3447,6,,,0,70,,1844,6,,,0,30,,1823,6,,,0,70,,1826,6,,,0,30,,1830,6,,,0,63,,1838,6,,,0,37,,3446,6,,,0,71,,1821,6,,,0,29,,1828,6,,,0,71,,3449,6,,,0,27,,1822,6,,,0,71,,1816,6,,,0,29,,1836,6,,,0,73,,3450,6,,,0,30,,1833,6,,,0,70,,1817,6,,,0,30,,3444,6,,,0,70,,3454,6,,,0,30,,3442,6,,,0,73,,3448,6,,,0,27,,1827,6,,,0,70,,1824,6,,,0,26,,3445,6,,,0,74,,1825,6,,,0,30,,3451,6,,,0,70,,1843,6,,,0,29,,3452,6,,,0,70,,3456,6,,,0,28,,1812,6,,,0,72,,1840,6,,,0,30,,1839,6,,,0,69,,3443,6,,,0,30,,3455,6,,,0,75,,3453,6,,,0
2500,'5034',749,,3773,5,0,5,0,210,,3774,5,0,13 14,0,255,,2567,5,0,13 14,0,515,,2568,5,0,5,0,220,,2569,5,0,13 14,0
2500,'5035',752,,2570,5,0,5,0,207,,3775,5,0,13 14,0,265,,2572,5,0,5,0,125,,3776,5,0,13 14,0,374,,2574,5,0,13 14,0
2500,'5041',749,,3777,5,0,5,0,210,,3779,5,0,13 14,0,255,,3778,5,0,13 14,0,515,,3780,5,0,5,0,220,,2575,5,0,13 14,0
3000,'5034',721,,2603,20,,,0,117,,3794,20,,,0,106,,3793,20,,,0,107,,2606,20,,,0,153,,2597,20,,,0,110,,2599,20,,,0,110,,2605,20,,,0,110,,2600,20,,,0,110,,3792,20,,,0,110,,2598,20,,,0,150,,2604,20,,,0
3000,'5035',626,,3797,20,,,0,75,,2630,20,,,0,16,,2631,20,,,0,17,,2626,20,,,0,18,,2632,20,,,0,57,,2629,20,,,0,17,,2633,20,,,0,18,,2627,20,,,0,75,,3795,20,,,0,35,,2609,20,,,0,75,,2610,20,,,0,75,,2611,20,,,0,34,,2612,20,,,0,75,,2613,20,,,0,35,,2614,20,,,0,74,,2615,20,,,0,34,,2616,20,,,0,75,,2617,20,,,0,111,,2618,20,,,0,111,,2619,20,,,0,155,,2620,20,,,0,36,,2621,20,,,0,109,,2622,20,,,0,102,,3796,20,,,0,101,,2624,20,,,0,102,,2625,20,,,0
3000,'5036',1507,,2634,20,,,0,225,,2635,20,,,0
3000,'5037',1618,,3798,20,,,0
3000,'5039',1618,,3799,20,,,0
3000,'5040',1507,,3800,20,,,0,225,,3801,20,,,0
3000,'5041',656,,2655,20,,,0,145,,3812,20,,,0,37,,3808,20,,,0,72,,2653,20,,,0,34,,3807,20,,,0,77,,2648,20,,,0,32,,2646,20,,,0,75,,2661,20,,,0,75,,2660,20,,,0,35,,2663,20,,,0,75,,2647,20,,,0,35,,2642,20,,,0,75,,3806,20,,,0,35,,2656,20,,,0,78,,3802,20,,,0,72,,3810,20,,,0,35,,2650,20,,,0,79,,2641,20,,,0,31,,2649,20,,,0,76,,3803,20,,,0,110,,3809,20,,,0,112,,3804,20,,,0,104,,3811,20,,,0,99,,3805,20,,,0
3001,'5034',826,,2670,36,,,0,121,,3814,36,,,0,110,,2664,36,,,0,151,,3817,36,,,0,110,,3815,36,,,0,110,,2674,36,,,0,112,,3816,36,,,0,108,,2666,36,,,0,110,,2668,36,,,0,143,,3813,36,,,0,115,,2669,36,,,0
3001,'5035',649,,3823,36,,,0,86,,3822,36,,,0,79,,2698,36,,,0,18,,2700,36,,,0,16,,2697,36,,,0,58,,2701,36,,,0,17,,2675,36,,,0,34,,2676,36,,,0,75,,3818,36,,,0,75,,2678,36,,,0,35,,2679,36,,,0,76,,2680,36,,,0,35,,2682,36,,,0,75,,2683,36,,,0,76,,2684,36,,,0,35,,3819,36,,,0,76,,2685,36,,,0,37,,2686,36,,,0,148,,2687,36,,,0,34,,3820,36,,,0,74,,2689,36,,,0,34,,2690,36,,,0,75,,2691,36,,,0,35,,2693,36,,,0,148,,2694,36,,,0,157,,3821,36,,,0,100,,2695,36,,,0
3001,'5036',1626,,2702,36,,,0
3001,'5038',2200,,3824,36,,,0
3001,'5039',2200,,3825,36,,,0
3001,'5040',1626,,3826,36,,,0,574,,3827,36,,,0
3001,'5041',801,,2725,36,,,0,108,,3832,36,,,0,37,,3834,36,,,0,76,,2719,36,,,0,37,,2716,36,,,0,75,,2721,36,,,0,76,,2710,36,,,0,36,,2727,36,,,0,75,,2728,36,,,0,36,,2708,36,,,0,75,,2711,36,,,0,71,,2715,36,,,0,37,,2724,36,,,0,75,,3835,36,,,0,35,,3831,36,,,0,73,,3838,36,,,0,35,,3828,36,,,0,75,,3837,36,,,0,74,,3830,36,,,0,35,,2714,36,,,0,108,,3836,36,,,0,109,,3829,36,,,0,100,,2726,36,,,0,141,,3833,36,,,0
4001,'5034',720,,2932,28,,,0,107,,2920,28,,,0,120,,3986,28,,,0,110,,2929,28,,,0,76,,3982,28,,,0,75,,2916,28,,,0,38,,3979,28,,,0,72,,3980,28,,,0,35,,3988,28,,,0,75,,2917,28,,,0,75,,3984,28,,,0,37,,2921,28,,,0,68,,2924,28,,,0,40,,2915,28,,,0,75,,3987,28,,,0,35,,3985,28,,,0,75,,3989,28,,,0,69,,2918,28,,,0,40,,3981,28,,,0,75,,3983,28,,,0
4001,'5035',649,,2984,28,,,0,72,,4033,28,,,0,32,,4037,28,,,0,56,,4034,28,,,0,15,,4035,28,,,0,18,,4036,28,,,0,16,,3999,28,,,0,55,,4002,28,,,0,14,,4003,28,,,0,14,,4004,28,,,0,15,,4000,28,,,0,55,,4001,28,,,0,15,,4005,28,,,0,15,,4006,28,,,0,15,,4007,28,,,0,55,,4008,28,,,0,15,,4009,28,,,0,15,,4010,28,,,0,16,,4011,28,,,0,55,,4012,28,,,0,17,,4013,28,,,0,15,,2959,28,,,0,15,,2960,28,,,0,55,,4014,28,,,0,15,,2962,28,,,0,15,,4015,28,,,0,15,,4016,28,,,0,56,,4017,28,,,0,15,,4018,28,,,0,15,,4019,28,,,0,55,,4020,28,,,0,15,,4021,28,,,0,15,,4022,28,,,0,15,,4023,28,,,0,55,,4024,28,,,0,15,,2973,28,,,0,15,,4025,28,,,0,15,,4026,28,,,0,14,,2976,28,,,0,54,,4027,28,,,0,15,,4038,28,,,0,15,,4030,28,,,0,15,,2981,28,,,0,54,,4028,28,,,0,15,,4029,28,,,0,15,,4031,28,,,0,15,,4032,28,,,0,56,,2943,28,,,0,20,,3998,28,,,0,20,,3993,28,,,0,60,,3997,28,,,0,88,,2936,28,,,0,30,,3996,28,,,0,70,,3992,28,,,0,28,,3995,28,,,0,29,,3991,28,,,0,70,,3994,28,,,0,30,,3990,28,,,0
4001,'5037',2032,,4039,28,,,0
4001,'5039',2032,,4040,28,,,0
4001,'5041',718,,3020,28,,,0,83,,3009,28,,,0,34,,3017,28,,,0,74,,4054,28,,,0,37,,3006,28,,,0,77,,4053,28,,,0,36,,4041,28,,,0,75,,4055,28,,,0,76,,4044,28,,,0,35,,3003,28,,,0,75,,3004,28,,,0,36,,3016,28,,,0,75,,2995,28,,,0,71,,3011,28,,,0,38,,3005,28,,,0,75,,4052,28,,,0,35,,4045,28,,,0,73,,4049,28,,,0,35,,4051,28,,,0,75,,3000,28,,,0,74,,4046,28,,,0,35,,4043,28,,,0,75,,3018,28,,,0,34,,4047,28,,,0,74,,4056,28,,,0,75,,4050,28,,,0,100,,4042,28,,,0,101,,4048,28,,,0
