2500,'5014',753,,5161,7,0,5,0,247,,6667,7,,,0,226,,5163,7,0,5,0,125,,5164,7,,,0,373,,5165,7,,,0
2500,'5015',750,,6668,7,0,5,0,250,,5169,7,,,0,215,,5168,7,,,0,515,,5170,7,0,5,0,220,,5166,7,,,0
2500,'5221',750,,5171,7,0,5,0,250,,5172,7,,,0,215,,5173,7,,,0,515,,6669,7,0,5,0,220,,5175,7,,,0
3000,'4623',813,,6672,22,,,0
3000,'5014',630,,6679,22,,,0,75,,5217,22,,,0,33,,5214,22,,,0,110,,5215,22,,,0,75,,5193,22,,,0,35,,5194,22,,,0,75,,5195,22,,,0,75,,5196,22,,,0,34,,5197,22,,,0,75,,5198,22,,,0,35,,5199,22,,,0,74,,5201,22,,,0,74,,5202,22,,,0,35,,5203,22,,,0,76,,5200,22,,,0,35,,6673,22,,,0,76,,6674,22,,,0,35,,5206,22,,,0,79,,6675,22,,,0,76,,6676,22,,,0,36,,5209,22,,,0,109,,5210,22,,,0,102,,6677,22,,,0,141,,6678,22,,,0,101,,5213,22,,,0
3000,'5015',659,,5233,22,,,0,146,,5240,22,,,0,37,,5232,22,,,0,72,,5231,22,,,0,34,,5230,22,,,0,77,,5226,22,,,0,32,,5224,22,,,0,75,,6688,22,,,0,75,,6687,22,,,0,35,,6689,22,,,0,75,,5225,22,,,0,35,,5220,22,,,0,75,,5229,22,,,0,75,,5234,22,,,0,38,,6680,22,,,0,72,,6685,22,,,0,35,,5228,22,,,0,79,,6681,22,,,0,31,,5227,22,,,0,76,,6682,22,,,0,110,,6684,22,,,0,112,,6683,22,,,0,104,,6686,22,,,0,99,,5223,22,,,0
3000,'5221',725,,5248,22,,,0,117,,5252,22,,,0,106,,5247,22,,,0,107,,5251,22,,,0,153,,5242,22,,,0,110,,5244,22,,,0,110,,5250,22,,,0,110,,5245,22,,,0,110,,6690,22,,,0,110,,5243,22,,,0,150,,5249,22,,,0
3000,'5222',813,,6691,22,,,0
3001,'5014',653,,6699,38,,,0,86,,5277,38,,,0,79,,6701,38,,,0,34,,6700,38,,,0,75,,5254,38,,,0,74,,5255,38,,,0,35,,5256,38,,,0,75,,6692,38,,,0,35,,5258,38,,,0,76,,5259,38,,,0,35,,5261,38,,,0,75,,5262,38,,,0,76,,5263,38,,,0,35,,6693,38,,,0,76,,5264,38,,,0,37,,5265,38,,,0,74,,6694,38,,,0,74,,5267,38,,,0,34,,6695,38,,,0,74,,5269,38,,,0,34,,5270,38,,,0,75,,5271,38,,,0,35,,5273,38,,,0,148,,6697,38,,,0,100,,6698,38,,,0,97,,6696,38,,,0,100,,5276,38,,,0
3001,'5015',805,,6709,38,,,0,108,,5291,38,,,0,37,,6706,38,,,0,76,,5293,38,,,0,77,,5290,38,,,0,35,,5295,38,,,0,76,,5284,38,,,0,36,,5301,38,,,0,75,,5302,38,,,0,76,,5282,38,,,0,35,,5285,38,,,0,71,,6704,38,,,0,37,,6708,38,,,0,75,,5296,38,,,0,35,,6703,38,,,0,73,,6711,38,,,0,75,,5281,38,,,0,35,,5303,38,,,0,74,,6702,38,,,0,35,,5288,38,,,0,108,,6707,38,,,0,149,,5283,38,,,0,100,,6710,38,,,0,101,,6705,38,,,0
3001,'5221',830,,5311,38,,,0,121,,5308,38,,,0,150,,5305,38,,,0,111,,5314,38,,,0,110,,6714,38,,,0,110,,5315,38,,,0,112,,6715,38,,,0,108,,6713,38,,,0,150,,5309,38,,,0,103,,6712,38,,,0,115,,5310,38,,,0
4000,'4623',1246,,6742,25,,,0
4000,'5014',618,,6771,25,,,0,30,,6772,25,,,0,68,,6773,25,,,0,29,,6774,25,,,0,69,,6775,25,,,0,32,,6750,25,,,0,70,,6751,25,,,0,31,,6752,25,,,0,70,,6753,25,,,0,28,,6754,25,,,0,71,,6755,25,,,0,30,,6756,25,,,0,70,,6757,25,,,0,99,,6758,25,,,0,29,,6759,25,,,0,69,,6761,25,,,0,29,,6760,25,,,0,71,,6762,25,,,0,30,,6763,25,,,0,70,,6764,25,,,0,32,,6765,25,,,0,71,,6766,25,,,0,31,,6767,25,,,0,77,,6768,25,,,0,32,,6769,25,,,0,70,,6770,25,,,0,31,,6746,25,,,0,70,,6747,25,,,0,32,,6745,25,,,0,70,,6748,25,,,0,71,,6744,25,,,0,30,,6749,25,,,0,71,,6743,25,,,0
4000,'5015',659,,6795,25,,,0,72,,6800,25,,,0,74,,6788,25,,,0,37,,6780,25,,,0,72,,6796,25,,,0,34,,6777,25,,,0,77,,6793,25,,,0,32,,6778,25,,,0,75,,6784,25,,,0,75,,6787,25,,,0,35,,6776,25,,,0,75,,6781,25,,,0,35,,6785,25,,,0,75,,6794,25,,,0,75,,6799,25,,,0,38,,6783,25,,,0,72,,6789,25,,,0,35,,6798,25,,,0,79,,6797,25,,,0,31,,6786,25,,,0,76,,6790,25,,,0,75,,6801,25,,,0,35,,6779,25,,,0,77,,6802,25,,,0,35,,6791,25,,,0,104,,6782,25,,,0,99,,6792,25,,,0
4000,'5221',725,,6808,25,,,0,117,,6818,25,,,0,106,,6805,25,,,0,75,,6821,25,,,0,32,,6807,25,,,0,85,,6803,25,,,0,68,,6822,25,,,0,35,,6816,25,,,0,75,,6817,25,,,0,35,,6812,25,,,0,75,,6809,25,,,0,73,,6811,25,,,0,37,,6806,25,,,0,75,,6814,25,,,0,35,,6813,25,,,0,75,,6820,25,,,0,35,,6804,25,,,0,75,,6815,25,,,0,75,,6810,25,,,0,35,,6819,25,,,0
4000,'5222',1246,,6823,25,,,0
