2000,'5035',615,,3758,40,,,0,108,,2517,40,,,0,108,,3759,40,,,0,402,,3752,40,,,0,324,,3755,40,,,0,159,,2512,40,,,0,292,,2514,40,,,0,203,,3757,40,,,0
2000,'5041',1948,,2524,40,,,0,258,,2530,40,,,0,102,,2526,40,,,0
2001,'5035',753,,3770,32,,,0,73,,2547,32,,,0,695,,3767,32,,,0,838,,2544,32,,,0
2001,'5038',1843,,2548,32,,,0,359,,2549,32,,,0
2001,'5039',1843,,2550,32,,,0,359,,2551,32,,,0
2001,'5040',1843,,2552,32,,,0,359,,2553,32,,,0
2001,'5041',2159,,2559,32,,,0,199,,2556,32,,,0
7200,'5034',718,,3077,4,,,0,105,,4103,4,,,0,113,,3069,4,,,0,105,,3071,4,,,0,160,,3070,4,,,0,99,,3072,4,,,0,120,,3073,4,,,0,102,,3074,4,,,0,114,,3075,4,,,0,110,,4104,4,,,0,110,,3068,4,,,0
7200,'5035',633,,3101,4,,,0,75,,4115,4,,,0,33,,3099,4,,,0,77,,4114,4,,,0,34,,3078,4,,,0,74,,3079,4,,,0,75,,3080,4,,,0,35,,4105,4,,,0,75,,3082,4,,,0,35,,4106,4,,,0,75,,3084,4,,,0,35,,4107,4,,,0,75,,3086,4,,,0,76,,4108,4,,,0,35,,3088,4,,,0,75,,3089,4,,,0,35,,3090,4,,,0,75,,4109,4,,,0,75,,4110,4,,,0,114,,4111,4,,,0,35,,3094,4,,,0,152,,4112,4,,,0,102,,4113,4,,,0,100,,3097,4,,,0
7200,'5036',1739,,3102,4,,,0
7200,'5037',2305,,4116,4,,,0
7200,'5039',2305,,4117,4,,,0
7200,'5040',1739,,4118,4,,,0
7200,'5041',659,,3129,4,,,0,95,,4119,4,,,0,88,,3114,4,,,0,61,,3107,4,,,0,48,,4120,4,,,0,76,,3109,4,,,0,74,,4121,4,,,0,43,,3110,4,,,0,67,,4122,4,,,0,42,,3111,4,,,0,68,,3118,4,,,0,83,,3119,4,,,0,27,,3120,4,,,0,84,,3121,4,,,0,26,,3122,4,,,0,84,,3123,4,,,0,26,,3108,4,,,0,78,,4123,4,,,0,72,,4124,4,,,0,35,,4125,4,,,0,108,,4126,4,,,0,156,,4127,4,,,0,102,,3112,4,,,0,100,,3113,4,,,0
1002000,'5034',723,,4180,46,,,0,218,,3344,46,,,0,210,,3343,46,,,0,272,,3348,46,,,0,218,,3345,46,,,0,277,,3346,46,,,0
1002000,'5035',851,,4182,46,,,0,602,,3356,46,,,0,858,,3360,46,,,0
1002000,'5038',2111,,3361,46,,,0
1002000,'5039',2111,,3362,46,,,0
1002000,'5040',2111,,3363,46,,,0
1002000,'5041',647,,3369,46,,,0,112,,3370,46,,,0,150,,3365,46,,,0,107,,4186,46,,,0,115,,3373,46,,,0,106,,3371,46,,,0,100,,3366,46,,,0,112,,3374,46,,,0,158,,3367,46,,,0,110,,4187,46,,,0,125,,3368,46,,,0,264,,4185,46,,,0
1002001,'5034',813,,3381,32,,,0,213,,3380,32,,,0,232,,4188,32,,,0,262,,4189,32,,,0,217,,3377,32,,,0,304,,3379,32,,,0
1002001,'5035',947,,4192,32,,,0,464,,3388,32,,,0,35,,4194,32,,,0,109,,3390,32,,,0,149,,4195,32,,,0,396,,4197,32,,,0,200,,3395,32,,,0
1002001,'5041',737,,3400,32,,,0,113,,4200,32,,,0,152,,3396,32,,,0,111,,4199,32,,,0,103,,4204,32,,,0,117,,3406,32,,,0,110,,4198,32,,,0,104,,3403,32,,,0,156,,3398,32,,,0,109,,4202,32,,,0,124,,4201,32,,,0,102,,4205,32,,,0,219,,4203,32,,,0
