2500,'5034',814,,3773,26,0,5,0,210,,3774,26,0,13 14,0,215,,2567,26,0,13 14,0,515,,2568,26,0,5,0,260,,2569,26,0,13 14,0
2500,'5035',818,,2570,26,0,5,0,207,,3775,26,0,13 14,0,226,,2572,26,0,5,0,165,,3776,26,0,13 14,0,333,,2574,26,0,13 14,0
2500,'5041',814,,3777,26,0,5,0,210,,3779,26,0,13 14,0,215,,3778,26,0,13 14,0,515,,3780,26,0,5,0,260,,2575,26,0,13 14,0
4000,'5034',750,,3874,51,0,5,0,158,,3884,51,0,5,0,108,,3871,51,0,5,0,35,,3887,51,0,5,0,72,,3873,51,0,5,0,85,,3869,51,0,5,0,28,,3888,51,0,5,0,75,,3882,51,0,5,0,35,,3883,51,0,5,0,75,,3878,51,0,5,0,35,,3875,51,0,5,0,73,,3877,51,0,5,0,77,,3872,51,0,5,0,35,,3880,51,0,5,0,75,,3879,51,0,5,0,35,,3886,51,0,5,0,75,,3870,51,0,5,0,74,,3881,51,0,5,0,34,,3876,51,0,5,0,75,,3885,51,0,5,0
4000,'5035',644,,3936,51,0,5,0,70,,3937,51,0,5,0,16,,3944,51,0,5,0,14,,3938,51,0,5,0,15,,3939,51,0,5,0,57,,3940,51,0,5,0,15,,3941,51,0,5,0,15,,3943,51,0,5,0,55,,3894,51,0,5,0,15,,3895,51,0,5,0,15,,3896,51,0,5,0,15,,3897,51,0,5,0,55,,3898,51,0,5,0,15,,3899,51,0,5,0,15,,3900,51,0,5,0,15,,3901,51,0,5,0,55,,3902,51,0,5,0,15,,3903,51,0,5,0,15,,3904,51,0,5,0,16,,3905,51,0,5,0,55,,3906,51,0,5,0,15,,3907,51,0,5,0,15,,3908,51,0,5,0,15,,3909,51,0,5,0,55,,3910,51,0,5,0,15,,3911,51,0,5,0,15,,3912,51,0,5,0,15,,3913,51,0,5,0,55,,3914,51,0,5,0,15,,3915,51,0,5,0,15,,3916,51,0,5,0,15,,3917,51,0,5,0,55,,3918,51,0,5,0,15,,3919,51,0,5,0,15,,3920,51,0,5,0,15,,3921,51,0,5,0,55,,3922,51,0,5,0,15,,3924,51,0,5,0,15,,3925,51,0,5,0,15,,3926,51,0,5,0,55,,3927,51,0,5,0,15,,3929,51,0,5,0,15,,3923,51,0,5,0,15,,3930,51,0,5,0,55,,3928,51,0,5,0,15,,3931,51,0,5,0,17,,3932,51,0,5,0,20,,3933,51,0,5,0,60,,3934,51,0,5,0,41,,3935,51,0,5,0,70,,3892,51,0,5,0,102,,3891,51,0,5,0,99,,3890,51,0,5,0,29,,3893,51,0,5,0,71,,3889,51,0,5,0
4000,'5037',1935,,3946,51,0,5,0,221,,3945,51,0,5,0
4000,'5038',2055,,3947,51,0,5,0
4000,'5039',1935,,3950,51,0,5,0,120,,3948,51,0,5,0,101,,3949,51,0,5,0
4000,'5040',2055,,3951,51,0,5,0
4000,'5041',725,,3971,51,0,5,0,32,,3976,51,0,5,0,75,,3964,51,0,5,0,77,,3956,51,0,5,0,33,,3972,51,0,5,0,75,,3953,51,0,5,0,37,,3969,51,0,5,0,73,,3954,51,0,5,0,75,,3960,51,0,5,0,35,,3963,51,0,5,0,76,,3952,51,0,5,0,35,,3957,51,0,5,0,75,,3961,51,0,5,0,35,,3970,51,0,5,0,75,,3975,51,0,5,0,77,,3959,51,0,5,0,32,,3965,51,0,5,0,75,,3974,51,0,5,0,39,,3973,51,0,5,0,71,,3962,51,0,5,0,75,,3966,51,0,5,0,34,,3977,51,0,5,0,75,,3955,51,0,5,0,36,,3978,51,0,5,0,75,,3967,51,0,5,0,104,,3958,51,0,5,0,99,,3968,51,0,5,0
