1501,'5034',833,,3735,9,,,0,111,,3739,9,,,0,110,,2462,9,,,0,150,,3736,9,,,0,110,,3734,9,,,0,110,,2465,9,,,0,110,,2468,9,,,0,109,,3733,9,,,0,110,,3738,9,,,0,150,,3737,9,,,0
1501,'5035',844,,2473,9,,,0,69,,3740,9,,,0,30,,2475,9,,,0,70,,2472,9,,,0,30,,3741,9,,,0,70,,3742,9,,,0,29,,3743,9,,,0,71,,3744,9,,,0,103,,2481,9,,,0,27,,2480,9,,,0,509,,3745,9,,,0,260,,3746,9,,,0
1501,'5038',2002,,2484,9,,,0
1501,'5039',2002,,2485,9,,,0
1501,'5040',2002,,2486,9,,,0
1501,'5041',759,,2495,9,,,0,185,,2496,9,,,0,102,,2493,9,,,0,158,,2497,9,,,0,112,,3748,9,,,0,109,,2492,9,,,0,110,,3747,9,,,0,109,,2489,9,,,0,111,,2490,9,,,0,148,,2491,9,,,0,112,,2488,9,,,0,107,,2498,9,,,0
3001,'5034',837,,2670,47,,,0,121,,3814,47,,,0,150,,2664,47,,,0,111,,3817,47,,,0,110,,3815,47,,,0,110,,2674,47,,,0,112,,3816,47,,,0,107,,2666,47,,,0,150,,2668,47,,,0,103,,3813,47,,,0,115,,2669,47,,,0
3001,'5035',659,,3823,47,,,0,87,,3822,47,,,0,79,,2698,47,,,0,18,,2700,47,,,0,16,,2697,47,,,0,57,,2701,47,,,0,17,,2675,47,,,0,75,,2676,47,,,0,35,,3818,47,,,0,75,,2678,47,,,0,35,,2679,47,,,0,76,,2680,47,,,0,75,,2682,47,,,0,35,,2683,47,,,0,76,,2684,47,,,0,36,,3819,47,,,0,76,,2685,47,,,0,77,,2686,47,,,0,107,,2687,47,,,0,34,,3820,47,,,0,74,,2689,47,,,0,34,,2690,47,,,0,74,,2691,47,,,0,75,,2693,47,,,0,108,,2694,47,,,0,197,,3821,47,,,0,100,,2695,47,,,0
3001,'5036',1638,,2702,47,,,0
3001,'5038',2210,,3824,47,,,0
3001,'5039',2210,,3825,47,,,0
3001,'5040',1638,,3826,47,,,0,572,,3827,47,,,0
3001,'5041',811,,2725,47,,,0,108,,3832,47,,,0,37,,3834,47,,,0,76,,2719,47,,,0,77,,2716,47,,,0,35,,2721,47,,,0,77,,2710,47,,,0,36,,2727,47,,,0,75,,2728,47,,,0,76,,2708,47,,,0,35,,2711,47,,,0,71,,2715,47,,,0,37,,2724,47,,,0,75,,3835,47,,,0,74,,3831,47,,,0,33,,3838,47,,,0,75,,3828,47,,,0,35,,3837,47,,,0,74,,3830,47,,,0,35,,2714,47,,,0,148,,3836,47,,,0,109,,3829,47,,,0,100,,2726,47,,,0,101,,3833,47,,,0
1001501,'5035',732,,3332,14,,,0,78,,4176,14,,,0,440,,4177,14,,,0,170,,3333,14,,,0,36,,3334,14,,,0,76,,3337,14,,,0,77,,3340,14,,,0,37,,3339,14,,,0,74,,3336,14,,,0,35,,3338,14,,,0
1001501,'5037',1829,,4178,14,,,0
1001501,'5039',1829,,4179,14,,,0
