2501,'5034',840,,3781,22,,,0,260,,3782,23,,,0,215,,2582,23,,,0,505,,2583,22,,,0,230,,2584,23,,,0
2501,'5035',844,,2585,22,,,0,256,,3783,23,,,0,217,,3784,22,,,0,135,,3785,23,,,0,371,,2589,23,,,0
2501,'5037',2048,,3786,22,,,0
2501,'5039',2048,,3787,22,,,0
2501,'5041',840,,3788,22,,,0,260,,3790,23,,,0,215,,3789,23,,,0,505,,3791,22,,,0,230,,2592,23,,,0
3000,'5034',719,,2603,18,,,0,117,,3794,18,,,0,106,,3793,18,,,0,107,,2606,18,,,0,153,,2597,18,,,0,109,,2599,18,,,0,110,,2605,18,,,0,110,,2600,18,,,0,110,,3792,18,,,0,111,,2598,18,,,0,150,,2604,18,,,0
3000,'5035',624,,3797,18,,,0,35,,2630,18,,,0,56,,2631,18,,,0,17,,2626,18,,,0,18,,2632,18,,,0,57,,2629,18,,,0,17,,2633,18,,,0,18,,2627,18,,,0,75,,3795,18,,,0,35,,2609,18,,,0,75,,2610,18,,,0,75,,2611,18,,,0,34,,2612,18,,,0,75,,2613,18,,,0,35,,2614,18,,,0,74,,2615,18,,,0,34,,2616,18,,,0,75,,2617,18,,,0,111,,2618,18,,,0,110,,2619,18,,,0,156,,2620,18,,,0,36,,2621,18,,,0,109,,2622,18,,,0,102,,3796,18,,,0,101,,2624,18,,,0,101,,2625,18,,,0
3000,'5036',1505,,2634,18,,,0,225,,2635,18,,,0
3000,'5037',1616,,3798,18,,,0
3000,'5039',1616,,3799,18,,,0
3000,'5040',1505,,3800,18,,,0,225,,3801,18,,,0
3000,'5041',653,,2655,18,,,0,106,,3812,18,,,0,77,,3808,18,,,0,72,,2653,18,,,0,34,,3807,18,,,0,77,,2648,18,,,0,32,,2646,18,,,0,75,,2661,18,,,0,75,,2660,18,,,0,34,,2663,18,,,0,75,,2647,18,,,0,35,,2642,18,,,0,75,,3806,18,,,0,35,,2656,18,,,0,79,,3802,18,,,0,72,,3810,18,,,0,35,,2650,18,,,0,79,,2641,18,,,0,31,,2649,18,,,0,76,,3803,18,,,0,110,,3809,18,,,0,112,,3804,18,,,0,104,,3811,18,,,0,99,,3805,18,,,0
4001,'5034',717,,2932,26,,,0,106,,2920,26,,,0,120,,3986,26,,,0,110,,2929,26,,,0,76,,3982,26,,,0,75,,2916,26,,,0,38,,3979,26,,,0,72,,3980,26,,,0,35,,3988,26,,,0,75,,2917,26,,,0,35,,3984,26,,,0,77,,2921,26,,,0,68,,2924,26,,,0,41,,2915,26,,,0,75,,3987,26,,,0,35,,3985,26,,,0,74,,3989,26,,,0,29,,2918,26,,,0,81,,3981,26,,,0,75,,3983,26,,,0
4001,'5035',645,,2984,26,,,0,72,,4033,26,,,0,33,,4037,26,,,0,56,,4034,26,,,0,15,,4035,26,,,0,18,,4036,26,,,0,16,,3999,26,,,0,54,,4002,26,,,0,14,,4003,26,,,0,14,,4004,26,,,0,15,,4000,26,,,0,55,,4001,26,,,0,15,,4005,26,,,0,15,,4006,26,,,0,15,,4007,26,,,0,56,,4008,26,,,0,15,,4009,26,,,0,15,,4010,26,,,0,16,,4011,26,,,0,55,,4012,26,,,0,17,,4013,26,,,0,15,,2959,26,,,0,15,,2960,26,,,0,55,,4014,26,,,0,15,,2962,26,,,0,15,,4015,26,,,0,15,,4016,26,,,0,55,,4017,26,,,0,15,,4018,26,,,0,15,,4019,26,,,0,15,,4020,26,,,0,55,,4021,26,,,0,15,,4022,26,,,0,15,,4023,26,,,0,15,,4024,26,,,0,55,,2973,26,,,0,15,,4025,26,,,0,15,,4026,26,,,0,15,,2976,26,,,0,54,,4027,26,,,0,15,,4038,26,,,0,15,,4030,26,,,0,14,,2981,26,,,0,54,,4028,26,,,0,15,,4029,26,,,0,15,,4031,26,,,0,15,,4032,26,,,0,57,,2943,26,,,0,20,,3998,26,,,0,20,,3993,26,,,0,60,,3997,26,,,0,48,,2936,26,,,0,70,,3996,26,,,0,30,,3992,26,,,0,68,,3995,26,,,0,29,,3991,26,,,0,70,,3994,26,,,0,30,,3990,26,,,0
4001,'5037',2029,,4039,26,,,0
4001,'5039',2029,,4040,26,,,0
4001,'5041',714,,3020,26,,,0,44,,3009,26,,,0,74,,3017,26,,,0,73,,4054,26,,,0,37,,3006,26,,,0,77,,4053,26,,,0,36,,4041,26,,,0,75,,4055,26,,,0,76,,4044,26,,,0,35,,3003,26,,,0,75,,3004,26,,,0,36,,3016,26,,,0,75,,2995,26,,,0,31,,3011,26,,,0,78,,3005,26,,,0,75,,4052,26,,,0,35,,4045,26,,,0,74,,4049,26,,,0,35,,4051,26,,,0,75,,3000,26,,,0,74,,4046,26,,,0,35,,4043,26,,,0,74,,3018,26,,,0,34,,4047,26,,,0,74,,4056,26,,,0,35,,4050,26,,,0,100,,4042,26,,,0,101,,4048,26,,,0
