100,'5034',735,,3421,7,,,0,70,,3420,7,,,0,29,,1749,7,,,0,68,,3416,7,,,0,31,,1739,7,,,0,72,,1752,7,,,0,26,,3423,7,,,0,75,,3419,7,,,0,30,,1762,7,,,0,70,,3414,7,,,0,30,,3415,7,,,0,70,,3424,7,,,0,30,,3410,7,,,0,70,,3422,7,,,0,30,,3418,7,,,0,70,,1744,7,,,0,30,,3417,7,,,0,70,,1753,7,,,0,30,,3425,7,,,0,70,,3413,7,,,0,30,,3409,7,,,0,69,,3412,7,,,0,29,,1765,7,,,0,71,,1756,7,,,0,30,,3411,7,,,0,70,,1766,7,,,0,30,,1757,7,,,0,70,,1767,7,,,0,35,,1751,7,,,0
100,'5035',615,,1799,7,,,0,28,,3436,7,,,0,14,,1806,7,,,0,62,,1800,7,,,0,19,,3434,7,,,0,19,,1794,7,,,0,62,,1798,7,,,0,18,,3432,7,,,0,19,,1791,7,,,0,60,,3433,7,,,0,32,,3429,7,,,0,65,,3431,7,,,0,30,,3427,7,,,0,65,,3435,7,,,0,34,,3428,7,,,0,73,,1787,7,,,0,26,,1780,7,,,0,73,,1789,7,,,0,27,,1808,7,,,0,72,,1784,7,,,0,27,,1781,7,,,0,73,,1785,7,,,0,17,,3426,7,,,0,21,,1783,7,,,0,62,,1768,7,,,0,38,,1770,7,,,0,65,,1779,7,,,0,15,,3440,7,,,0,19,,3430,7,,,0,69,,1773,7,,,0,29,,3437,7,,,0,70,,1776,7,,,0,30,,3438,7,,,0,70,,1774,7,,,0,30,,1803,7,,,0,71,,1772,7,,,0,26,,1804,7,,,0,74,,1775,7,,,0,30,,3439,7,,,0,74,,1771,7,,,0,85,,1782,7,,,0
100,'5036',1630,,1809,7,,,0
100,'5040',1630,,3441,7,,,0
100,'5041',646,,3447,7,,,0,70,,1844,7,,,0,30,,1823,7,,,0,70,,1826,7,,,0,30,,1830,7,,,0,63,,1838,7,,,0,37,,3446,7,,,0,71,,1821,7,,,0,29,,1828,7,,,0,71,,3449,7,,,0,27,,1822,7,,,0,71,,1816,7,,,0,29,,1836,7,,,0,73,,3450,7,,,0,30,,1833,7,,,0,70,,1817,7,,,0,30,,3444,7,,,0,70,,3454,7,,,0,30,,3442,7,,,0,73,,3448,7,,,0,27,,1827,7,,,0,70,,1824,7,,,0,26,,3445,7,,,0,74,,1825,7,,,0,30,,3451,7,,,0,70,,1843,7,,,0,29,,3452,7,,,0,70,,3456,7,,,0,28,,1812,7,,,0,72,,1840,7,,,0,30,,1839,7,,,0,69,,3443,7,,,0,30,,3455,7,,,0,75,,3453,7,,,0
2000,'5035',613,2,3758,37,,,0,108,2,2517,37,,,0,108,2,3759,37,,,0,402,2,3752,37,,,0,324,2,3755,37,,,0,159,2,2512,37,,,0,292,2,2514,37,,,0,203,2,3757,37,,,0
2000,'5041',1946,2,2524,37,,,0,258,2,2530,37,,,0,102,2,2526,37,,,0
2500,'5034',749,,3773,6,0,5,0,210,,3774,6,0,13 14,0,255,,2567,6,0,13 14,0,515,,2568,6,0,5,0,220,,2569,6,0,13 14,0
2500,'5035',752,,2570,6,0,5,0,207,,3775,6,0,13 14,0,265,,2572,6,0,5,0,125,,3776,6,0,13 14,0,374,,2574,6,0,13 14,0
2500,'5041',749,,3777,6,0,5,0,210,,3779,6,0,13 14,0,255,,3778,6,0,13 14,0,515,,3780,6,0,5,0,220,,2575,6,0,13 14,0
7201,'5034',812,,4128,32,4,,0,113,,3132,32,4,,0,111,,3134,32,4,,0,116,,3135,32,4,,0,104,,3133,32,4,,0,155,,3137,32,4,,0,107,,3138,32,4,,0,111,,3139,32,4,,0,106,,4129,32,4,,0,110,,3131,32,4,,0,114,,3136,32,4,,0
7201,'5035',734,,3163,32,4,,0,79,,4140,32,4,,0,34,,3162,32,4,,0,74,,3141,32,4,,0,35,,3142,32,4,,0,75,,4131,32,4,,0,76,,3146,32,4,,0,35,,4130,32,4,,0,75,,3147,32,4,,0,35,,4132,32,4,,0,75,,3148,32,4,,0,75,,4133,32,4,,0,35,,3150,32,4,,0,75,,3151,32,4,,0,35,,3152,32,4,,0,75,,4134,32,4,,0,35,,4135,32,4,,0,149,,4136,32,4,,0,34,,3156,32,4,,0,75,,4137,32,4,,0,35,,4138,32,4,,0,105,,4139,32,4,,0,100,,3157,32,4,,0
7201,'5036',1732,,3164,32,4,,0
7201,'5037',2253,,4141,32,4,,0,99,,4142,32,4,,0
7201,'5039',2253,,4143,32,4,,0,99,,4144,32,4,,0
7201,'5040',1732,,4145,32,4,,0
7201,'5041',739,,4146,32,4,,0,110,,3170,32,4,,0,96,,4148,32,4,,0,78,,3173,32,4,,0,34,,4150,32,4,,0,75,,3174,32,4,,0,75,,4149,32,4,,0,35,,3175,32,4,,0,75,,3181,32,4,,0,83,,3183,32,4,,0,27,,3184,32,4,,0,83,,3185,32,4,,0,27,,3186,32,4,,0,82,,3187,32,4,,0,27,,3171,32,4,,0,77,,4151,32,4,,0,32,,4152,32,4,,0,75,,4153,32,4,,0,74,,4154,32,4,,0,35,,4156,32,4,,0,96,,4155,32,4,,0,122,,3176,32,4,,0,100,,3177,32,4,,0,99,,4147,32,4,,0
1002000,'5034',721,2,4180,43,,,0,218,2,3344,43,,,0,210,2,3343,43,,,0,272,2,3348,43,,,0,218,2,3345,43,,,0,277,2,3346,43,,,0
1002000,'5035',849,2,4182,43,,,0,602,2,3356,43,,,0,858,2,3360,43,,,0
1002000,'5038',2109,2,3361,43,,,0
1002000,'5039',2109,2,3362,43,,,0
1002000,'5040',2109,2,3363,43,,,0
1002000,'5041',645,2,3369,43,,,0,112,2,3370,43,,,0,150,2,3365,43,,,0,107,2,4186,43,,,0,115,2,3373,43,,,0,106,2,3371,43,,,0,100,2,3366,43,,,0,112,2,3374,43,,,0,158,2,3367,43,,,0,110,2,4187,43,,,0,125,2,3368,43,,,0,264,2,4185,43,,,0
