2000,'5034',824,,2499,20,,,0,218,,2502,20,,,0,259,,2501,20,,,0,221,,2503,20,,,0,225,,2500,20,,,0
2000,'5035',559,,3758,20,0,9 12 2 5,0,148,,2517,20,0,9 12 2 5,0,106,,3759,20,0,9 12 2 5,0,39,,3749,20,,,0,149,,3750,20,,,0,110,,3751,20,,,0,105,,3752,20,0,9 12 2 5,0,115,,3753,20,,,0,78,,2509,20,,,0,110,,3754,20,,,0,20,,3755,20,0,9 12 2 5,0,120,,2512,20,0,9 12 2 5,0,157,,3756,20,,,0,136,,2514,20,0,9 12 2 5,0,203,,3757,20,0,9 12 2 5,0
2000,'5041',815,,2528,20,,,0,112,,2527,20,,,0,100,,2529,20,,,0,118,,2519,20,,,0,108,,2520,20,,,0,151,,2522,20,,,0,111,,2523,20,,,0,111,,3760,20,,,0,103,,3761,20,,,0,204,,2524,20,0,9 12 2 5,0,218,,2530,20,0,9 12 2 5,0,102,,2526,20,0,9 12 2 5,0
9200,'5038',1427,,4167,16,,,0,2,,3261,16,,,0
9200,'5039',1526,,4169,16,,,0,2,,4168,16,,,0
9200,'5040',1407,,4170,16,,,0,2,,3265,16,,,0
1002000,'5034',708,,4180,26,,,0,218,,3344,26,,,0,209,,3343,26,,,0,272,,3348,26,,,0,218,,3345,26,,,0,278,,3346,26,,,0
1002000,'5035',633,,3349,26,,,0,108,,4181,26,,,0,93,,4182,26,,,0,91,,4183,26,,,0,110,,3353,26,,,0,110,,3354,26,,,0,110,,4184,26,,,0,179,,3356,26,,,0,191,,3357,26,,,0,113,,3358,26,,,0,112,,3359,26,,,0,405,,3360,26,,,0
1002000,'5038',2055,,3361,26,,,0
1002000,'5039',2055,,3362,26,,,0
1002000,'5040',2055,,3363,26,,,0
1002000,'5041',632,,3369,26,,,0,112,,3370,26,,,0,110,,3365,26,,,0,147,,4186,26,,,0,114,,3373,26,,,0,106,,3371,26,,,0,100,,3366,26,,,0,112,,3374,26,,,0,118,,3367,26,,,0,150,,4187,26,,,0,125,,3368,26,,,0,225,,4185,26,,,0
