7000,'4623',2046,,6360,8,,,0,102,,5551,8,,,0
7000,'5014',705,,5555,8,,,0,105,,5553,8,,,0,191,,5556,8,,,0,329,,5554,8,,,0,284,,5559,8,,,0,199,,5557,8,,,0,126,,5558,8,,,0
7000,'5015',858,,5567,8,,,0,100,,5563,8,,,0,188,,5565,8,,,0,174,,5561,8,,,0,307,,5562,8,,,0,127,,5560,8,,,0,192,,5564,8,,,0,190,,6361,8,,,0
7000,'5221',958,,5572,8,,,0,188,,5568,8,,,0,174,,5569,8,,,0,307,,5570,8,,,0,319,,6362,8,,,0
7001,'4623',1859,,6363,3,,,0,142,,5574,3,,,0
7001,'5014',523,,5576,3,,,0,105,,5575,3,,,0,189,,5577,3,,,0,325,,5579,3,,,0,288,,5581,3,,,0,196,,5578,3,,,0,130,,5580,3,,,0
7001,'5015',710,,5589,3,,,0,100,,5585,3,,,0,145,,5587,3,,,0,163,,5583,3,,,0,314,,5584,3,,,0,174,,5582,3,,,0,150,,5586,3,,,0,189,,6364,3,,,0
7001,'5221',810,,5594,3,,,0,145,,5591,3,,,0,163,,5590,3,,,0,314,,5592,3,,,0,324,,6365,3,,,0
7800,'5014',627,,5719,1,,,0,100,,5720,1,,,0,230,,6407,1,,,0,644,,6408,1,,,0,229,,5723,1,,,0
7801,'5014',625,,5724,10,4,,0,100,,5725,10,4,,0,230,,6409,10,4,,0,604,,6410,10,4,,0,269,,5728,10,4,,0
