7000,'5034',946,,4061,5,,,0,188,,4057,5,,,0,174,,4058,5,,,0,307,,4059,5,,,0,319,,4060,5,,,0
7000,'5035',653,,4064,5,,,0,105,,4062,5,,,0,191,,4065,5,,,0,369,,4063,5,,,0,284,,4067,5,,,0,199,,4066,5,,,0
7000,'5037',1927,,4068,5,,,0
7000,'5039',1927,,4069,5,,,0
7000,'5040',2034,,4071,5,,,0,102,,4070,5,,,0
7000,'5041',846,,4079,5,,,0,100,,4075,5,,,0,188,,4077,5,,,0,174,,4073,5,,,0,307,,4074,5,,,0,127,,4072,5,,,0,192,,4076,5,,,0,190,,4078,5,,,0
7001,'5034',821,,4084,6,,,0,185,,4081,6,,,0,123,,4080,6,,,0,314,,4082,6,,,0,364,,4083,6,,,0
7001,'5035',535,,4086,6,,,0,105,,4085,6,,,0,189,,4087,6,,,0,325,,4089,6,,,0,288,,4090,6,,,0,196,,4088,6,,,0
7001,'5037',1808,,4091,6,,,0
7001,'5039',1808,,4092,6,,,0
7001,'5040',1911,,4093,6,,,0,102,,4094,6,,,0
7001,'5041',721,,4102,6,,,0,100,,4098,6,,,0,185,,4100,6,,,0,123,,4096,6,,,0,314,,4097,6,,,0,174,,4095,6,,,0,190,,4099,6,,,0,149,,4101,6,,,0
