2000,'5034',849,,2499,46,4,,0,259,,2502,46,4,,0,219,,2501,46,4,,0,221,,2503,46,4,,0,264,,2500,46,4,,0
2000,'5035',634,,3758,63,4,,0,111,,2517,63,4,,0,109,,3759,63,4,,0,65,,3749,46,4,,0,110,,3750,46,4,,0,110,,3751,46,4,,0,117,,3752,63,4,,0,103,,3753,46,4,,0,78,,2509,46,4,,0,111,,3754,46,4,,0,74,,3755,63,4,,0,118,,2512,63,4,,0,102,,3756,46,4,,0,187,,2514,63,4,,0,201,,3757,63,4,,0
2000,'5041',842,,2528,46,4,,0,112,,2527,46,4,,0,102,,2529,46,4,,0,158,,2519,46,4,,0,108,,2520,46,4,,0,112,,2522,46,4,,0,111,,2523,46,4,,0,109,,3760,46,4,,0,103,,3761,46,4,,0,253,,2524,63,4,,0,216,,2530,63,4,,0,102,,2526,63,4,,0
2001,'5034',900,,2531,1,,,0,226,,2533,1,,,0,219,,2532,1,,,0,209,,2534,1,,,0,266,,3762,1,,,0
2001,'5035',640,,3769,1,,,0,85,,3770,1,0,9 10 11,0,31,,2547,1,0,9 10 11,0,145,,3763,1,,,0,109,,3764,1,,,0,110,,3765,1,,,0,110,,3766,1,,,0,220,,3767,1,0,9 10 11,0,150,,2541,1,,,0,110,,2542,1,,,0,220,,3768,1,,,0,405,,2544,1,0,9 10 11,0
2001,'5038',1816,,2548,1,0,9 10 11,0,319,,2549,1,0,9 10 11,0
2001,'5039',1816,,2550,1,0,9 10 11,0,319,,2551,1,0,9 10 11,0
2001,'5040',1816,,2552,1,0,9 10 11,0,319,,2553,1,0,9 10 11,0
2001,'5041',910,,2560,1,,,0,48,,2564,1,,,0,145,,3772,1,,,0,127,,2554,1,,,0,115,,2563,1,,,0,102,,2557,1,,,0,107,,2562,1,,,0,104,,2558,1,,,0,151,,3771,1,,,0,325,,2559,1,0,9 10 11,0,200,,2556,1,0,9 10 11,0
1002000,'5034',743,,4180,69,4,,0,260,,3344,69,4,,0,210,,3343,69,4,,0,233,,3348,69,4,,0,257,,3345,69,4,,0,236,,3346,69,4,,0
1002000,'5035',659,,3349,52,4,,0,150,,4181,52,4,,0,104,,4182,69,4,,0,40,,4183,52,4,,0,151,,3353,52,4,,0,110,,3354,52,4,,0,110,,4184,52,4,,0,194,,3356,69,4,,0,137,,3357,52,4,,0,152,,3358,52,4,,0,110,,3359,52,4,,0,413,,3360,69,4,,0
1002000,'5038',2130,,3361,69,4,,0
1002000,'5039',2130,,3362,69,4,,0
1002000,'5040',2130,,3363,69,4,,0
1002000,'5041',707,,3369,69,4,,0,112,,3370,69,4,,0,111,,3365,69,4,,0,109,,4186,69,4,,0,115,,3373,69,4,,0,146,,3371,69,4,,0,101,,3366,69,4,,0,112,,3374,69,4,,0,116,,3367,69,4,,0,110,,4187,69,4,,0,165,,3368,69,4,,0,222,,4185,69,4,,0
1002001,'5034',748,,3381,1,,,0,210,,3380,1,,,0,272,,4188,1,,,0,222,,4189,1,,,0,258,,3377,1,,,0,305,,3379,1,,,0
1002001,'5035',715,,4190,1,,,0,110,,4191,1,,,0,94,,4192,1,,,0,126,,3385,1,,,0,110,,4193,1,,,0,150,,3387,1,,,0,35,,3388,1,,,0,75,,4194,1,,,0,110,,3390,1,,,0,110,,4195,1,,,0,112,,4196,1,,,0,108,,3393,1,,,0,178,,4197,1,,,0,202,,3395,1,,,0
1002001,'5041',712,,3400,1,,,0,113,,4200,1,,,0,110,,3396,1,,,0,111,,4199,1,,,0,103,,4204,1,,,0,156,,3406,1,,,0,110,,4198,1,,,0,104,,3403,1,,,0,117,,3398,1,,,0,109,,4202,1,,,0,164,,4201,1,,,0,103,,4205,1,,,0,220,,4203,1,,,0
