2000,'5035',610,,3758,35,0,9 12 2 5,0,108,,2517,35,0,9 12 2 5,0,108,,3759,35,0,9 12 2 5,0,402,,3752,35,0,9 12 2 5,0,324,,3755,35,0,9 12 2 5,0,159,,2512,35,0,9 12 2 5,0,292,,2514,35,0,9 12 2 5,0,203,,3757,35,0,9 12 2 5,0
2000,'5041',1943,,2524,35,0,9 12 2 5,0,258,,2530,35,0,9 12 2 5,0,102,,2526,35,0,9 12 2 5,0
2001,'5035',748,,3770,27,0,9 10 11,0,73,,2547,27,0,9 10 11,0,695,,3767,27,0,9 10 11,0,838,,2544,27,0,9 10 11,0
2001,'5038',1838,,2548,27,0,9 10 11,0,319,,2549,27,0,9 10 11,0
2001,'5039',1838,,2550,27,0,9 10 11,0,319,,2551,27,0,9 10 11,0
2001,'5040',1838,,2552,27,0,9 10 11,0,319,,2553,27,0,9 10 11,0
2001,'5041',2155,,2559,27,0,9 10 11,0,199,,2556,27,0,9 10 11,0
7201,'5034',811,,4128,30,,,0,113,,3132,30,,,0,111,,3134,30,,,0,116,,3135,30,,,0,104,,3133,30,,,0,155,,3137,30,,,0,107,,3138,30,,,0,111,,3139,30,,,0,106,,4129,30,,,0,110,,3131,30,,,0,114,,3136,30,,,0
7201,'5035',733,,3163,30,,,0,78,,4140,30,,,0,34,,3162,30,,,0,75,,3141,30,,,0,35,,3142,30,,,0,75,,4131,30,,,0,76,,3146,30,,,0,35,,4130,30,,,0,75,,3147,30,,,0,35,,4132,30,,,0,75,,3148,30,,,0,75,,4133,30,,,0,35,,3150,30,,,0,75,,3151,30,,,0,35,,3152,30,,,0,75,,4134,30,,,0,35,,4135,30,,,0,149,,4136,30,,,0,34,,3156,30,,,0,75,,4137,30,,,0,35,,4138,30,,,0,105,,4139,30,,,0,100,,3157,30,,,0
7201,'5036',1731,,3164,30,,,0
7201,'5037',2252,,4141,30,,,0,99,,4142,30,,,0
7201,'5039',2252,,4143,30,,,0,99,,4144,30,,,0
7201,'5040',1731,,4145,30,,,0
7201,'5041',738,,4146,30,,,0,110,,3170,30,,,0,96,,4148,30,,,0,78,,3173,30,,,0,34,,4150,30,,,0,75,,3174,30,,,0,75,,4149,30,,,0,35,,3175,30,,,0,75,,3181,30,,,0,43,,3183,30,,,0,67,,3184,30,,,0,83,,3185,30,,,0,27,,3186,30,,,0,82,,3187,30,,,0,27,,3171,30,,,0,77,,4151,30,,,0,32,,4152,30,,,0,75,,4153,30,,,0,74,,4154,30,,,0,35,,4156,30,,,0,96,,4155,30,,,0,122,,3176,30,,,0,100,,3177,30,,,0,99,,4147,30,,,0
1002000,'5034',718,,4180,41,,,0,218,,3344,41,,,0,210,,3343,41,,,0,272,,3348,41,,,0,218,,3345,41,,,0,277,,3346,41,,,0
1002000,'5035',846,,4182,41,,,0,602,,3356,41,,,0,858,,3360,41,,,0
1002000,'5038',2106,,3361,41,,,0
1002000,'5039',2106,,3362,41,,,0
1002000,'5040',2106,,3363,41,,,0
1002000,'5041',642,,3369,41,,,0,112,,3370,41,,,0,150,,3365,41,,,0,107,,4186,41,,,0,115,,3373,41,,,0,106,,3371,41,,,0,100,,3366,41,,,0,112,,3374,41,,,0,158,,3367,41,,,0,110,,4187,41,,,0,125,,3368,41,,,0,264,,4185,41,,,0
1002001,'5034',809,,3381,27,,,0,212,,3380,27,,,0,232,,4188,27,,,0,262,,4189,27,,,0,217,,3377,27,,,0,305,,3379,27,,,0
1002001,'5035',942,,4192,27,,,0,464,,3388,27,,,0,35,,4194,27,,,0,109,,3390,27,,,0,109,,4195,27,,,0,396,,4197,27,,,0,200,,3395,27,,,0
1002001,'5041',733,,3400,27,,,0,113,,4200,27,,,0,111,,3396,27,,,0,151,,4199,27,,,0,103,,4204,27,,,0,117,,3406,27,,,0,110,,4198,27,,,0,104,,3403,27,,,0,116,,3398,27,,,0,149,,4202,27,,,0,124,,4201,27,,,0,103,,4205,27,,,0,219,,4203,27,,,0
