2000,'5034',826,,2499,23,,,0,218,,2502,23,,,0,259,,2501,23,,,0,221,,2503,23,,,0,225,,2500,23,,,0
2000,'5035',601,,3758,23,0,9 12 2 5,0,108,,2517,23,0,9 12 2 5,0,107,,3759,23,0,9 12 2 5,0,38,,3749,23,,,0,149,,3750,23,,,0,110,,3751,23,,,0,105,,3752,23,0,9 12 2 5,0,115,,3753,23,,,0,78,,2509,23,,,0,110,,3754,23,,,0,20,,3755,23,0,9 12 2 5,0,160,,2512,23,0,9 12 2 5,0,117,,3756,23,,,0,136,,2514,23,0,9 12 2 5,0,203,,3757,23,0,9 12 2 5,0
2000,'5041',817,,2528,23,,,0,112,,2527,23,,,0,100,,2529,23,,,0,118,,2519,23,,,0,108,,2520,23,,,0,151,,2522,23,,,0,111,,2523,23,,,0,111,,3760,23,,,0,103,,3761,23,,,0,204,,2524,23,0,9 12 2 5,0,218,,2530,23,0,9 12 2 5,0,102,,2526,23,0,9 12 2 5,0
9200,'5038',1430,,4167,19,,,0,2,,3261,19,,,0
9200,'5039',1528,,4169,19,,,0,2,,4168,19,,,0
9200,'5040',1409,,4170,19,,,0,2,,3265,19,,,0
1002000,'5034',710,,4180,29,,,0,218,,3344,29,,,0,209,,3343,29,,,0,272,,3348,29,,,0,218,,3345,29,,,0,278,,3346,29,,,0
1002000,'5035',635,,3349,29,,,0,108,,4181,29,,,0,93,,4182,29,,,0,91,,4183,29,,,0,110,,3353,29,,,0,110,,3354,29,,,0,110,,4184,29,,,0,180,,3356,29,,,0,190,,3357,29,,,0,113,,3358,29,,,0,112,,3359,29,,,0,405,,3360,29,,,0
1002000,'5038',2057,,3361,29,,,0
1002000,'5039',2057,,3362,29,,,0
1002000,'5040',2057,,3363,29,,,0
1002000,'5041',634,,3369,29,,,0,112,,3370,29,,,0,110,,3365,29,,,0,147,,4186,29,,,0,114,,3373,29,,,0,106,,3371,29,,,0,100,,3366,29,,,0,112,,3374,29,,,0,118,,3367,29,,,0,150,,4187,29,,,0,125,,3368,29,,,0,225,,4185,29,,,0
