2000,'4623',1653,,5099,11,0,9 12 2 5,0
2000,'5014',554,,5111,11,0,9 12 2 5,0,148,,6139,11,0,9 12 2 5,0,105,,5113,11,0,9 12 2 5,0,39,,6136,11,,,0,110,,5101,11,,,0,150,,5102,11,,,0,105,,5103,11,0,9 12 2 5,0,114,,5104,11,,,0,78,,5105,11,,,0,110,,6137,11,,,0,20,,5107,11,0,9 12 2 5,0,278,,6138,11,,,0,136,,5109,11,0,9 12 2 5,0,203,,5110,11,0,9 12 2 5,0
2000,'5015',810,,6143,11,,,0,112,,5122,11,,,0,100,,6144,11,,,0,118,,5114,11,,,0,108,,5115,11,,,0,111,,5117,11,,,0,151,,6141,11,,,0,111,,6140,11,,,0,103,,5120,11,,,0,204,,6142,11,0,9 12 2 5,0,218,,6145,11,0,9 12 2 5,0,102,,5121,11,0,9 12 2 5,0
2000,'5221',819,,5126,11,,,0,218,,5129,11,,,0,219,,5128,11,,,0,260,,5130,11,,,0,225,,5127,11,,,0
2000,'5222',1653,,5131,11,0,9 12 2 5,0
1002000,'4623',1030,,6419,17,,,0,398,,5857,17,,,0
1002000,'5014',628,,5858,17,,,0,107,,5859,17,,,0,185,,5860,17,,,0,220,,5861,17,,,0,110,,5862,17,,,0,369,,5863,17,,,0,113,,5864,17,,,0,113,,5865,17,,,0,205,,5866,17,,,0,200,,5867,17,,,0
1002000,'5015',627,,6420,17,,,0,112,,6421,17,,,0,110,,5869,17,,,0,107,,5876,17,,,0,154,,5877,17,,,0,106,,5875,17,,,0,100,,5870,17,,,0,112,,5878,17,,,0,118,,5871,17,,,0,110,,5879,17,,,0,165,,5872,17,,,0,225,,5868,17,,,0
1002000,'5221',703,,5884,17,,,0,218,,5881,17,,,0,209,,5880,17,,,0,271,,5885,17,,,0,218,,5882,17,,,0,239,,5883,17,,,0
1002000,'5222',1030,,6422,17,,,0,398,,5887,17,,,0
