2001,'5014',652,,5143,15,,,0,158,,5144,15,0,9 10 11,0,104,,5132,15,,,0,109,,5133,15,,,0,110,,5134,15,,,0,111,,5135,15,,,0,260,,5136,15,0,9 10 11,0,110,,5137,15,,,0,110,,5138,15,,,0,105,,5139,15,0,9 10 11,0,114,,5140,15,,,0,205,,5141,15,0,9 10 11,0,198,,5142,15,0,9 10 11,0
2001,'5015',923,,5151,15,,,0,88,,5155,15,,,0,105,,5152,15,,,0,128,,5145,15,,,0,115,,5154,15,,,0,142,,5148,15,,,0,107,,5153,15,,,0,103,,5149,15,,,0,111,,5146,15,,,0,324,,5150,15,0,9 10 11,0,199,,5147,15,0,9 10 11,0
2001,'5221',913,,5156,15,,,0,227,,5158,15,,,0,219,,5157,15,,,0,249,,5159,15,,,0,225,,5160,15,,,0
7201,'4623',1459,,5657,16,,,0
7201,'5014',721,,5682,16,,,0,37,,5680,16,,,0,75,,5681,16,,,0,75,,5658,16,,,0,35,,5659,16,,,0,75,,5661,16,,,0,36,,5663,16,,,0,75,,5660,16,,,0,75,,5664,16,,,0,35,,5662,16,,,0,75,,5665,16,,,0,35,,5666,16,,,0,75,,5667,16,,,0,110,,5668,16,,,0,75,,5669,16,,,0,35,,5670,16,,,0,75,,5671,16,,,0,34,,5672,16,,,0,75,,5673,16,,,0,75,,5675,16,,,0,35,,5676,16,,,0,105,,5677,16,,,0,100,,5674,16,,,0,99,,5678,16,,,0,99,,5679,16,,,0
7201,'5015',727,,5685,16,,,0,110,,5683,16,,,0,96,,5692,16,,,0,78,,5686,16,,,0,33,,5695,16,,,0,75,,5687,16,,,0,35,,5693,16,,,0,75,,5688,16,,,0,75,,5694,16,,,0,43,,5696,16,,,0,67,,5697,16,,,0,43,,5698,16,,,0,67,,5699,16,,,0,83,,5700,16,,,0,27,,5684,16,,,0,77,,5701,16,,,0,32,,5702,16,,,0,75,,5703,16,,,0,35,,5704,16,,,0,75,,5706,16,,,0,96,,5705,16,,,0,122,,5689,16,,,0,100,,5690,16,,,0,99,,5691,16,,,0
7201,'5221',800,,5707,16,,,0,113,,5709,16,,,0,111,,5711,16,,,0,116,,5712,16,,,0,104,,5710,16,,,0,115,,5714,16,,,0,147,,5715,16,,,0,111,,5716,16,,,0,106,,5717,16,,,0,110,,5708,16,,,0,115,,5713,16,,,0
7201,'5222',1459,,5718,16,,,0
1002001,'4623',932,,5888,15,,,0,607,,5889,15,,,0
1002001,'5014',727,,5890,15,,,0,111,,5891,15,,,0,220,,5892,15,,,0,150,,5893,15,,,0,111,,5894,15,,,0,35,,5895,15,,,0,75,,5896,15,,,0,220,,5897,15,,,0,151,,5898,15,,,0,108,,5899,15,,,0,138,,5900,15,,,0,201,,5901,15,,,0
1002001,'5015',724,,5906,15,,,0,113,,5907,15,,,0,111,,5902,15,,,0,111,,5905,15,,,0,143,,5913,15,,,0,117,,5912,15,,,0,110,,5903,15,,,0,104,,5909,15,,,0,116,,5904,15,,,0,109,,5910,15,,,0,164,,5908,15,,,0,103,,5914,15,,,0,219,,5911,15,,,0
1002001,'5221',800,,5920,15,,,0,212,,5919,15,,,0,232,,5915,15,,,0,262,,5917,15,,,0,217,,5916,15,,,0,305,,5918,15,,,0
1002001,'5222',932,,5921,15,,,0,607,,5922,15,,,0
