4001,'4623',736,,6313,50,,,0,476,,6312,50,,,0
4001,'5014',703,,5497,50,,,0,108,,6332,50,,,0,30,,6331,50,,,0,72,,6323,50,,,0,28,,5480,50,,,0,69,,6324,50,,,0,30,,5481,50,,,0,70,,6325,50,,,0,31,,6326,50,,,0,104,,5484,50,,,0,70,,5485,50,,,0,30,,6327,50,,,0,71,,5487,50,,,0,31,,5488,50,,,0,70,,5489,50,,,0,30,,5490,50,,,0,69,,6328,50,,,0,30,,5491,50,,,0,69,,6329,50,,,0,28,,6333,50,,,0,69,,5495,50,,,0,29,,6330,50,,,0,70,,5496,50,,,0,36,,6322,50,,,0,70,,5476,50,,,0,29,,6321,50,,,0,69,,6317,50,,,0,30,,6320,50,,,0,70,,6316,50,,,0,26,,6319,50,,,0,69,,6315,50,,,0,30,,6318,50,,,0,70,,6314,50,,,0
4001,'5015',733,,5528,50,,,0,84,,6343,50,,,0,34,,5525,50,,,0,74,,6346,50,,,0,77,,5514,50,,,0,37,,6345,50,,,0,76,,6334,50,,,0,35,,5523,50,,,0,76,,6336,50,,,0,76,,6338,50,,,0,35,,6339,50,,,0,76,,6347,50,,,0,35,,6335,50,,,0,71,,5519,50,,,0,37,,6340,50,,,0,75,,5520,50,,,0,75,,5506,50,,,0,32,,6341,50,,,0,75,,6344,50,,,0,35,,5508,50,,,0,74,,5507,50,,,0,35,,5504,50,,,0,74,,5526,50,,,0,74,,6337,50,,,0,34,,6348,50,,,0,75,,6342,50,,,0,100,,5502,50,,,0,100,,5510,50,,,0
4001,'5221',735,,5548,50,,,0,107,,5536,50,,,0,161,,6355,50,,,0,110,,5545,50,,,0,36,,6351,50,,,0,75,,5532,50,,,0,78,,5529,50,,,0,32,,5530,50,,,0,75,,6356,50,,,0,35,,5533,50,,,0,75,,6354,50,,,0,37,,5537,50,,,0,67,,6353,50,,,0,80,,5531,50,,,0,35,,5544,50,,,0,75,,5542,50,,,0,33,,6357,50,,,0,69,,6349,50,,,0,40,,6350,50,,,0,75,,6352,50,,,0
4001,'5222',736,,6359,50,,,0,476,,6358,50,,,0
1002001,'4623',1008,,6423,63,,,0,610,,5889,63,,,0
1002001,'5014',748,,5890,46,,,0,111,,5891,46,,,0,259,,5892,46,,,0,110,,6424,46,,,0,111,,5894,46,,,0,97,,5895,63,,,0,76,,5896,63,,,0,213,,5897,63,,,0,95,,6425,46,,,0,107,,5899,46,,,0,192,,5900,63,,,0,200,,5901,63,,,0
1002001,'5015',756,,6427,63,,,0,154,,5907,63,,,0,112,,6426,63,,,0,111,,5905,63,,,0,103,,6429,63,,,0,117,,5912,63,,,0,150,,5903,63,,,0,104,,5909,63,,,0,115,,5904,63,,,0,109,,5910,63,,,0,124,,5908,63,,,0,102,,6430,63,,,0,259,,6428,63,,,0
1002001,'5221',833,,6433,63,,,0,214,,5919,63,,,0,271,,6431,63,,,0,222,,5917,63,,,0,216,,6432,63,,,0,344,,5918,63,,,0
1002001,'5222',1008,,6434,63,,,0,610,,5922,63,,,0
