500,'5034',856,,1954,11,0,5,0,150,,3518,11,0,5,0,112,,3516,11,0,5,0,100,,3517,11,0,5,0,130,,3519,11,0,5,0,104,,1953,11,0,5,0,156,,1960,11,0,5,0,110,,1959,11,0,5,0,110,,1961,11,0,5,0,110,,1957,11,0,5,0
500,'5035',621,,3522,11,0,5,0,86,,1968,11,0,5,0,108,,3520,11,0,6 7,0,6,,1972,11,0,5,0,108,,1963,11,0,5,0,110,,1967,11,0,5,0,101,,1965,11,0,5,0,99,,1966,11,0,5,0,168,,3523,11,0,5,0,99,,3521,11,0,5,0,503,,3524,11,0,5,0,108,,3525,11,0,5,0,109,,1973,11,0,5,0,89,,1975,11,0,5,0
500,'5036',1854,,1977,11,0,5,0
500,'5038',1527,,3527,11,0,6 7,0,94,,3529,11,0,5,0,119,,3528,11,0,5,0
500,'5039',1527,,3530,11,0,6 7,0,94,,3532,11,0,5,0,119,,3531,11,0,5,0
500,'5040',1527,,3533,11,0,6 7,0,94,,3536,11,0,5,0,119,,3534,11,0,5,0,114,,3535,11,0,5,0
500,'5041',809,,1988,11,0,5,0,196,,3537,11,0,5,0,110,,1990,11,0,5,0,116,,1991,11,0,5,0,117,,3538,11,0,5,0,109,,1993,11,0,5,0,150,,3539,11,0,5,0,109,,1995,11,0,5,0,112,,1996,11,0,5,0,109,,3540,11,0,5,0,105,,3541,11,0,5,0,107,,1999,11,0,5,0,109,,2000,11,0,5,0
1500,'5034',800,,2431,13,,,0,113,,2430,13,,,0,110,,2428,13,,,0,111,,2426,13,,,0,109,,2432,13,,,0,109,,2424,13,,,0,150,,2427,13,,,0,110,,2423,13,,,0,110,,2433,13,,,0,109,,2429,13,,,0,111,,2425,13,,,0
1500,'5035',922,,2435,13,,,0,30,,2434,13,,,0,70,,2436,13,,,0,30,,3725,13,,,0,69,,3724,13,,,0,31,,3723,13,,,0,69,,3722,13,,,0,100,,2444,13,,,0,30,,2443,13,,,0,75,,2442,13,,,0,33,,2441,13,,,0,372,,3726,13,,,0,219,,3727,13,,,0
1500,'5038',1940,,2447,13,,,0
1500,'5039',1940,,2448,13,,,0
1500,'5040',1940,,2449,13,,,0
1500,'5041',800,,2457,13,,,0,110,,2452,13,,,0,110,,2460,13,,,0,108,,2456,13,,,0,119,,3730,13,,,0,105,,2453,13,,,0,150,,3731,13,,,0,110,,3732,13,,,0,114,,3728,13,,,0,106,,3729,13,,,0,110,,2454,13,,,0,107,,2461,13,,,0
1001500,'5035',703,,3323,18,,,0,35,,4171,18,,,0,77,,3322,18,,,0,33,,4172,18,,,0,401,,4173,18,,,0,285,,3327,18,,,0,76,,3328,18,,,0,37,,3325,18,,,0,76,,3326,18,,,0
1001500,'5037',1758,,4174,18,,,0
1001500,'5039',1758,,4175,18,,,0
