1500,'5034',745,,2431,2,,,0,113,,2430,2,,,0,150,,2428,2,,,0,111,,2426,2,,,0,108,,2432,2,,,0,109,,2424,2,,,0,110,,2427,2,,,0,110,,2423,2,,,0,150,,2433,2,,,0,109,,2429,2,,,0,112,,2425,2,,,0
1500,'5035',905,,2435,2,,,0,30,,2434,2,,,0,70,,2436,2,,,0,30,,3725,2,,,0,69,,3724,2,,,0,31,,3723,2,,,0,69,,3722,2,,,0,100,,2444,2,,,0,30,,2443,2,,,0,75,,2442,2,,,0,32,,2441,2,,,0,373,,3726,2,,,0,219,,3727,2,,,0
1500,'5038',1923,,2447,2,,,0
1500,'5039',1923,,2448,2,,,0
1500,'5040',1923,,2449,2,,,0
1500,'5041',745,,2457,2,,,0,110,,2452,2,,,0,150,,2460,2,,,0,107,,2456,2,,,0,119,,3730,2,,,0,105,,2453,2,,,0,110,,3731,2,,,0,110,,3732,2,,,0,154,,3728,2,,,0,106,,3729,2,,,0,111,,2454,2,,,0,107,,2461,2,,,0
3000,'5034',707,,2603,3,,,0,117,,3794,3,,,0,104,,3793,3,,,0,106,,2606,3,,,0,113,,2597,3,,,0,109,,2599,3,,,0,150,,2605,3,,,0,110,,2600,3,,,0,110,,3792,3,,,0,111,,2598,3,,,0,111,,2604,3,,,0
3000,'5035',611,,3797,3,,,0,35,,2630,3,,,0,56,,2631,3,,,0,16,,2626,3,,,0,17,,2632,3,,,0,17,,2629,3,,,0,57,,2633,3,,,0,18,,2627,3,,,0,76,,3795,3,,,0,35,,2609,3,,,0,74,,2610,3,,,0,35,,2611,3,,,0,74,,2612,3,,,0,35,,2613,3,,,0,75,,2614,3,,,0,74,,2615,3,,,0,34,,2616,3,,,0,74,,2617,3,,,0,111,,2618,3,,,0,110,,2619,3,,,0,116,,2620,3,,,0,77,,2621,3,,,0,110,,2622,3,,,0,102,,3796,3,,,0,102,,2624,3,,,0,102,,2625,3,,,0
3000,'5036',1448,,2634,3,,,0,266,,2635,3,,,0
3000,'5037',1600,,3798,3,,,0
3000,'5039',1600,,3799,3,,,0
3000,'5040',1448,,3800,3,,,0,266,,3801,3,,,0
3000,'5041',642,,2655,3,,,0,105,,3812,3,,,0,77,,3808,3,,,0,31,,2653,3,,,0,73,,3807,3,,,0,77,,2648,3,,,0,31,,2646,3,,,0,75,,2661,3,,,0,35,,2660,3,,,0,74,,2663,3,,,0,35,,2647,3,,,0,75,,2642,3,,,0,75,,3806,3,,,0,35,,2656,3,,,0,79,,3802,3,,,0,32,,3810,3,,,0,75,,2650,3,,,0,79,,2641,3,,,0,31,,2649,3,,,0,76,,3803,3,,,0,111,,3809,3,,,0,113,,3804,3,,,0,104,,3811,3,,,0,100,,3805,3,,,0
1001500,'5035',643,,3323,2,,,0,75,,4171,2,,,0,34,,3322,2,,,0,75,,4172,2,,,0,401,,4173,2,,,0,285,,3327,2,,,0,36,,3328,2,,,0,77,,3325,2,,,0,76,,3326,2,,,0
1001500,'5037',1737,,4174,2,,,0
1001500,'5039',1737,,4175,2,,,0
