900,'5014',603,,6105,1,,,0,100,,4951,1,,,0,30,,4949,1,,,0,70,,4950,1,,,0,34,,6104,1,,,0,66,,4934,1,,,0,56,,4933,1,,,0,144,,4932,1,,,0,97,,4935,1,,,0,59,,4953,1,,,0,89,,4937,1,,,0,85,,4936,1,,,0,85,,4938,1,,,0,84,,6103,1,,,0,31,,4941,1,,,0,73,,4939,1,,,0,30,,4942,1,,,0,74,,4943,1,,,0,92,,4944,1,,,0,103,,4946,1,,,0,96,,4947,1,,,0,99,,4948,1,,,0
900,'5015',730,,4954,1,,,0,100,,4956,1,,,0,80,,4957,1,,,0,98,,4962,1,,,0,44,,6106,1,,,0,173,,4958,1,,,0,108,,4967,1,,,0,72,,4961,1,,,0,40,,4960,1,,,0,66,,4968,1,,,0,31,,6107,1,,,0,106,,4955,1,,,0,102,,4963,1,,,0,155,,6108,1,,,0,97,,4965,1,,,0
900,'5221',815,,4974,1,,,0,102,,4971,1,,,0,132,,4977,1,,,0,163,,4973,1,,,0,129,,4978,1,,,0,100,,4969,1,,,0,170,,4970,1,,,0,134,,4972,1,,,0,164,,6109,1,,,0,120,,4975,1,,,0
901,'5014',557,,6112,47,4,,0,100,,4998,54,4,,0,70,,5000,47,4,,0,30,,4996,54,4,,0,70,,6111,47,4,,0,30,,4979,61,4,,0,96,,4980,47,4,,0,104,,4981,54,4,,0,97,,4982,47,4,,0,99,,5001,61,4,,0,89,,4984,54,4,,0,81,,4983,47,4,,0,88,,4985,54,4,,0,45,,6110,47,4,,0,71,,4988,54,4,,0,73,,4987,61,4,,0,30,,4989,54,4,,0,74,,4990,47,4,,0,52,,4992,54,4,,0,103,,4994,47,4,,0,96,,4991,54,4,,0,99,,4995,47,4,,0,200,,4993,61,4,,0
901,'5015',724,,5002,61,4,,0,96,,5005,47,4,,0,37,,5006,47,4,,0,145,,5011,54,4,,0,44,,6113,47,4,,0,173,,5007,54,4,,0,105,,5016,47,4,,0,35,,5010,54,4,,0,79,,5009,54,4,,0,97,,6114,47,4,,0,107,,5003,54,4,,0,100,,5012,47,4,,0,117,,6115,54,4,,0,97,,5014,47,4,,0,245,,5004,61,4,,0
901,'5221',803,,5022,61,4,,0,97,,5019,61,4,,0,143,,5025,61,4,,0,113,,5021,61,4,,0,169,,5026,61,4,,0,109,,5017,61,4,,0,167,,5018,61,4,,0,134,,5020,61,4,,0,168,,6116,61,4,,0,115,,5023,61,4,,0
9701,'5014',800,,5789,1,,,0,28,,5789,44,4,,0,29,,5790,1,,,0,67,,5790,44,4,,0,78,,5788,1,,,0,27,,5788,44,4,,0,71,,5787,1,,,0,27,,5787,44,4,,0,73,,5785,1,,,0,27,,5785,44,4,,0,75,,5786,1,,,0,27,,5786,44,4,,0,28,,5784,1,,,0,67,,5784,44,4,,0,78,,5782,1,,,0,27,,5782,44,4,,0,30,,5781,1,,,0,67,,5781,44,4,,0,76,,5791,1,,,0,27,,5791,44,4,,0,81,,5783,1,,,0,26,,5783,44,4,,0
9701,'5015',730,,5792,1,,,0,26,,5792,44,4,,0,74,,5793,1,,,0,26,,5793,44,4,,0,82,,5794,1,,,0,68,,5794,44,4,,0,44,,5795,1,,,0,68,,5795,44,4,,0,92,,5796,1,,,0,28,,5796,44,4,,0,66,,5798,1,,,0,28,,5798,44,4,,0,81,,5797,1,,,0,27,,5797,44,4,,0,71,,5799,1,,,0,27,,5799,44,4,,0,70,,5800,1,,,0,27,,5800,44,4,,0,75,,5801,1,,,0,27,,5801,44,4,,0
9801,'5014',738,,5809,1,,,0,20,,5809,30,4,,0,76,,5808,1,,,0,21,,5808,31,4,,0,82,,5811,1,,,0,20,,5811,30,4,,0,81,,5807,1,,,0,20,,5807,30,4,,0,179,,5806,1,,,0,20,,5806,30,4,,0,77,,5804,1,,,0,20,,5804,30,4,,0,85,,5805,1,,,0,61,,5805,31,4,,0,35,,5802,1,,,0,20,,5802,30,4,,0,85,,5810,1,,,0,60,,5810,30,4,,0,38,,5803,1,,,0,20,,5803,30,4,,0
9801,'5015',710,,5812,1,,,0,18,,5812,30,4,,0,80,,5813,1,,,0,19,,5813,30,4,,0,89,,5815,1,,,0,20,,5815,30,4,,0,92,,5814,1,,,0,20,,5814,30,4,,0,99,,5817,1,,,0,60,,5817,30,4,,0,34,,5816,1,,,0,60,,5816,30,4,,0,49,,5818,1,,,0,60,,5818,30,4,,0,39,,5819,1,,,0,59,,5819,30,4,,0,38,,5820,1,,,0,59,,5820,30,4,,0,43,,5821,1,,,0,59,,5821,30,4,,0,42,,5822,1,,,0,59,,5822,30,4,,0
9900,'5014',1054,,6411,14,4,,0,794,,5823,11,4,,0
9900,'5015',1045,,5825,14,4,,0,798,,5826,11,4,,0
9900,'5221',1045,,5827,14,4,,0,798,,5828,11,4,,0
9901,'5014',911,,6412,1,,,0,793,,5829,1,,,0
9901,'5015',900,,5832,1,,,0,754,,5831,1,,,0
9901,'5221',905,,5833,1,,,0,747,,5834,1,,,0
