2000,'5034',836,,2499,35,,,0,219,,2502,35,,,0,259,,2501,35,,,0,221,,2503,35,,,0,265,,2500,35,,,0
2000,'5035',623,,3758,52,,,0,110,,2517,52,,,0,107,,3759,52,,,0,66,,3749,35,,,0,110,,3750,35,,,0,110,,3751,35,,,0,117,,3752,52,,,0,103,,3753,35,,,0,78,,2509,35,,,0,110,,3754,35,,,0,74,,3755,52,,,0,119,,2512,52,,,0,104,,3756,35,,,0,187,,2514,52,,,0,201,,3757,52,,,0
2000,'5041',829,,2528,35,,,0,112,,2527,35,,,0,101,,2529,35,,,0,158,,2519,35,,,0,108,,2520,35,,,0,112,,2522,35,,,0,111,,2523,35,,,0,110,,3760,35,,,0,103,,3761,35,,,0,213,,2524,52,,,0,257,,2530,52,,,0,102,,2526,52,,,0
2500,'5034',759,,3773,17,0,5,0,250,,3774,17,0,13 14,0,215,,2567,17,0,13 14,0,515,,2568,17,0,5,0,220,,2569,17,0,13 14,0
2500,'5035',802,,2570,17,0,5,0,207,,3775,17,0,13 14,0,226,,2572,17,0,5,0,165,,3776,17,0,13 14,0,333,,2574,17,0,13 14,0
2500,'5041',759,,3777,17,0,5,0,250,,3779,17,0,13 14,0,215,,3778,17,0,13 14,0,515,,3780,17,0,5,0,220,,2575,17,0,13 14,0
1002000,'5034',731,,4180,58,,,0,219,,3344,58,,,0,250,,3343,58,,,0,233,,3348,58,,,0,217,,3345,58,,,0,277,,3346,58,,,0
1002000,'5035',647,,3349,41,,,0,109,,4181,41,,,0,144,,4182,58,,,0,40,,4183,41,,,0,111,,3353,41,,,0,150,,3354,41,,,0,110,,4184,41,,,0,193,,3356,58,,,0,137,,3357,41,,,0,113,,3358,41,,,0,152,,3359,41,,,0,413,,3360,58,,,0
1002000,'5038',2119,,3361,58,,,0
1002000,'5039',2119,,3362,58,,,0
1002000,'5040',2119,,3363,58,,,0
1002000,'5041',655,,3369,58,,,0,152,,3370,58,,,0,110,,3365,58,,,0,108,,4186,58,,,0,115,,3373,58,,,0,106,,3371,58,,,0,101,,3366,58,,,0,112,,3374,58,,,0,157,,3367,58,,,0,110,,4187,58,,,0,125,,3368,58,,,0,263,,4185,58,,,0
