2000,'5034',818,,2499,10,,,0,218,,2502,10,,,0,218,,2501,10,,,0,260,,2503,10,,,0,226,,2500,10,,,0
2000,'5035',553,,3758,10,0,9 12 2 5,0,148,,2517,10,0,9 12 2 5,0,105,,3759,10,0,9 12 2 5,0,39,,3749,10,,,0,110,,3750,10,,,0,150,,3751,10,,,0,105,,3752,10,0,9 12 2 5,0,114,,3753,10,,,0,77,,2509,10,,,0,110,,3754,10,,,0,20,,3755,10,0,9 12 2 5,0,120,,2512,10,0,9 12 2 5,0,159,,3756,10,,,0,136,,2514,10,0,9 12 2 5,0,203,,3757,10,0,9 12 2 5,0
2000,'5041',809,,2528,10,,,0,112,,2527,10,,,0,100,,2529,10,,,0,118,,2519,10,,,0,107,,2520,10,,,0,111,,2522,10,,,0,151,,2523,10,,,0,111,,3760,10,,,0,104,,3761,10,,,0,204,,2524,10,0,9 12 2 5,0,218,,2530,10,0,9 12 2 5,0,102,,2526,10,0,9 12 2 5,0
9200,'5038',1419,,4167,6,,,0,2,,3261,6,,,0
9200,'5039',1519,,4169,6,,,0,2,,4168,6,,,0
9200,'5040',1359,,4170,6,,,0,42,,3265,6,,,0
1002000,'5034',702,,4180,16,,,0,218,,3344,16,,,0,209,,3343,16,,,0,271,,3348,16,,,0,218,,3345,16,,,0,239,,3346,16,,,0
1002000,'5035',627,,3349,16,,,0,107,,4181,16,,,0,92,,4182,16,,,0,93,,4183,16,,,0,110,,3353,16,,,0,110,,3354,16,,,0,110,,4184,16,,,0,178,,3356,16,,,0,191,,3357,16,,,0,113,,3358,16,,,0,113,,3359,16,,,0,405,,3360,16,,,0
1002000,'5038',2049,,3361,16,,,0
1002000,'5039',2049,,3362,16,,,0
1002000,'5040',2049,,3363,16,,,0
1002000,'5041',626,,3369,16,,,0,112,,3370,16,,,0,110,,3365,16,,,0,107,,4186,16,,,0,154,,3373,16,,,0,106,,3371,16,,,0,100,,3366,16,,,0,112,,3374,16,,,0,118,,3367,16,,,0,110,,4187,16,,,0,165,,3368,16,,,0,225,,4185,16,,,0
