2000,'4623',1707,,5099,30,0,9 12 2 5,0
2000,'5014',607,,5111,30,0,9 12 2 5,0,108,,5112,30,0,9 12 2 5,0,107,,5113,30,0,9 12 2 5,0,402,,5103,30,0,9 12 2 5,0,323,,5107,30,0,9 12 2 5,0,453,,5109,30,0,9 12 2 5,0,203,,5110,30,0,9 12 2 5,0
2000,'5015',1940,,5119,30,0,9 12 2 5,0,218,,5125,30,0,9 12 2 5,0,142,,5121,30,0,9 12 2 5,0
2000,'5222',1707,,5131,30,0,9 12 2 5,0
2001,'5014',817,,5144,22,0,9 10 11,0,695,,5136,22,0,9 10 11,0,323,,5139,22,0,9 10 11,0,319,,5141,22,0,9 10 11,0,197,,5142,22,0,9 10 11,0
2001,'5015',2152,,5150,22,0,9 10 11,0,199,,5147,22,0,9 10 11,0
1002000,'4623',1443,,5857,36,,,0
1002000,'5014',2103,,5866,36,,,0,200,,5867,36,,,0
1002000,'5015',639,,5873,36,,,0,112,,5874,36,,,0,150,,5869,36,,,0,107,,5876,36,,,0,115,,5877,36,,,0,106,,5875,36,,,0,100,,5870,36,,,0,112,,5878,36,,,0,118,,5871,36,,,0,150,,5879,36,,,0,125,,5872,36,,,0,224,,5868,36,,,0
1002000,'5221',715,,5884,36,,,0,218,,5881,36,,,0,210,,5880,36,,,0,272,,5885,36,,,0,218,,5882,36,,,0,277,,5883,36,,,0
1002000,'5222',1443,,5887,36,,,0
1002001,'4623',938,,5888,22,,,0,608,,5889,22,,,0
1002001,'5014',1402,,5895,22,,,0,35,,5896,22,,,0,218,,5897,22,,,0,397,,5900,22,,,0,200,,5901,22,,,0
1002001,'5015',730,,5906,22,,,0,113,,5907,22,,,0,111,,5902,22,,,0,151,,5905,22,,,0,103,,5913,22,,,0,117,,5912,22,,,0,110,,5903,22,,,0,104,,5909,22,,,0,116,,5904,22,,,0,149,,5910,22,,,0,124,,5908,22,,,0,103,,5914,22,,,0,219,,5911,22,,,0
1002001,'5221',806,,5920,22,,,0,212,,5919,22,,,0,232,,5915,22,,,0,262,,5917,22,,,0,217,,5916,22,,,0,305,,5918,22,,,0
1002001,'5222',938,,5921,22,,,0,608,,5922,22,,,0
