2000,'5034',820,,2499,13,,,0,218,,2502,13,,,0,219,,2501,13,,,0,260,,2503,13,,,0,225,,2500,13,,,0
2000,'5035',555,,3758,13,0,9 12 2 5,0,148,,2517,13,0,9 12 2 5,0,105,,3759,13,0,9 12 2 5,0,39,,3749,13,,,0,110,,3750,13,,,0,150,,3751,13,,,0,105,,3752,13,0,9 12 2 5,0,114,,3753,13,,,0,78,,2509,13,,,0,110,,3754,13,,,0,20,,3755,13,0,9 12 2 5,0,120,,2512,13,0,9 12 2 5,0,158,,3756,13,,,0,136,,2514,13,0,9 12 2 5,0,203,,3757,13,0,9 12 2 5,0
2000,'5041',811,,2528,13,,,0,112,,2527,13,,,0,100,,2529,13,,,0,118,,2519,13,,,0,108,,2520,13,,,0,151,,2522,13,,,0,111,,2523,13,,,0,111,,3760,13,,,0,103,,3761,13,,,0,204,,2524,13,0,9 12 2 5,0,218,,2530,13,0,9 12 2 5,0,102,,2526,13,0,9 12 2 5,0
9200,'5038',1422,,4167,9,,,0,2,,3261,9,,,0
9200,'5039',1521,,4169,9,,,0,2,,4168,9,,,0
9200,'5040',1402,,4170,9,,,0,2,,3265,9,,,0
1002000,'5034',704,,4180,19,,,0,218,,3344,19,,,0,209,,3343,19,,,0,271,,3348,19,,,0,218,,3345,19,,,0,239,,3346,19,,,0
1002000,'5035',629,,3349,19,,,0,107,,4181,19,,,0,93,,4182,19,,,0,92,,4183,19,,,0,110,,3353,19,,,0,110,,3354,19,,,0,110,,4184,19,,,0,178,,3356,19,,,0,191,,3357,19,,,0,113,,3358,19,,,0,113,,3359,19,,,0,405,,3360,19,,,0
1002000,'5038',2051,,3361,19,,,0
1002000,'5039',2051,,3362,19,,,0
1002000,'5040',2051,,3363,19,,,0
1002000,'5041',628,,3369,19,,,0,112,,3370,19,,,0,110,,3365,19,,,0,107,,4186,19,,,0,154,,3373,19,,,0,106,,3371,19,,,0,100,,3366,19,,,0,112,,3374,19,,,0,118,,3367,19,,,0,110,,4187,19,,,0,165,,3368,19,,,0,225,,4185,19,,,0
