1500,'5034',751,,2431,10,,,0,153,,2430,10,,,0,110,,2428,10,,,0,111,,2426,10,,,0,109,,2432,10,,,0,109,,2424,10,,,0,110,,2427,10,,,0,150,,2423,10,,,0,110,,2433,10,,,0,109,,2429,10,,,0,111,,2425,10,,,0
1500,'5035',913,,2435,10,,,0,30,,2434,10,,,0,70,,2436,10,,,0,30,,3725,10,,,0,69,,3724,10,,,0,31,,3723,10,,,0,69,,3722,10,,,0,100,,2444,10,,,0,30,,2443,10,,,0,75,,2442,10,,,0,32,,2441,10,,,0,373,,3726,10,,,0,219,,3727,10,,,0
1500,'5038',1931,,2447,10,,,0
1500,'5039',1931,,2448,10,,,0
1500,'5040',1931,,2449,10,,,0
1500,'5041',751,,2457,10,,,0,150,,2452,10,,,0,110,,2460,10,,,0,108,,2456,10,,,0,119,,3730,10,,,0,105,,2453,10,,,0,110,,3731,10,,,0,150,,3732,10,,,0,114,,3728,10,,,0,106,,3729,10,,,0,110,,2454,10,,,0,107,,2461,10,,,0
3000,'5034',712,,2603,11,,,0,117,,3794,11,,,0,105,,3793,11,,,0,107,,2606,11,,,0,113,,2597,11,,,0,149,,2599,11,,,0,110,,2605,11,,,0,110,,2600,11,,,0,110,,3792,11,,,0,111,,2598,11,,,0,111,,2604,11,,,0
3000,'5035',617,,3797,11,,,0,35,,2630,11,,,0,56,,2631,11,,,0,17,,2626,11,,,0,17,,2632,11,,,0,17,,2629,11,,,0,57,,2633,11,,,0,18,,2627,11,,,0,76,,3795,11,,,0,35,,2609,11,,,0,74,,2610,11,,,0,35,,2611,11,,,0,74,,2612,11,,,0,75,,2613,11,,,0,35,,2614,11,,,0,74,,2615,11,,,0,34,,2616,11,,,0,74,,2617,11,,,0,111,,2618,11,,,0,110,,2619,11,,,0,116,,2620,11,,,0,77,,2621,11,,,0,110,,2622,11,,,0,102,,3796,11,,,0,101,,2624,11,,,0,102,,2625,11,,,0
3000,'5036',1456,,2634,11,,,0,265,,2635,11,,,0
3000,'5037',1607,,3798,11,,,0
3000,'5039',1607,,3799,11,,,0
3000,'5040',1456,,3800,11,,,0,265,,3801,11,,,0
3000,'5041',647,,2655,11,,,0,105,,3812,11,,,0,77,,3808,11,,,0,72,,2653,11,,,0,33,,3807,11,,,0,77,,2648,11,,,0,32,,2646,11,,,0,75,,2661,11,,,0,35,,2660,11,,,0,74,,2663,11,,,0,75,,2647,11,,,0,35,,2642,11,,,0,75,,3806,11,,,0,35,,2656,11,,,0,79,,3802,11,,,0,32,,3810,11,,,0,75,,2650,11,,,0,79,,2641,11,,,0,31,,2649,11,,,0,76,,3803,11,,,0,111,,3809,11,,,0,112,,3804,11,,,0,104,,3811,11,,,0,99,,3805,11,,,0
1001500,'5035',650,,3323,10,,,0,75,,4171,10,,,0,75,,3322,10,,,0,35,,4172,10,,,0,401,,4173,10,,,0,285,,3327,10,,,0,36,,3328,10,,,0,77,,3325,10,,,0,76,,3326,10,,,0
1001500,'5037',1745,,4174,10,,,0
1001500,'5039',1745,,4175,10,,,0
