'2374',601,185100,4,'',0
'3319',600,70000,,'',0,11000,,'',0,10900,,'',0,11000,,'',0,10700,,'',0,11400,,'',0,15000,,'',0,11000,,'',0,11000,,'',0,11000,,'',0,11000,,'',0,11000,,'',0,15000,,'',0,11000,,'',0,10000,,'',0
'3319',601,74400,4,'',0,18500,4,'',0,11000,4,'',0,11000,4,'',0,15100,4,'',0,11000,4,'',0,11000,4,'',0,11000,4,'',0,11000,4,'',0,10900,4,'',0,11000,4,'',0,14900,4,'',0,10000,4,'',0,10000,4,'',0,4500,4,'',0
'3450',600,62400,,'',0,7600,,'',0,3500,,'',0,7400,,'',0,11100,,'',0,10400,,'',0,11100,,'',0,11300,,'',0,10300,,'',0,15500,,'',0,11300,,'',0,11200,,'',0,10900,,'',0,11000,,'',0,15000,,'',0,11000,,'',0,10000,,'',0,4400,,'',0,10000,,'',0,10000,,'',0
'3450',601,71100,4,'',0,3500,4,'',0,7800,4,'',0,10600,4,'',0,11100,4,'',0,10700,4,'',0,10800,4,'',0,15000,4,'',0,11300,4,'',0,11200,4,'',0,11400,4,'',0,10600,4,'',0,10800,4,'',0,15000,4,'',0,9900,4,'',0,10000,4,'',0,4400,4,'',0,10000,4,'',0,10000,4,'',0,9300,4,'',0
'3505',600,70000,,'',0,11000,,'',0,11000,,'',0,11000,,'',0,22000,,'',0,15000,,'',0,11000,,'',0,11000,,'',0,11000,,'',0,11000,,'',0,11000,,'',0
'3505',601,81900,4,'',0,11000,4,'',0,22000,4,'',0,11000,4,'',0,15000,4,'',0,11000,4,'',0,11000,4,'',0,11000,4,'',0,11000,4,'',0,11000,4,'',0
'3522',600,114000,,'',0
'3522',601,103900,4,'',0
'3628',600,62400,,'',0,7600,,'',0,3500,,'',0,7400,,'',0,11100,,'',0,10400,,'',0,11100,,'',0,11300,,'',0,10300,,'',0,15500,,'',0,11300,,'',0,11200,,'',0,10900,,'',0,11000,,'',0,15000,,'',0,11000,,'',0,10000,,'',0
'3628',601,71100,4,'',0,3500,4,'',0,7800,4,'',0,10600,4,'',0,11100,4,'',0,10700,4,'',0,10800,4,'',0,15000,4,'',0,11300,4,'',0,11200,4,'',0,11400,4,'',0,21400,4,'',0,15000,4,'',0,9900,4,'',0,10000,4,'',0,4400,4,'',0
'3691',601,185100,4,'',0
'3927',600,114000,,'',0
'3927',601,103900,4,'',0
