100,'5034',733,,3421,4,,,0,70,,3420,4,,,0,29,,1749,4,,,0,68,,3416,4,,,0,31,,1739,4,,,0,72,,1752,4,,,0,26,,3423,4,,,0,75,,3419,4,,,0,30,,1762,4,,,0,70,,3414,4,,,0,30,,3415,4,,,0,70,,3424,4,,,0,30,,3410,4,,,0,70,,3422,4,,,0,30,,3418,4,,,0,70,,1744,4,,,0,30,,3417,4,,,0,70,,1753,4,,,0,30,,3425,4,,,0,70,,3413,4,,,0,30,,3409,4,,,0,69,,3412,4,,,0,29,,1765,4,,,0,71,,1756,4,,,0,30,,3411,4,,,0,70,,1766,4,,,0,30,,1757,4,,,0,70,,1767,4,,,0,35,,1751,4,,,0
100,'5035',613,,1799,4,,,0,28,,3436,4,,,0,14,,1806,4,,,0,62,,1800,4,,,0,19,,3434,4,,,0,19,,1794,4,,,0,62,,1798,4,,,0,18,,3432,4,,,0,19,,1791,4,,,0,60,,3433,4,,,0,32,,3429,4,,,0,65,,3431,4,,,0,30,,3427,4,,,0,65,,3435,4,,,0,34,,3428,4,,,0,73,,1787,4,,,0,26,,1780,4,,,0,73,,1789,4,,,0,27,,1808,4,,,0,72,,1784,4,,,0,27,,1781,4,,,0,73,,1785,4,,,0,17,,3426,4,,,0,21,,1783,4,,,0,62,,1768,4,,,0,38,,1770,4,,,0,65,,1779,4,,,0,15,,3440,4,,,0,19,,3430,4,,,0,69,,1773,4,,,0,29,,3437,4,,,0,70,,1776,4,,,0,30,,3438,4,,,0,70,,1774,4,,,0,30,,1803,4,,,0,71,,1772,4,,,0,27,,1804,4,,,0,74,,1775,4,,,0,30,,3439,4,,,0,74,,1771,4,,,0,85,,1782,4,,,0
100,'5036',1628,,1809,4,,,0
100,'5040',1628,,3441,4,,,0
100,'5041',644,,3447,4,,,0,70,,1844,4,,,0,30,,1823,4,,,0,70,,1826,4,,,0,30,,1830,4,,,0,63,,1838,4,,,0,37,,3446,4,,,0,71,,1821,4,,,0,29,,1828,4,,,0,71,,3449,4,,,0,27,,1822,4,,,0,71,,1816,4,,,0,29,,1836,4,,,0,73,,3450,4,,,0,30,,1833,4,,,0,70,,1817,4,,,0,30,,3444,4,,,0,70,,3454,4,,,0,30,,3442,4,,,0,73,,3448,4,,,0,27,,1827,4,,,0,70,,1824,4,,,0,26,,3445,4,,,0,74,,1825,4,,,0,30,,3451,4,,,0,70,,1843,4,,,0,29,,3452,4,,,0,70,,3456,4,,,0,28,,1812,4,,,0,72,,1840,4,,,0,30,,1839,4,,,0,70,,3443,4,,,0,30,,3455,4,,,0,75,,3453,4,,,0
2500,'5034',747,,3773,3,0,5,0,210,,3774,3,0,13 14,0,255,,2567,3,0,13 14,0,515,,2568,3,0,5,0,220,,2569,3,0,13 14,0
2500,'5035',750,,2570,3,0,5,0,207,,3775,3,0,13 14,0,265,,2572,3,0,5,0,125,,3776,3,0,13 14,0,374,,2574,3,0,13 14,0
2500,'5041',747,,3777,3,0,5,0,210,,3779,3,0,13 14,0,255,,3778,3,0,13 14,0,515,,3780,3,0,5,0,220,,2575,3,0,13 14,0
3001,'5034',824,,2670,34,,,0,121,,3814,34,,,0,110,,2664,34,,,0,151,,3817,34,,,0,110,,3815,34,,,0,110,,2674,34,,,0,112,,3816,34,,,0,108,,2666,34,,,0,110,,2668,34,,,0,103,,3813,34,,,0,155,,2669,34,,,0
3001,'5035',648,,3823,34,,,0,86,,3822,34,,,0,79,,2698,34,,,0,18,,2700,34,,,0,16,,2697,34,,,0,58,,2701,34,,,0,17,,2675,34,,,0,34,,2676,34,,,0,75,,3818,34,,,0,75,,2678,34,,,0,35,,2679,34,,,0,76,,2680,34,,,0,35,,2682,34,,,0,75,,2683,34,,,0,76,,2684,34,,,0,35,,3819,34,,,0,76,,2685,34,,,0,37,,2686,34,,,0,108,,2687,34,,,0,74,,3820,34,,,0,74,,2689,34,,,0,34,,2690,34,,,0,75,,2691,34,,,0,35,,2693,34,,,0,108,,2694,34,,,0,197,,3821,34,,,0,100,,2695,34,,,0
3001,'5036',1625,,2702,34,,,0
3001,'5038',2159,,3824,34,,,0
3001,'5039',2159,,3825,34,,,0
3001,'5040',1625,,3826,34,,,0,534,,3827,34,,,0
3001,'5041',759,,2725,34,,,0,148,,3832,34,,,0,37,,3834,34,,,0,76,,2719,34,,,0,37,,2716,34,,,0,75,,2721,34,,,0,76,,2710,34,,,0,36,,2727,34,,,0,75,,2728,34,,,0,36,,2708,34,,,0,75,,2711,34,,,0,71,,2715,34,,,0,37,,2724,34,,,0,75,,3835,34,,,0,35,,3831,34,,,0,73,,3838,34,,,0,35,,3828,34,,,0,75,,3837,34,,,0,74,,3830,34,,,0,35,,2714,34,,,0,108,,3836,34,,,0,109,,3829,34,,,0,100,,2726,34,,,0,101,,3833,34,,,0
