700,'5034',727,,2145,1,,,0,109,,3597,1,,,0,121,,2150,1,,,0,144,,3596,1,,,0,111,,3595,1,,,0,106,,2143,1,,,0,109,,2147,1,,,0,112,,2141,1,,,0,111,,2149,1,,,0,106,,2148,1,,,0,150,,2142,1,,,0,105,,2140,1,,,0
700,'5035',620,,3601,1,,,0,84,,3606,1,,,0,16,,2170,1,,,0,29,,3602,1,,,0,75,,2154,1,,,0,113,,3600,1,,,0,115,,3605,1,,,0,158,,3598,1,,,0,115,,3599,1,,,0,115,,2161,1,,,0,105,,2162,1,,,0,165,,3603,1,,,0,114,,2159,1,,,0,80,,3609,1,,,0,35,,3604,1,,,0,115,,3607,1,,,0,151,,2166,1,,,0,119,,3608,1,,,0,33,,2152,1,,,0
700,'5037',1635,,3610,1,,,0
700,'5038',1750,,2172,1,,,0
700,'5039',1635,,3611,1,,,0,115,,2174,1,,,0
700,'5040',1750,,2175,1,,,0
700,'5041',726,,2181,1,,,0,110,,3616,1,,,0,110,,2186,1,,,0,111,,3612,1,,,0,152,,3617,1,,,0,109,,2184,1,,,0,112,,3613,1,,,0,104,,3614,1,,,0,120,,3615,1,,,0,102,,2187,1,,,0,150,,2178,1,,,0,105,,3618,1,,,0,105,,3619,1,,,0,108,,2185,1,,,0,127,,3620,1,,,0
701,'5034',727,,2196,19,4,,0,109,,3623,19,4,,0,121,,2201,19,4,,0,144,,3622,19,4,,0,111,,3621,19,4,,0,106,,2194,19,4,,0,109,,2198,19,4,,0,112,,2192,19,4,,0,111,,2200,19,4,,0,106,,2199,19,4,,0,150,,2193,19,4,,0,105,,2191,19,4,,0
701,'5035',620,,3628,6,4,,0,84,,3633,19,4,,0,16,,2221,19,4,,0,29,,3627,19,4,,0,75,,2205,19,4,,0,113,,3625,19,4,,0,115,,3632,19,4,,0,158,,3624,19,4,,0,115,,3626,19,4,,0,115,,2212,19,4,,0,105,,2206,19,4,,0,165,,3630,19,4,,0,114,,2215,19,4,,0,80,,3635,19,4,,0,35,,3629,19,4,,0,115,,3631,19,4,,0,151,,2218,19,4,,0,119,,3634,19,4,,0,33,,2203,19,4,,0
701,'5037',1635,,3636,19,4,,0
701,'5038',1750,,2223,19,4,,0
701,'5039',1635,,3637,19,4,,0,115,,2225,19,4,,0
701,'5040',1750,,2226,19,4,,0
701,'5041',726,,2232,19,4,,0,110,,3642,19,4,,0,110,,2237,19,4,,0,111,,3638,19,4,,0,152,,3643,19,4,,0,109,,2235,19,4,,0,112,,3639,19,4,,0,104,,3640,19,4,,0,120,,3641,19,4,,0,102,,2238,19,4,,0,150,,2229,19,4,,0,105,,3644,19,4,,0,105,,3645,19,4,,0,108,,2236,19,4,,0,127,,3646,19,4,,0
