2000,'4623',1723,,5099,48,,,0
2000,'5014',620,,5111,48,,,0,109,,6139,48,,,0,108,,5113,48,,,0,63,,6136,31,,,0,109,,5101,31,,,0,110,,5102,31,,,0,120,,5103,48,,,0,100,,5104,31,,,0,78,,5105,31,,,0,110,,6137,31,,,0,77,,5107,48,,,0,220,,6138,31,,,0,190,,5109,48,,,0,202,,5110,48,,,0
2000,'5015',823,,6143,31,,,0,112,,5122,31,,,0,100,,6144,31,,,0,118,,5114,31,,,0,148,,5115,31,,,0,112,,5117,31,,,0,111,,6141,31,,,0,110,,6140,31,,,0,103,,5120,31,,,0,216,,6142,48,,,0,258,,6145,48,,,0,102,,5121,48,,,0
2000,'5221',832,,5126,31,,,0,218,,5129,31,,,0,259,,5128,31,,,0,221,,5130,31,,,0,225,,5127,31,,,0
2000,'5222',1723,,5131,48,,,0
1002000,'4623',1044,,6419,37,,,0,456,,5857,54,,,0
1002000,'5014',641,,5858,37,,,0,108,,5859,37,,,0,185,,5860,37,,,0,220,,5861,37,,,0,150,,5862,37,,,0,330,,5863,37,,,0,113,,5864,37,,,0,112,,5865,37,,,0,257,,5866,54,,,0,200,,5867,54,,,0
1002000,'5015',652,,6420,54,,,0,152,,6421,54,,,0,110,,5869,54,,,0,107,,5876,54,,,0,115,,5877,54,,,0,106,,5875,54,,,0,101,,5870,54,,,0,112,,5878,54,,,0,157,,5871,54,,,0,110,,5879,54,,,0,125,,5872,54,,,0,264,,5868,54,,,0
1002000,'5221',728,,5884,54,,,0,218,,5881,54,,,0,210,,5880,54,,,0,273,,5885,54,,,0,217,,5882,54,,,0,277,,5883,54,,,0
1002000,'5222',1044,,6422,37,,,0,456,,5887,54,,,0
