600,'5014',629,,4680,6,,,0,88,,4673,6,,,0,28,,4669,6,,,0,158,,4672,6,,,0,113,,4678,6,,,0,119,,4668,6,,,0,122,,4679,6,,,0,155,,4670,6,,,0,117,,4671,6,,,0,115,,4675,6,,,0,114,,4676,6,,,0,153,,6544,6,,,0,114,,6545,6,,,0,113,,6546,6,,,0,111,,6547,6,,,0,91,,6548,6,,,0
600,'5015',705,,4689,6,,,0,110,,4692,6,,,0,109,,4686,6,,,0,110,,4696,6,,,0,108,,4687,6,,,0,159,,4690,6,,,0,105,,4691,6,,,0,112,,4693,6,,,0,108,,4695,6,,,0,116,,6549,6,,,0,104,,4688,6,,,0,109,,6550,6,,,0,150,,4697,6,,,0,110,,4698,6,,,0,100,,6551,6,,,0
600,'5221',705,,4700,6,,,0,110,,4708,6,,,0,110,,6553,6,,,0,110,,4705,6,,,0,111,,4702,6,,,0,109,,4709,6,,,0,150,,4699,6,,,0,111,,4706,6,,,0,111,,4704,6,,,0,111,,4710,6,,,0,107,,6552,6,,,0,111,,4701,6,,,0
801,'5014',529,,4903,4,,,0,129,,4892,4,,,0,142,,4895,4,,,0,114,,4902,4,,,0,115,,4891,4,,,0,125,,4901,4,,,0,154,,4894,4,,,0,114,,4893,4,,,0,105,,4897,4,,,0,126,,4896,4,,,0,155,,6608,4,,,0,115,,6609,4,,,0,116,,6607,4,,,0,112,,6610,4,,,0,159,,4905,4,,,0
801,'5015',701,,4907,4,,,0,110,,4908,4,,,0,110,,4909,4,,,0,111,,4910,4,,,0,123,,4918,4,,,0,148,,4919,4,,,0,112,,4911,4,,,0,104,,4912,4,,,0,120,,6612,4,,,0,102,,4914,4,,,0,110,,6611,4,,,0,105,,4915,4,,,0,145,,4916,4,,,0,109,,4917,4,,,0
801,'5221',811,,6614,4,,,0,121,,4923,4,,,0,104,,4927,4,,,0,111,,4926,4,,,0,156,,4928,4,,,0,109,,4929,4,,,0,112,,4922,4,,,0,111,,4920,4,,,0,106,,6613,4,,,0,110,,4931,4,,,0,106,,4930,4,,,0
4001,'4623',656,,6825,6,,,0,474,,6824,6,,,0
4001,'5014',625,,5497,6,,,0,101,,6844,6,,,0,31,,6843,6,,,0,73,,6835,6,,,0,70,,5480,6,,,0,30,,6836,6,,,0,70,,5481,6,,,0,30,,6837,6,,,0,70,,6838,6,,,0,101,,5484,6,,,0,30,,5485,6,,,0,70,,6839,6,,,0,30,,5487,6,,,0,70,,5488,6,,,0,30,,5489,6,,,0,70,,5490,6,,,0,30,,6840,6,,,0,70,,5491,6,,,0,30,,6841,6,,,0,70,,6845,6,,,0,30,,5495,6,,,0,70,,6842,6,,,0,30,,5496,6,,,0,77,,6834,6,,,0,30,,5476,6,,,0,70,,6833,6,,,0,29,,6829,6,,,0,70,,6832,6,,,0,31,,6828,6,,,0,69,,6831,6,,,0,30,,6827,6,,,0,70,,6830,6,,,0,30,,6826,6,,,0
4001,'5015',652,,5528,6,,,0,83,,6855,6,,,0,74,,5525,6,,,0,33,,6858,6,,,0,75,,5514,6,,,0,37,,6857,6,,,0,76,,6846,6,,,0,74,,5523,6,,,0,36,,6848,6,,,0,75,,6850,6,,,0,35,,6851,6,,,0,76,,6859,6,,,0,75,,6847,6,,,0,31,,5519,6,,,0,78,,6852,6,,,0,36,,5520,6,,,0,75,,5506,6,,,0,34,,6853,6,,,0,75,,6856,6,,,0,76,,5508,6,,,0,34,,5507,6,,,0,75,,5504,6,,,0,35,,5526,6,,,0,75,,6849,6,,,0,75,,6860,6,,,0,35,,6854,6,,,0,100,,5502,6,,,0,101,,5510,6,,,0
4001,'5221',656,,5548,6,,,0,146,,5536,6,,,0,118,,6867,6,,,0,110,,5545,6,,,0,76,,6863,6,,,0,35,,5532,6,,,0,77,,5529,6,,,0,32,,5530,6,,,0,75,,6868,6,,,0,75,,5533,6,,,0,35,,6866,6,,,0,77,,5537,6,,,0,29,,6865,6,,,0,81,,5531,6,,,0,35,,5544,6,,,0,76,,5542,6,,,0,75,,6869,6,,,0,29,,6861,6,,,0,81,,6862,6,,,0,35,,6864,6,,,0
4001,'5222',656,,6871,6,,,0,474,,6870,6,,,0
