3000,'5034',743,,2603,48,,,0,158,,3794,48,,,0,106,,3793,48,,,0,108,,2606,48,,,0,114,,2597,48,,,0,110,,2599,48,,,0,110,,2605,48,,,0,109,,2600,48,,,0,150,,3792,48,,,0,110,,2598,48,,,0,109,,2604,48,,,0
3000,'5035',649,,3797,48,,,0,76,,2630,48,,,0,17,,2631,48,,,0,59,,2626,48,,,0,18,,2632,48,,,0,17,,2629,48,,,0,17,,2633,48,,,0,58,,2627,48,,,0,34,,3795,48,,,0,75,,2609,48,,,0,35,,2610,48,,,0,75,,2611,48,,,0,75,,2612,48,,,0,35,,2613,48,,,0,75,,2614,48,,,0,35,,2615,48,,,0,74,,2616,48,,,0,76,,2617,48,,,0,110,,2618,48,,,0,110,,2619,48,,,0,113,,2620,48,,,0,75,,2621,48,,,0,109,,2622,48,,,0,101,,3796,48,,,0,99,,2624,48,,,0,101,,2625,48,,,0
3000,'5036',1535,,2634,48,,,0,223,,2635,48,,,0
3000,'5037',1645,,3798,48,,,0
3000,'5039',1645,,3799,48,,,0
3000,'5040',1535,,3800,48,,,0,223,,3801,48,,,0
3000,'5041',718,,2655,48,,,0,107,,3812,48,,,0,77,,3808,48,,,0,32,,2653,48,,,0,74,,3807,48,,,0,37,,2648,48,,,0,73,,2646,48,,,0,35,,2661,48,,,0,76,,2660,48,,,0,75,,2663,48,,,0,35,,2647,48,,,0,75,,2642,48,,,0,35,,3806,48,,,0,75,,2656,48,,,0,78,,3802,48,,,0,31,,3810,48,,,0,75,,2650,48,,,0,39,,2641,48,,,0,70,,2649,48,,,0,36,,3803,48,,,0,150,,3809,48,,,0,112,,3804,48,,,0,103,,3811,48,,,0,99,,3805,48,,,0
4000,'5034',734,,3874,35,0,5,0,117,,3884,35,0,5,0,107,,3871,35,0,5,0,75,,3887,35,0,5,0,72,,3873,35,0,5,0,45,,3869,35,0,5,0,68,,3888,35,0,5,0,35,,3882,35,0,5,0,75,,3883,35,0,5,0,75,,3878,35,0,5,0,35,,3875,35,0,5,0,73,,3877,35,0,5,0,37,,3872,35,0,5,0,75,,3880,35,0,5,0,35,,3879,35,0,5,0,75,,3886,35,0,5,0,75,,3870,35,0,5,0,35,,3881,35,0,5,0,74,,3876,35,0,5,0,35,,3885,35,0,5,0
4000,'5035',626,,3936,35,0,5,0,30,,3937,35,0,5,0,56,,3944,35,0,5,0,14,,3938,35,0,5,0,15,,3939,35,0,5,0,15,,3940,35,0,5,0,54,,3941,35,0,5,0,5,,3942,35,0,6 7,0,12,,3943,35,0,5,0,15,,3894,35,0,5,0,15,,3895,35,0,5,0,55,,3896,35,0,5,0,15,,3897,35,0,5,0,15,,3898,35,0,5,0,16,,3899,35,0,5,0,55,,3900,35,0,5,0,15,,3901,35,0,5,0,15,,3902,35,0,5,0,14,,3903,35,0,5,0,55,,3904,35,0,5,0,16,,3905,35,0,5,0,15,,3906,35,0,5,0,15,,3907,35,0,5,0,55,,3908,35,0,5,0,15,,3909,35,0,5,0,15,,3910,35,0,5,0,15,,3911,35,0,5,0,55,,3912,35,0,5,0,14,,3913,35,0,5,0,14,,3914,35,0,5,0,15,,3915,35,0,5,0,55,,3916,35,0,5,0,14,,3917,35,0,5,0,15,,3918,35,0,5,0,15,,3919,35,0,5,0,55,,3920,35,0,5,0,15,,3921,35,0,5,0,15,,3922,35,0,5,0,15,,3924,35,0,5,0,55,,3925,35,0,5,0,15,,3926,35,0,5,0,15,,3927,35,0,5,0,17,,3929,35,0,5,0,56,,3923,35,0,5,0,15,,3930,35,0,5,0,15,,3928,35,0,5,0,15,,3931,35,0,5,0,57,,3932,35,0,5,0,20,,3933,35,0,5,0,20,,3934,35,0,5,0,81,,3935,35,0,5,0,70,,3892,35,0,5,0,102,,3891,35,0,5,0,100,,3890,35,0,5,0,30,,3893,35,0,5,0,71,,3889,35,0,5,0
4000,'5037',1916,,3946,35,0,5,0,222,,3945,35,0,5,0
4000,'5038',2036,,3947,35,0,5,0
4000,'5039',1916,,3950,35,0,5,0,120,,3948,35,0,5,0,102,,3949,35,0,5,0
4000,'5040',2036,,3951,35,0,5,0
4000,'5041',708,,3971,35,0,5,0,32,,3976,35,0,5,0,74,,3964,35,0,5,0,37,,3956,35,0,5,0,73,,3972,35,0,5,0,34,,3953,35,0,5,0,77,,3969,35,0,5,0,73,,3954,35,0,5,0,35,,3960,35,0,5,0,75,,3963,35,0,5,0,35,,3952,35,0,5,0,75,,3957,35,0,5,0,75,,3961,35,0,5,0,35,,3970,35,0,5,0,75,,3975,35,0,5,0,37,,3959,35,0,5,0,72,,3965,35,0,5,0,35,,3974,35,0,5,0,79,,3973,35,0,5,0,71,,3962,35,0,5,0,36,,3966,35,0,5,0,74,,3977,35,0,5,0,35,,3955,35,0,5,0,77,,3978,35,0,5,0,75,,3967,35,0,5,0,104,,3958,35,0,5,0,99,,3968,35,0,5,0
