2000,'5035',604,,3758,28,0,9 12 2 5,0,108,,2517,28,0,9 12 2 5,0,107,,3759,28,0,9 12 2 5,0,402,,3752,28,0,9 12 2 5,0,324,,3755,28,0,9 12 2 5,0,159,,2512,28,0,9 12 2 5,0,253,,2514,28,0,9 12 2 5,0,243,,3757,28,0,9 12 2 5,0
2000,'5041',1938,,2524,28,0,9 12 2 5,0,218,,2530,28,0,9 12 2 5,0,102,,2526,28,0,9 12 2 5,0
2001,'5035',742,,3770,20,0,9 10 11,0,73,,2547,20,0,9 10 11,0,694,,3767,20,0,9 10 11,0,840,,2544,20,0,9 10 11,0
2001,'5038',1833,,2548,20,0,9 10 11,0,319,,2549,20,0,9 10 11,0
2001,'5039',1833,,2550,20,0,9 10 11,0,319,,2551,20,0,9 10 11,0
2001,'5040',1833,,2552,20,0,9 10 11,0,319,,2553,20,0,9 10 11,0
2001,'5041',2150,,2559,20,0,9 10 11,0,199,,2556,20,0,9 10 11,0
9200,'5038',1434,,4167,24,,,0,2,,3261,24,,,0
9200,'5039',1532,,4169,24,,,0,2,,4168,24,,,0
9200,'5040',1413,,4170,24,,,0,2,,3265,24,,,0
1002000,'5034',713,,4180,34,,,0,218,,3344,34,,,0,209,,3343,34,,,0,272,,3348,34,,,0,218,,3345,34,,,0,278,,3346,34,,,0
1002000,'5035',839,,4182,34,,,0,602,,3356,34,,,0,859,,3360,34,,,0
1002000,'5038',2100,,3361,34,,,0
1002000,'5039',2100,,3362,34,,,0
1002000,'5040',2100,,3363,34,,,0
1002000,'5041',637,,3369,34,,,0,112,,3370,34,,,0,110,,3365,34,,,0,147,,4186,34,,,0,114,,3373,34,,,0,106,,3371,34,,,0,100,,3366,34,,,0,112,,3374,34,,,0,118,,3367,34,,,0,150,,4187,34,,,0,125,,3368,34,,,0,225,,4185,34,,,0
1002001,'5034',804,,3381,20,,,0,212,,3380,20,,,0,232,,4188,20,,,0,262,,4189,20,,,0,217,,3377,20,,,0,305,,3379,20,,,0
1002001,'5035',936,,4192,20,,,0,423,,3388,20,,,0,75,,4194,20,,,0,110,,3390,20,,,0,109,,4195,20,,,0,397,,4197,20,,,0,200,,3395,20,,,0
1002001,'5041',728,,3400,20,,,0,113,,4200,20,,,0,111,,3396,20,,,0,151,,4199,20,,,0,103,,4204,20,,,0,117,,3406,20,,,0,110,,4198,20,,,0,104,,3403,20,,,0,116,,3398,20,,,0,149,,4202,20,,,0,124,,4201,20,,,0,103,,4205,20,,,0,219,,4203,20,,,0
