600,'5034',706,,3566,8,,,0,110,,2060,8,,,0,110,,2059,8,,,0,110,,2057,8,,,0,111,,2054,8,,,0,109,,2061,8,,,0,150,,2051,8,,,0,111,,2058,8,,,0,111,,2056,8,,,0,111,,2062,8,,,0,107,,2055,8,,,0,111,,2053,8,,,0
600,'5035',630,,3573,8,,,0,88,,3570,8,,,0,28,,2065,8,,,0,72,,2063,8,,,0,86,,2069,8,,,0,113,,2074,8,,,0,119,,3567,8,,,0,122,,2075,8,,,0,156,,3568,8,,,0,94,,2068,8,,,0,23,,3569,8,,,0,228,,2072,8,,,0,153,,3571,8,,,0,114,,3572,8,,,0,113,,2077,8,,,0,111,,3574,8,,,0,91,,2079,8,,,0
600,'5038',1645,,2080,8,,,0
600,'5039',1645,,2081,8,,,0
600,'5040',1645,,2082,8,,,0
600,'5041',706,,2088,8,,,0,110,,2091,8,,,0,109,,2085,8,,,0,110,,2095,8,,,0,108,,2086,8,,,0,159,,2089,8,,,0,105,,3578,8,,,0,112,,2092,8,,,0,108,,3579,8,,,0,116,,3575,8,,,0,104,,3577,8,,,0,109,,3576,8,,,0,150,,2096,8,,,0,110,,2097,8,,,0,100,,2093,8,,,0
801,'5034',812,,2290,6,,,0,121,,2288,6,,,0,104,,2292,6,,,0,111,,2291,6,,,0,156,,2293,6,,,0,109,,2294,6,,,0,112,,2287,6,,,0,111,,2285,6,,,0,106,,2286,6,,,0,110,,2296,6,,,0,106,,2295,6,,,0
801,'5035',530,,3663,6,,,0,129,,2298,6,,,0,142,,2301,6,,,0,114,,2307,6,,,0,115,,2297,6,,,0,125,,2306,6,,,0,154,,3660,6,,,0,115,,3659,6,,,0,230,,2302,6,,,0,155,,3661,6,,,0,115,,3662,6,,,0,116,,2303,6,,,0,112,,3664,6,,,0,159,,2310,6,,,0
801,'5038',1529,,2311,6,,,0
801,'5039',1529,,2312,6,,,0
801,'5040',1529,,2313,6,,,0
801,'5041',702,,2315,6,,,0,110,,2316,6,,,0,110,,2317,6,,,0,111,,2318,6,,,0,123,,2326,6,,,0,148,,3670,6,,,0,112,,2319,6,,,0,104,,3666,6,,,0,120,,3667,6,,,0,102,,3668,6,,,0,110,,3665,6,,,0,105,,2323,6,,,0,145,,2324,6,,,0,109,,3669,6,,,0
