7200,'4623',1546,,5595,30,4,,0
7200,'5014',658,,5620,30,4,,0,76,,5619,30,4,,0,73,,5618,30,4,,0,37,,5617,30,4,,0,74,,5596,30,4,,0,34,,5597,30,4,,0,75,,5598,30,4,,0,76,,5599,30,4,,0,35,,5600,30,4,,0,75,,5601,30,4,,0,35,,5602,30,4,,0,75,,5603,30,4,,0,35,,5604,30,4,,0,78,,5605,30,4,,0,75,,5606,30,4,,0,108,,5607,30,4,,0,35,,5608,30,4,,0,75,,5609,30,4,,0,76,,5610,30,4,,0,37,,5611,30,4,,0,75,,5612,30,4,,0,111,,5613,30,4,,0,101,,5614,30,4,,0,100,,5615,30,4,,0,100,,5616,30,4,,0
7200,'5015',724,,5644,30,4,,0,96,,5621,30,4,,0,88,,5629,30,4,,0,21,,5622,30,4,,0,88,,5630,30,4,,0,37,,5624,30,4,,0,74,,5631,30,4,,0,83,,5625,30,4,,0,27,,5632,30,4,,0,81,,5626,30,4,,0,28,,5633,30,4,,0,83,,5634,30,4,,0,27,,5635,30,4,,0,84,,5636,30,4,,0,66,,5637,30,4,,0,44,,5638,30,4,,0,66,,5623,30,4,,0,38,,5639,30,4,,0,72,,5640,30,4,,0,75,,5641,30,4,,0,107,,5642,30,4,,0,116,,5643,30,4,,0,102,,5627,30,4,,0,100,,5628,30,4,,0
7200,'5221',743,,5655,30,4,,0,105,,5645,30,4,,0,154,,5647,30,4,,0,105,,5649,30,4,,0,120,,5648,30,4,,0,99,,5650,30,4,,0,120,,5651,30,4,,0,102,,5652,30,4,,0,154,,5653,30,4,,0,110,,5654,30,4,,0,110,,5646,30,4,,0
7200,'5222',1546,,5656,30,4,,0
7201,'4623',1446,,5657,1,,,0
7201,'5014',710,,5682,1,,,0,35,,5680,1,,,0,75,,5681,1,,,0,34,,5658,1,,,0,78,,5659,1,,,0,74,,5661,1,,,0,35,,5663,1,,,0,75,,5660,1,,,0,35,,5664,1,,,0,75,,5662,1,,,0,75,,5665,1,,,0,35,,5666,1,,,0,75,,5667,1,,,0,110,,5668,1,,,0,35,,5669,1,,,0,75,,5670,1,,,0,75,,5671,1,,,0,35,,5672,1,,,0,75,,5673,1,,,0,36,,5675,1,,,0,75,,5676,1,,,0,105,,5677,1,,,0,100,,5674,1,,,0,100,,5678,1,,,0,100,,5679,1,,,0
7201,'5015',716,,5685,1,,,0,109,,5683,1,,,0,95,,5692,1,,,0,38,,5686,1,,,0,72,,5695,1,,,0,75,,5687,1,,,0,35,,5693,1,,,0,75,,5688,1,,,0,35,,5694,1,,,0,83,,5696,1,,,0,67,,5697,1,,,0,43,,5698,1,,,0,67,,5699,1,,,0,43,,5700,1,,,0,67,,5684,1,,,0,37,,5701,1,,,0,73,,5702,1,,,0,75,,5703,1,,,0,35,,5704,1,,,0,75,,5706,1,,,0,97,,5705,1,,,0,123,,5689,1,,,0,100,,5690,1,,,0,100,,5691,1,,,0
7201,'5221',748,,5707,1,,,0,152,,5709,1,,,0,111,,5711,1,,,0,115,,5712,1,,,0,104,,5710,1,,,0,115,,5714,1,,,0,107,,5715,1,,,0,151,,5716,1,,,0,106,,5717,1,,,0,111,,5708,1,,,0,115,,5713,1,,,0
7201,'5222',1446,,5718,1,,,0
