2000,'4623',1720,,5099,45,,,0
2000,'5014',618,,5111,45,,,0,109,,5112,45,,,0,108,,5113,45,,,0,23,,5100,28,,,0,149,,5101,28,,,0,110,,5102,28,,,0,120,,5103,45,,,0,100,,5104,28,,,0,78,,5105,28,,,0,110,,5106,28,,,0,76,,5107,45,,,0,221,,5108,28,,,0,190,,5109,45,,,0,202,,5110,45,,,0
2000,'5015',821,,5123,28,,,0,112,,5122,28,,,0,100,,5124,28,,,0,118,,5114,28,,,0,108,,5115,28,,,0,151,,5117,28,,,0,111,,5118,28,,,0,111,,5116,28,,,0,103,,5120,28,,,0,216,,5119,45,,,0,258,,5125,45,,,0,102,,5121,45,,,0
2000,'5221',830,,5126,28,,,0,218,,5129,28,,,0,259,,5128,28,,,0,221,,5130,28,,,0,225,,5127,28,,,0
2000,'5222',1720,,5131,45,,,0
1002000,'4623',1041,,5856,34,,,0,416,,5857,51,,,0
1002000,'5014',639,,5858,34,,,0,108,,5859,34,,,0,184,,5860,34,,,0,220,,5861,34,,,0,150,,5862,34,,,0,330,,5863,34,,,0,113,,5864,34,,,0,112,,5865,34,,,0,258,,5866,51,,,0,200,,5867,51,,,0
1002000,'5015',650,,5873,51,,,0,152,,5874,51,,,0,110,,5869,51,,,0,107,,5876,51,,,0,115,,5877,51,,,0,106,,5875,51,,,0,101,,5870,51,,,0,112,,5878,51,,,0,157,,5871,51,,,0,110,,5879,51,,,0,125,,5872,51,,,0,264,,5868,51,,,0
1002000,'5221',726,,5884,51,,,0,218,,5881,51,,,0,210,,5880,51,,,0,273,,5885,51,,,0,217,,5882,51,,,0,277,,5883,51,,,0
1002000,'5222',1041,,5886,34,,,0,416,,5887,51,,,0
