2001,'5014',646,,6662,9,,,0,157,,6663,9,0,9 10 11,0,105,,5132,9,,,0,109,,6658,9,,,0,110,,5134,9,,,0,110,,5135,9,,,0,220,,5136,9,0,9 10 11,0,150,,5137,9,,,0,110,,5138,9,,,0,106,,6659,9,0,9 10 11,0,114,,6660,9,,,0,205,,5141,9,0,9 10 11,0,198,,6661,9,0,9 10 11,0
2001,'5015',917,,6665,9,,,0,88,,5155,9,,,0,105,,6666,9,,,0,127,,6664,9,,,0,115,,5154,9,,,0,102,,5148,9,,,0,147,,5153,9,,,0,104,,5149,9,,,0,111,,5146,9,,,0,324,,5150,9,0,9 10 11,0,199,,5147,9,0,9 10 11,0
2001,'5221',907,,5156,9,,,0,226,,5158,9,,,0,219,,5157,9,,,0,249,,5159,9,,,0,226,,5160,9,,,0
2501,'5014',826,,5176,9,,,0,216,,6670,10,,,0,217,,5178,9,,,0,174,,5179,10,,,0,373,,5180,10,,,0,225,,5181,9,,,0
2501,'5015',823,,6671,9,,,0,220,,5185,10,,,0,215,,5184,10,,,0,545,,5186,9,,,0,230,,5182,10,,,0
2501,'5221',823,,5187,9,,,0,220,,5188,10,,,0,215,,5189,10,,,0,545,,5190,9,,,0,230,,5191,10,,,0
1002001,'4623',926,,6935,9,,,0,606,,5889,9,,,0
1002001,'5014',721,,5890,9,,,0,111,,5891,9,,,0,220,,5892,9,,,0,150,,6936,9,,,0,110,,5894,9,,,0,35,,5895,9,,,0,75,,5896,9,,,0,220,,5897,9,,,0,112,,6937,9,,,0,148,,5899,9,,,0,138,,5900,9,,,0,201,,5901,9,,,0
1002001,'5015',718,,6939,9,,,0,113,,5907,9,,,0,111,,6938,9,,,0,111,,5905,9,,,0,103,,6941,9,,,0,156,,5912,9,,,0,110,,5903,9,,,0,104,,5909,9,,,0,117,,5904,9,,,0,109,,5910,9,,,0,164,,5908,9,,,0,103,,6942,9,,,0,219,,6940,9,,,0
1002001,'5221',754,,6945,9,,,0,251,,5919,9,,,0,232,,6943,9,,,0,222,,5917,9,,,0,258,,6944,9,,,0,305,,5918,9,,,0
1002001,'5222',926,,6946,9,,,0,606,,5922,9,,,0
