501,'5034',838,,2005,12,,,0,110,,3544,12,,,0,152,,3542,12,,,0,100,,3543,12,,,0,130,,3545,12,,,0,104,,2004,12,,,0,116,,2011,12,,,0,150,,2010,12,,,0,110,,2012,12,,,0,110,,2008,12,,,0,110,,2006,12,,,0
501,'5035',648,,2017,12,,,0,111,,2021,12,,,0,150,,2013,12,,,0,110,,2018,12,,,0,101,,2015,12,,,0,99,,2016,12,,,0,128,,3548,12,,,0,98,,3546,12,,,0,504,,3547,12,,,0,109,,3549,12,,,0,150,,2022,12,,,0,49,,2024,12,,,0
501,'5036',1834,,2026,12,,,0
501,'5038',1600,,3552,12,,,0,119,,3553,12,,,0
501,'5039',1600,,3555,12,,,0,119,,3556,12,,,0
501,'5040',1600,,3559,12,,,0,119,,3560,12,,,0,115,,3558,12,,,0
501,'5041',751,,2039,12,,,0,196,,3561,12,,,0,109,,2041,12,,,0,156,,2042,12,,,0,117,,3562,12,,,0,109,,2044,12,,,0,110,,3563,12,,,0,109,,2046,12,,,0,152,,2047,12,,,0,110,,3564,12,,,0,105,,3565,12,,,0,107,,2050,12,,,0,109,,2038,12,,,0
800,'5034',749,,2245,28,,,0,110,,2246,28,,,0,161,,2247,28,,,0,104,,2248,28,,,0,111,,2249,28,,,0,117,,2250,28,,,0,149,,2251,28,,,0,112,,2244,28,,,0,111,,2242,28,,,0,106,,2243,28,,,0,110,,2252,28,,,0,105,,2253,28,,,0
800,'5035',616,,3651,28,,,0,131,,2255,28,,,0,103,,2258,28,,,0,153,,2263,28,,,0,115,,2254,28,,,0,125,,2262,28,,,0,115,,3648,28,,,0,157,,3647,28,,,0,229,,2259,28,,,0,113,,3650,28,,,0,154,,3649,28,,,0,114,,2265,28,,,0,111,,3652,28,,,0,118,,2267,28,,,0
800,'5038',1620,,2268,28,,,0
800,'5039',1620,,2269,28,,,0
800,'5040',1620,,2270,28,,,0
800,'5041',749,,2273,28,,,0,110,,2272,28,,,0,150,,2274,28,,,0,111,,2275,28,,,0,123,,2283,28,,,0,109,,3658,28,,,0,152,,2276,28,,,0,104,,3654,28,,,0,120,,3655,28,,,0,102,,3656,28,,,0,110,,3653,28,,,0,105,,2280,28,,,0,105,,2282,28,,,0,108,,3657,28,,,0
