1500,'5034',746,,2431,3,,,0,113,,2430,3,,,0,150,,2428,3,,,0,111,,2426,3,,,0,108,,2432,3,,,0,109,,2424,3,,,0,110,,2427,3,,,0,110,,2423,3,,,0,150,,2433,3,,,0,109,,2429,3,,,0,112,,2425,3,,,0
1500,'5035',906,,2435,3,,,0,30,,2434,3,,,0,70,,2436,3,,,0,30,,3725,3,,,0,69,,3724,3,,,0,31,,3723,3,,,0,69,,3722,3,,,0,100,,2444,3,,,0,30,,2443,3,,,0,75,,2442,3,,,0,32,,2441,3,,,0,373,,3726,3,,,0,219,,3727,3,,,0
1500,'5038',1924,,2447,3,,,0
1500,'5039',1924,,2448,3,,,0
1500,'5040',1924,,2449,3,,,0
1500,'5041',746,,2457,3,,,0,110,,2452,3,,,0,150,,2460,3,,,0,107,,2456,3,,,0,119,,3730,3,,,0,105,,2453,3,,,0,110,,3731,3,,,0,110,,3732,3,,,0,154,,3728,3,,,0,106,,3729,3,,,0,111,,2454,3,,,0,107,,2461,3,,,0
3000,'5034',707,,2603,4,,,0,117,,3794,4,,,0,105,,3793,4,,,0,106,,2606,4,,,0,113,,2597,4,,,0,109,,2599,4,,,0,150,,2605,4,,,0,110,,2600,4,,,0,110,,3792,4,,,0,111,,2598,4,,,0,111,,2604,4,,,0
3000,'5035',612,,3797,4,,,0,35,,2630,4,,,0,56,,2631,4,,,0,16,,2626,4,,,0,17,,2632,4,,,0,17,,2629,4,,,0,57,,2633,4,,,0,18,,2627,4,,,0,76,,3795,4,,,0,35,,2609,4,,,0,74,,2610,4,,,0,35,,2611,4,,,0,74,,2612,4,,,0,35,,2613,4,,,0,75,,2614,4,,,0,74,,2615,4,,,0,34,,2616,4,,,0,74,,2617,4,,,0,111,,2618,4,,,0,110,,2619,4,,,0,116,,2620,4,,,0,77,,2621,4,,,0,110,,2622,4,,,0,102,,3796,4,,,0,102,,2624,4,,,0,102,,2625,4,,,0
3000,'5036',1449,,2634,4,,,0,266,,2635,4,,,0
3000,'5037',1601,,3798,4,,,0
3000,'5039',1601,,3799,4,,,0
3000,'5040',1449,,3800,4,,,0,266,,3801,4,,,0
3000,'5041',642,,2655,4,,,0,105,,3812,4,,,0,77,,3808,4,,,0,32,,2653,4,,,0,73,,3807,4,,,0,77,,2648,4,,,0,31,,2646,4,,,0,75,,2661,4,,,0,35,,2660,4,,,0,74,,2663,4,,,0,35,,2647,4,,,0,75,,2642,4,,,0,75,,3806,4,,,0,35,,2656,4,,,0,79,,3802,4,,,0,32,,3810,4,,,0,75,,2650,4,,,0,79,,2641,4,,,0,31,,2649,4,,,0,76,,3803,4,,,0,111,,3809,4,,,0,113,,3804,4,,,0,104,,3811,4,,,0,99,,3805,4,,,0
1001500,'5035',644,,3323,3,,,0,75,,4171,3,,,0,34,,3322,3,,,0,75,,4172,3,,,0,401,,4173,3,,,0,285,,3327,3,,,0,36,,3328,3,,,0,77,,3325,3,,,0,76,,3326,3,,,0
1001500,'5037',1738,,4174,3,,,0
1001500,'5039',1738,,4175,3,,,0
