1500,'5034',747,,2431,5,,,0,153,,2430,5,,,0,110,,2428,5,,,0,111,,2426,5,,,0,108,,2432,5,,,0,109,,2424,5,,,0,110,,2427,5,,,0,110,,2423,5,,,0,150,,2433,5,,,0,109,,2429,5,,,0,112,,2425,5,,,0
1500,'5035',908,,2435,5,,,0,30,,2434,5,,,0,70,,2436,5,,,0,30,,3725,5,,,0,69,,3724,5,,,0,31,,3723,5,,,0,69,,3722,5,,,0,100,,2444,5,,,0,30,,2443,5,,,0,74,,2442,5,,,0,33,,2441,5,,,0,372,,3726,5,,,0,220,,3727,5,,,0
1500,'5038',1926,,2447,5,,,0
1500,'5039',1926,,2448,5,,,0
1500,'5040',1926,,2449,5,,,0
1500,'5041',747,,2457,5,,,0,110,,2452,5,,,0,150,,2460,5,,,0,107,,2456,5,,,0,119,,3730,5,,,0,105,,2453,5,,,0,110,,3731,5,,,0,110,,3732,5,,,0,154,,3728,5,,,0,106,,3729,5,,,0,111,,2454,5,,,0,107,,2461,5,,,0
3000,'5034',708,,2603,6,,,0,117,,3794,6,,,0,105,,3793,6,,,0,106,,2606,6,,,0,113,,2597,6,,,0,109,,2599,6,,,0,150,,2605,6,,,0,110,,2600,6,,,0,110,,3792,6,,,0,111,,2598,6,,,0,111,,2604,6,,,0
3000,'5035',613,,3797,6,,,0,35,,2630,6,,,0,56,,2631,6,,,0,16,,2626,6,,,0,17,,2632,6,,,0,17,,2629,6,,,0,57,,2633,6,,,0,18,,2627,6,,,0,76,,3795,6,,,0,35,,2609,6,,,0,74,,2610,6,,,0,35,,2611,6,,,0,74,,2612,6,,,0,35,,2613,6,,,0,75,,2614,6,,,0,74,,2615,6,,,0,34,,2616,6,,,0,74,,2617,6,,,0,111,,2618,6,,,0,110,,2619,6,,,0,116,,2620,6,,,0,77,,2621,6,,,0,110,,2622,6,,,0,102,,3796,6,,,0,102,,2624,6,,,0,102,,2625,6,,,0
3000,'5036',1451,,2634,6,,,0,265,,2635,6,,,0
3000,'5037',1602,,3798,6,,,0
3000,'5039',1602,,3799,6,,,0
3000,'5040',1451,,3800,6,,,0,265,,3801,6,,,0
3000,'5041',643,,2655,6,,,0,105,,3812,6,,,0,77,,3808,6,,,0,32,,2653,6,,,0,73,,3807,6,,,0,77,,2648,6,,,0,31,,2646,6,,,0,75,,2661,6,,,0,35,,2660,6,,,0,74,,2663,6,,,0,35,,2647,6,,,0,75,,2642,6,,,0,75,,3806,6,,,0,35,,2656,6,,,0,79,,3802,6,,,0,32,,3810,6,,,0,75,,2650,6,,,0,79,,2641,6,,,0,31,,2649,6,,,0,76,,3803,6,,,0,111,,3809,6,,,0,113,,3804,6,,,0,104,,3811,6,,,0,99,,3805,6,,,0
1001500,'5035',645,,3323,5,,,0,75,,4171,5,,,0,35,,3322,5,,,0,75,,4172,5,,,0,401,,4173,5,,,0,284,,3327,5,,,0,36,,3328,5,,,0,77,,3325,5,,,0,76,,3326,5,,,0
1001500,'5037',1739,,4174,5,,,0
1001500,'5039',1739,,4175,5,,,0
