4000,'4623',1319,,5384,53,4,,0
4000,'5014',645,,5413,53,4,,0,70,,5414,53,4,,0,31,,5415,53,4,,0,72,,5416,53,4,,0,30,,5417,53,4,,0,70,,5392,53,4,,0,30,,5393,53,4,,0,70,,5394,53,4,,0,30,,5395,53,4,,0,70,,5396,53,4,,0,31,,5397,53,4,,0,70,,5398,53,4,,0,30,,5399,53,4,,0,100,,5400,53,4,,0,70,,5401,53,4,,0,30,,5403,53,4,,0,70,,5402,53,4,,0,30,,5404,53,4,,0,70,,5405,53,4,,0,30,,5406,53,4,,0,70,,5407,53,4,,0,30,,5408,53,4,,0,70,,5409,53,4,,0,37,,5410,53,4,,0,70,,5411,53,4,,0,30,,5412,53,4,,0,70,,5388,53,4,,0,30,,5389,53,4,,0,72,,5387,53,4,,0,29,,5390,53,4,,0,70,,5386,53,4,,0,29,,5391,53,4,,0,71,,5385,53,4,,0
4000,'5015',726,,5437,53,4,,0,32,,5442,53,4,,0,75,,5430,53,4,,0,77,,5422,53,4,,0,33,,5438,53,4,,0,75,,5419,53,4,,0,37,,5435,53,4,,0,73,,5420,53,4,,0,75,,5426,53,4,,0,35,,5429,53,4,,0,76,,5418,53,4,,0,35,,5423,53,4,,0,75,,5427,53,4,,0,35,,5436,53,4,,0,75,,5441,53,4,,0,77,,5425,53,4,,0,32,,5431,53,4,,0,75,,5440,53,4,,0,39,,5439,53,4,,0,71,,5428,53,4,,0,75,,5432,53,4,,0,34,,5443,53,4,,0,75,,5421,53,4,,0,36,,5444,53,4,,0,75,,5433,53,4,,0,104,,5424,53,4,,0,99,,5434,53,4,,0
4000,'5221',751,,5450,53,4,,0,158,,5460,53,4,,0,108,,5447,53,4,,0,35,,5463,53,4,,0,72,,5449,53,4,,0,85,,5445,53,4,,0,28,,5464,53,4,,0,75,,5458,53,4,,0,35,,5459,53,4,,0,75,,5454,53,4,,0,35,,5451,53,4,,0,73,,5453,53,4,,0,77,,5448,53,4,,0,35,,5456,53,4,,0,75,,5455,53,4,,0,35,,5462,53,4,,0,75,,5446,53,4,,0,74,,5457,53,4,,0,34,,5452,53,4,,0,75,,5461,53,4,,0
4000,'5222',1319,,5465,53,4,,0
4001,'4623',650,,5467,1,,,0,474,,5466,1,,,0
4001,'5014',620,,5497,1,,,0,100,,5499,1,,,0,31,,5498,1,,,0,73,,5478,1,,,0,30,,5480,1,,,0,70,,5479,1,,,0,30,,5481,1,,,0,70,,5482,1,,,0,30,,5483,1,,,0,101,,5484,1,,,0,70,,5485,1,,,0,30,,5486,1,,,0,70,,5487,1,,,0,30,,5488,1,,,0,70,,5489,1,,,0,30,,5490,1,,,0,70,,5492,1,,,0,30,,5491,1,,,0,70,,5493,1,,,0,30,,5500,1,,,0,70,,5495,1,,,0,30,,5494,1,,,0,70,,5496,1,,,0,77,,5477,1,,,0,30,,5476,1,,,0,70,,5475,1,,,0,29,,5471,1,,,0,70,,5474,1,,,0,31,,5470,1,,,0,70,,5473,1,,,0,30,,5469,1,,,0,70,,5472,1,,,0,30,,5468,1,,,0
4001,'5015',646,,5528,1,,,0,83,,5517,1,,,0,74,,5525,1,,,0,33,,5522,1,,,0,75,,5514,1,,,0,37,,5521,1,,,0,76,,5501,1,,,0,34,,5523,1,,,0,76,,5505,1,,,0,75,,5511,1,,,0,35,,5512,1,,,0,76,,5524,1,,,0,35,,5503,1,,,0,71,,5519,1,,,0,78,,5513,1,,,0,36,,5520,1,,,0,75,,5506,1,,,0,34,,5515,1,,,0,75,,5518,1,,,0,76,,5508,1,,,0,34,,5507,1,,,0,75,,5504,1,,,0,35,,5526,1,,,0,75,,5509,1,,,0,35,,5527,1,,,0,75,,5516,1,,,0,101,,5502,1,,,0,101,,5510,1,,,0
4001,'5221',650,,5548,1,,,0,106,,5536,1,,,0,158,,5543,1,,,0,110,,5545,1,,,0,76,,5538,1,,,0,35,,5532,1,,,0,77,,5529,1,,,0,32,,5530,1,,,0,75,,5546,1,,,0,35,,5533,1,,,0,75,,5541,1,,,0,77,,5537,1,,,0,29,,5540,1,,,0,81,,5531,1,,,0,35,,5544,1,,,0,76,,5542,1,,,0,75,,5547,1,,,0,29,,5534,1,,,0,81,,5535,1,,,0,35,,5539,1,,,0
4001,'5222',650,,5550,1,,,0,474,,5549,1,,,0
7800,'5014',648,,5719,5,4,,0,101,,5720,5,4,,0,270,,5721,5,4,,0,606,,5722,5,4,,0,227,,5723,5,4,,0
7801,'5014',600,,5724,1,,,0,100,,5725,1,,,0,230,,5726,1,,,0,602,,5727,1,,,0,271,,5728,1,,,0
