3000,'5034',751,,2603,56,4,,0,158,,3794,56,4,,0,107,,3793,56,4,,0,108,,2606,56,4,,0,114,,2597,56,4,,0,110,,2599,56,4,,0,110,,2605,56,4,,0,149,,2600,56,4,,0,110,,3792,56,4,,0,109,,2598,56,4,,0,109,,2604,56,4,,0
3000,'5035',657,,3797,56,4,,0,76,,2630,56,4,,0,19,,2631,56,4,,0,59,,2626,56,4,,0,18,,2632,56,4,,0,17,,2629,56,4,,0,56,,2633,56,4,,0,18,,2627,56,4,,0,34,,3795,56,4,,0,76,,2609,56,4,,0,75,,2610,56,4,,0,35,,2611,56,4,,0,75,,2612,56,4,,0,35,,2613,56,4,,0,75,,2614,56,4,,0,75,,2615,56,4,,0,35,,2616,56,4,,0,76,,2617,56,4,,0,110,,2618,56,4,,0,110,,2619,56,4,,0,111,,2620,56,4,,0,74,,2621,56,4,,0,109,,2622,56,4,,0,101,,3796,56,4,,0,99,,2624,56,4,,0,101,,2625,56,4,,0
3000,'5036',1546,,2634,56,4,,0,261,,2635,56,4,,0
3000,'5037',1656,,3798,56,4,,0
3000,'5039',1656,,3799,56,4,,0
3000,'5040',1546,,3800,56,4,,0,261,,3801,56,4,,0
3000,'5041',726,,2655,56,4,,0,107,,3812,56,4,,0,77,,3808,56,4,,0,33,,2653,56,4,,0,74,,3807,56,4,,0,37,,2648,56,4,,0,73,,2646,56,4,,0,75,,2661,56,4,,0,36,,2660,56,4,,0,75,,2663,56,4,,0,35,,2647,56,4,,0,75,,2642,56,4,,0,35,,3806,56,4,,0,75,,2656,56,4,,0,78,,3802,56,4,,0,31,,3810,56,4,,0,75,,2650,56,4,,0,38,,2641,56,4,,0,70,,2649,56,4,,0,76,,3803,56,4,,0,110,,3809,56,4,,0,112,,3804,56,4,,0,103,,3811,56,4,,0,99,,3805,56,4,,0
3001,'5034',757,,2670,1,,,0,161,,3814,1,,,0,110,,2664,1,,,0,110,,3817,1,,,0,109,,3815,1,,,0,110,,2674,1,,,0,152,,3816,1,,,0,109,,2666,1,,,0,111,,2668,1,,,0,104,,3813,1,,,0,115,,2669,1,,,0
3001,'5035',621,,3823,1,,,0,85,,3822,1,,,0,36,,2698,1,,,0,58,,2700,1,,,0,17,,2697,1,,,0,18,,2701,1,,,0,17,,2675,1,,,0,74,,2676,1,,,0,75,,3818,1,,,0,35,,2678,1,,,0,75,,2679,1,,,0,35,,2680,1,,,0,75,,2682,1,,,0,35,,2683,1,,,0,75,,2684,1,,,0,75,,3819,1,,,0,35,,2685,1,,,0,77,,2686,1,,,0,110,,2687,1,,,0,75,,3820,1,,,0,35,,2689,1,,,0,75,,2690,1,,,0,35,,2691,1,,,0,76,,2693,1,,,0,109,,2694,1,,,0,199,,3821,1,,,0,100,,2695,1,,,0
3001,'5036',1553,,2702,1,,,0
3001,'5038',2134,,3824,1,,,0
3001,'5039',2134,,3825,1,,,0
3001,'5040',1553,,3826,1,,,0,581,,3827,1,,,0
3001,'5041',732,,2725,1,,,0,107,,3832,1,,,0,77,,3834,1,,,0,36,,2719,1,,,0,77,,2716,1,,,0,75,,2721,1,,,0,35,,2710,1,,,0,76,,2727,1,,,0,35,,2728,1,,,0,76,,2708,1,,,0,75,,2711,1,,,0,31,,2715,1,,,0,77,,2724,1,,,0,35,,3835,1,,,0,76,,3831,1,,,0,33,,3838,1,,,0,75,,3828,1,,,0,76,,3837,1,,,0,35,,3830,1,,,0,75,,2714,1,,,0,108,,3836,1,,,0,110,,3829,1,,,0,100,,2726,1,,,0,102,,3833,1,,,0
