2001,'5034',904,,2531,6,,,0,227,,2533,6,,,0,219,,2532,6,,,0,209,,2534,6,,,0,265,,3762,6,,,0
2001,'5035',644,,3769,6,,,0,85,,3770,6,0,9 10 11,0,71,,2547,6,0,9 10 11,0,105,,3763,6,,,0,109,,3764,6,,,0,110,,3765,6,,,0,111,,3766,6,,,0,220,,3767,6,0,9 10 11,0,150,,2541,6,,,0,110,,2542,6,,,0,219,,3768,6,,,0,404,,2544,6,0,9 10 11,0
2001,'5038',1820,,2548,6,0,9 10 11,0,319,,2549,6,0,9 10 11,0
2001,'5039',1820,,2550,6,0,9 10 11,0,319,,2551,6,0,9 10 11,0
2001,'5040',1820,,2552,6,0,9 10 11,0,319,,2553,6,0,9 10 11,0
2001,'5041',914,,2560,6,,,0,88,,2564,6,,,0,105,,3772,6,,,0,128,,2554,6,,,0,115,,2563,6,,,0,102,,2557,6,,,0,107,,2562,6,,,0,143,,2558,6,,,0,111,,3771,6,,,0,325,,2559,6,0,9 10 11,0,199,,2556,6,0,9 10 11,0
2501,'5034',820,,3781,6,,,0,220,,3782,7,,,0,215,,2582,7,,,0,545,,2583,6,,,0,230,,2584,7,,,0
2501,'5035',823,,2585,6,,,0,216,,3783,7,,,0,217,,3784,6,,,0,174,,3785,7,,,0,373,,2589,7,,,0
2501,'5037',2028,,3786,6,,,0
2501,'5039',2028,,3787,6,,,0
2501,'5041',820,,3788,6,,,0,220,,3790,7,,,0,215,,3789,7,,,0,545,,3791,6,,,0,230,,2592,7,,,0
1002001,'5034',752,,3381,6,,,0,251,,3380,6,,,0,232,,4188,6,,,0,222,,4189,6,,,0,257,,3377,6,,,0,305,,3379,6,,,0
1002001,'5035',719,,4190,6,,,0,110,,4191,6,,,0,94,,4192,6,,,0,126,,3385,6,,,0,110,,4193,6,,,0,151,,3387,6,,,0,35,,3388,6,,,0,75,,4194,6,,,0,110,,3390,6,,,0,110,,4195,6,,,0,111,,4196,6,,,0,108,,3393,6,,,0,178,,4197,6,,,0,202,,3395,6,,,0
1002001,'5041',716,,3400,6,,,0,113,,4200,6,,,0,110,,3396,6,,,0,111,,4199,6,,,0,103,,4204,6,,,0,157,,3406,6,,,0,110,,4198,6,,,0,104,,3403,6,,,0,116,,3398,6,,,0,109,,4202,6,,,0,164,,4201,6,,,0,103,,4205,6,,,0,220,,4203,6,,,0
