501,'5034',845,,2005,18,,,0,110,,3544,18,,,0,152,,3542,18,,,0,100,,3543,18,,,0,130,,3545,18,,,0,104,,2004,18,,,0,116,,2011,18,,,0,150,,2010,18,,,0,110,,2012,18,,,0,110,,2008,18,,,0,110,,2006,18,,,0
501,'5035',655,,2017,18,,,0,152,,2021,18,,,0,110,,2013,18,,,0,110,,2018,18,,,0,101,,2015,18,,,0,99,,2016,18,,,0,128,,3548,18,,,0,98,,3546,18,,,0,504,,3547,18,,,0,148,,3549,18,,,0,110,,2022,18,,,0,89,,2024,18,,,0,54,,3550,5,,,0
501,'5036',1842,,2026,18,,,0
501,'5038',1513,,3551,5,,,0,95,,3552,18,,,0,119,,3553,18,,,0
501,'5039',1513,,3554,5,,,0,95,,3555,18,,,0,119,,3556,18,,,0
501,'5040',1513,,3557,5,,,0,95,,3559,18,,,0,119,,3560,18,,,0,115,,3558,18,,,0
501,'5041',758,,2039,18,,,0,196,,3561,18,,,0,149,,2041,18,,,0,116,,2042,18,,,0,117,,3562,18,,,0,109,,2044,18,,,0,110,,3563,18,,,0,149,,2046,18,,,0,112,,2047,18,,,0,110,,3564,18,,,0,105,,3565,18,,,0,107,,2050,18,,,0,109,,2038,18,,,0,110,,2037,5,,,0
1501,'5034',825,,3735,5,,,0,110,,3739,5,,,0,110,,2462,5,,,0,110,,3736,5,,,0,150,,3734,5,,,0,110,,2465,5,,,0,110,,2468,5,,,0,110,,3733,5,,,0,110,,3738,5,,,0,110,,3737,5,,,0
1501,'5035',835,,2473,5,,,0,69,,3740,5,,,0,30,,2475,5,,,0,70,,2472,5,,,0,30,,3741,5,,,0,70,,3742,5,,,0,29,,3743,5,,,0,71,,3744,5,,,0,103,,2481,5,,,0,27,,2480,5,,,0,510,,3745,5,,,0,260,,3746,5,,,0
1501,'5038',1954,,2484,5,,,0
1501,'5039',1954,,2485,5,,,0
1501,'5040',1954,,2486,5,,,0
1501,'5041',751,,2495,5,,,0,184,,2496,5,,,0,102,,2493,5,,,0,118,,2497,5,,,0,151,,3748,5,,,0,110,,2492,5,,,0,110,,3747,5,,,0,109,,2489,5,,,0,111,,2490,5,,,0,109,,2491,5,,,0,152,,2488,5,,,0,107,,2498,5,,,0
1001501,'5035',716,,3332,5,,,0,38,,4176,5,,,0,480,,4177,5,,,0,170,,3333,5,,,0,36,,3334,5,,,0,75,,3337,5,,,0,37,,3340,5,,,0,77,,3339,5,,,0,75,,3336,5,,,0,35,,3338,5,,,0
1001501,'5037',1814,,4178,5,,,0
1001501,'5039',1814,,4179,5,,,0
