3001,'5034',805,,2670,9,,,0,121,,3814,9,,,0,110,,2664,9,,,0,111,,3817,9,,,0,109,,3815,9,,,0,150,,2674,9,,,0,112,,3816,9,,,0,109,,2666,9,,,0,111,,2668,9,,,0,103,,3813,9,,,0,115,,2669,9,,,0
3001,'5035',629,,3823,9,,,0,85,,3822,9,,,0,37,,2698,9,,,0,58,,2700,9,,,0,17,,2697,9,,,0,18,,2701,9,,,0,57,,2675,9,,,0,34,,2676,9,,,0,75,,3818,9,,,0,35,,2678,9,,,0,75,,2679,9,,,0,35,,2680,9,,,0,75,,2682,9,,,0,75,,2683,9,,,0,35,,2684,9,,,0,75,,3819,9,,,0,36,,2685,9,,,0,77,,2686,9,,,0,109,,2687,9,,,0,75,,3820,9,,,0,34,,2689,9,,,0,75,,2690,9,,,0,35,,2691,9,,,0,75,,2693,9,,,0,109,,2694,9,,,0,198,,3821,9,,,0,100,,2695,9,,,0
3001,'5036',1602,,2702,9,,,0
3001,'5038',2141,,3824,9,,,0
3001,'5039',2141,,3825,9,,,0
3001,'5040',1602,,3826,9,,,0,539,,3827,9,,,0
3001,'5041',740,,2725,9,,,0,108,,3832,9,,,0,77,,3834,9,,,0,76,,2719,9,,,0,37,,2716,9,,,0,75,,2721,9,,,0,35,,2710,9,,,0,76,,2727,9,,,0,35,,2728,9,,,0,76,,2708,9,,,0,75,,2711,9,,,0,31,,2715,9,,,0,77,,2724,9,,,0,35,,3835,9,,,0,76,,3831,9,,,0,73,,3838,9,,,0,35,,3828,9,,,0,75,,3837,9,,,0,35,,3830,9,,,0,75,,2714,9,,,0,108,,3836,9,,,0,109,,3829,9,,,0,100,,2726,9,,,0,102,,3833,9,,,0
4001,'5034',709,,2932,17,,,0,106,,2920,17,,,0,119,,3986,17,,,0,110,,2929,17,,,0,76,,3982,17,,,0,35,,2916,17,,,0,77,,3979,17,,,0,72,,3980,17,,,0,35,,3988,17,,,0,75,,2917,17,,,0,35,,3984,17,,,0,77,,2921,17,,,0,29,,2924,17,,,0,81,,2915,17,,,0,75,,3987,17,,,0,35,,3985,17,,,0,75,,3989,17,,,0,29,,2918,17,,,0,81,,3981,17,,,0,75,,3983,17,,,0
4001,'5035',637,,2984,17,,,0,72,,4033,17,,,0,31,,4037,17,,,0,16,,4034,17,,,0,55,,4035,17,,,0,18,,4036,17,,,0,16,,3999,17,,,0,55,,4002,17,,,0,14,,4003,17,,,0,15,,4004,17,,,0,15,,4000,17,,,0,15,,4001,17,,,0,55,,4005,17,,,0,15,,4006,17,,,0,15,,4007,17,,,0,15,,4008,17,,,0,55,,4009,17,,,0,15,,4010,17,,,0,15,,4011,17,,,0,15,,4012,17,,,0,57,,4013,17,,,0,15,,2959,17,,,0,15,,2960,17,,,0,55,,4014,17,,,0,15,,2962,17,,,0,15,,4015,17,,,0,15,,4016,17,,,0,55,,4017,17,,,0,15,,4018,17,,,0,15,,4019,17,,,0,15,,4020,17,,,0,55,,4021,17,,,0,15,,4022,17,,,0,15,,4023,17,,,0,15,,4024,17,,,0,55,,2973,17,,,0,15,,4025,17,,,0,15,,4026,17,,,0,15,,2976,17,,,0,55,,4027,17,,,0,15,,4038,17,,,0,15,,4030,17,,,0,15,,2981,17,,,0,54,,4028,17,,,0,15,,4029,17,,,0,15,,4031,17,,,0,15,,4032,17,,,0,57,,2943,17,,,0,20,,3998,17,,,0,20,,3993,17,,,0,60,,3997,17,,,0,48,,2936,17,,,0,70,,3996,17,,,0,30,,3992,17,,,0,69,,3995,17,,,0,29,,3991,17,,,0,70,,3994,17,,,0,30,,3990,17,,,0
4001,'5037',2021,,4039,17,,,0
4001,'5039',2021,,4040,17,,,0
4001,'5041',706,,3020,17,,,0,43,,3009,17,,,0,74,,3017,17,,,0,33,,4054,17,,,0,76,,3006,17,,,0,77,,4053,17,,,0,36,,4041,17,,,0,75,,4055,17,,,0,36,,4044,17,,,0,75,,3003,17,,,0,75,,3004,17,,,0,36,,3016,17,,,0,75,,2995,17,,,0,31,,3011,17,,,0,78,,3005,17,,,0,75,,4052,17,,,0,35,,4045,17,,,0,74,,4049,17,,,0,35,,4051,17,,,0,76,,3000,17,,,0,34,,4046,17,,,0,75,,4043,17,,,0,75,,3018,17,,,0,34,,4047,17,,,0,74,,4056,17,,,0,35,,4050,17,,,0,100,,4042,17,,,0,101,,4048,17,,,0
