2000,'5034',827,,2499,24,,,0,218,,2502,24,,,0,259,,2501,24,,,0,221,,2503,24,,,0,225,,2500,24,,,0
2000,'5035',602,,3758,24,0,9 12 2 5,0,108,,2517,24,0,9 12 2 5,0,107,,3759,24,0,9 12 2 5,0,38,,3749,24,,,0,149,,3750,24,,,0,110,,3751,24,,,0,105,,3752,24,0,9 12 2 5,0,115,,3753,24,,,0,78,,2509,24,,,0,110,,3754,24,,,0,20,,3755,24,0,9 12 2 5,0,160,,2512,24,0,9 12 2 5,0,117,,3756,24,,,0,136,,2514,24,0,9 12 2 5,0,203,,3757,24,0,9 12 2 5,0
2000,'5041',818,,2528,24,,,0,112,,2527,24,,,0,100,,2529,24,,,0,118,,2519,24,,,0,108,,2520,24,,,0,151,,2522,24,,,0,111,,2523,24,,,0,111,,3760,24,,,0,103,,3761,24,,,0,204,,2524,24,0,9 12 2 5,0,218,,2530,24,0,9 12 2 5,0,102,,2526,24,0,9 12 2 5,0
9200,'5038',1431,,4167,20,,,0,2,,3261,20,,,0
9200,'5039',1529,,4169,20,,,0,2,,4168,20,,,0
9200,'5040',1410,,4170,20,,,0,2,,3265,20,,,0
1002000,'5034',711,,4180,30,,,0,218,,3344,30,,,0,209,,3343,30,,,0,272,,3348,30,,,0,218,,3345,30,,,0,278,,3346,30,,,0
1002000,'5035',636,,3349,30,,,0,108,,4181,30,,,0,93,,4182,30,,,0,91,,4183,30,,,0,110,,3353,30,,,0,110,,3354,30,,,0,110,,4184,30,,,0,180,,3356,30,,,0,190,,3357,30,,,0,113,,3358,30,,,0,112,,3359,30,,,0,405,,3360,30,,,0
1002000,'5038',2058,,3361,30,,,0
1002000,'5039',2058,,3362,30,,,0
1002000,'5040',2058,,3363,30,,,0
1002000,'5041',635,,3369,30,,,0,112,,3370,30,,,0,110,,3365,30,,,0,147,,4186,30,,,0,114,,3373,30,,,0,106,,3371,30,,,0,100,,3366,30,,,0,112,,3374,30,,,0,118,,3367,30,,,0,150,,4187,30,,,0,125,,3368,30,,,0,225,,4185,30,,,0
