101,'5034',806,,3462,11,,,0,30,,3465,11,,,0,70,,1857,11,,,0,28,,3463,11,,,0,73,,1865,11,,,0,32,,3461,11,,,0,71,,3467,11,,,0,33,,1866,11,,,0,70,,1847,11,,,0,30,,3459,11,,,0,70,,3468,11,,,0,30,,3470,11,,,0,70,,3469,11,,,0,30,,1846,11,,,0,70,,3464,11,,,0,30,,3460,11,,,0,69,,3458,11,,,0,29,,1848,11,,,0,70,,1855,11,,,0,29,,3457,11,,,0,70,,3471,11,,,0,30,,1869,11,,,0,70,,1861,11,,,0,29,,1845,11,,,0,70,,3466,11,,,0,30,,1871,11,,,0,81,,1860,11,,,0
101,'5035',645,,3486,11,,,0,72,,3485,11,,,0,19,,1905,11,,,0,20,,1899,11,,,0,61,,3487,11,,,0,19,,1904,11,,,0,17,,3483,11,,,0,65,,3482,11,,,0,33,,1894,11,,,0,72,,3478,11,,,0,25,,3481,11,,,0,71,,3474,11,,,0,26,,3480,11,,,0,74,,3475,11,,,0,34,,1891,11,,,0,66,,1912,11,,,0,33,,1890,11,,,0,67,,3476,11,,,0,33,,1889,11,,,0,56,,3490,11,,,0,21,,1885,11,,,0,23,,1872,11,,,0,57,,3484,11,,,0,21,,1874,11,,,0,22,,1882,11,,,0,57,,3472,11,,,0,20,,3477,11,,,0,24,,1886,11,,,0,55,,3491,11,,,0,17,,3479,11,,,0,32,,1877,11,,,0,93,,1878,11,,,0,70,,1906,11,,,0,30,,1879,11,,,0,70,,1908,11,,,0,30,,3473,11,,,0,70,,3488,11,,,0,30,,1881,11,,,0,69,,3489,11,,,0,32,,1876,11,,,0,83,,1875,11,,,0
101,'5038',1920,,3492,11,,,0
101,'5039',1920,,3493,11,,,0
101,'5040',1920,,3494,11,,,0
101,'5041',720,,1928,11,,,0,30,,3515,11,,,0,71,,1930,11,,,0,27,,1935,11,,,0,73,,3500,11,,,0,22,,1921,11,,,0,81,,3506,11,,,0,29,,3502,11,,,0,68,,3495,11,,,0,31,,1919,11,,,0,68,,1941,11,,,0,33,,3503,11,,,0,71,,3498,11,,,0,30,,3508,11,,,0,70,,3504,11,,,0,30,,1922,11,,,0,70,,3509,11,,,0,30,,1938,11,,,0,69,,3496,11,,,0,32,,3501,11,,,0,67,,3497,11,,,0,30,,1931,11,,,0,70,,3510,11,,,0,29,,3511,11,,,0,70,,1933,11,,,0,30,,3505,11,,,0,69,,3499,11,,,0,32,,3512,11,,,0,68,,1918,11,,,0,37,,3514,11,,,0,63,,3507,11,,,0,30,,1949,11,,,0,69,,3513,11,,,0,31,,1926,11,,,0,80,,1940,11,,,0
2501,'5034',846,,3781,27,,,0,260,,3782,28,,,0,215,,2582,28,,,0,505,,2583,27,,,0,230,,2584,28,,,0
2501,'5035',851,,2585,27,,,0,256,,3783,28,,,0,217,,3784,27,,,0,135,,3785,28,,,0,369,,2589,28,,,0
2501,'5037',2053,,3786,27,,,0
2501,'5039',2053,,3787,27,,,0
2501,'5041',846,,3788,27,,,0,260,,3790,28,,,0,215,,3789,28,,,0,505,,3791,27,,,0,230,,2592,28,,,0
