500,'5034',854,,1954,9,0,5,0,150,,3518,9,0,5,0,112,,3516,9,0,5,0,100,,3517,9,0,5,0,130,,3519,9,0,5,0,104,,1953,9,0,5,0,156,,1960,9,0,5,0,110,,1959,9,0,5,0,110,,1961,9,0,5,0,110,,1957,9,0,5,0
500,'5035',619,,3522,9,0,5,0,86,,1968,9,0,5,0,107,,3520,9,0,6 7,0,6,,1972,9,0,5,0,109,,1963,9,0,5,0,110,,1967,9,0,5,0,101,,1965,9,0,5,0,99,,1966,9,0,5,0,168,,3523,9,0,5,0,99,,3521,9,0,5,0,503,,3524,9,0,5,0,108,,3525,9,0,5,0,109,,1973,9,0,5,0,89,,1975,9,0,5,0
500,'5036',1852,,1977,9,0,5,0
500,'5038',1525,,3527,9,0,6 7,0,94,,3529,9,0,5,0,119,,3528,9,0,5,0
500,'5039',1525,,3530,9,0,6 7,0,94,,3532,9,0,5,0,119,,3531,9,0,5,0
500,'5040',1525,,3533,9,0,6 7,0,94,,3536,9,0,5,0,119,,3534,9,0,5,0,114,,3535,9,0,5,0
500,'5041',807,,1988,9,0,5,0,196,,3537,9,0,5,0,110,,1990,9,0,5,0,116,,1991,9,0,5,0,117,,3538,9,0,5,0,109,,1993,9,0,5,0,150,,3539,9,0,5,0,109,,1995,9,0,5,0,112,,1996,9,0,5,0,109,,3540,9,0,5,0,105,,3541,9,0,5,0,107,,1999,9,0,5,0,109,,2000,9,0,5,0
1001500,'5035',702,,3323,16,,,0,35,,4171,16,,,0,77,,3322,16,,,0,33,,4172,16,,,0,401,,4173,16,,,0,285,,3327,16,,,0,76,,3328,16,,,0,37,,3325,16,,,0,76,,3326,16,,,0
1001500,'5037',1757,,4174,16,,,0
1001500,'5039',1757,,4175,16,,,0
