2000,'4623',1720,,5099,44,,,0
2000,'5014',618,,5111,44,,,0,108,,5112,44,,,0,108,,5113,44,,,0,402,,5103,44,,,0,365,,5107,44,,,0,410,,5109,44,,,0,203,,5110,44,,,0
2000,'5015',1951,,5119,44,,,0,258,,5125,44,,,0,102,,5121,44,,,0
2000,'5222',1720,,5131,44,,,0
2001,'5014',829,,5144,36,,,0,697,,5136,36,,,0,320,,5139,36,,,0,359,,5141,36,,,0,197,,5142,36,,,0
2001,'5015',2202,,5150,36,,,0,199,,5147,36,,,0
1002000,'4623',1457,,5857,50,,,0
1002000,'5014',2114,,5866,50,,,0,200,,5867,50,,,0
1002000,'5015',650,,5873,50,,,0,152,,5874,50,,,0,110,,5869,50,,,0,107,,5876,50,,,0,115,,5877,50,,,0,106,,5875,50,,,0,100,,5870,50,,,0,112,,5878,50,,,0,158,,5871,50,,,0,110,,5879,50,,,0,125,,5872,50,,,0,264,,5868,50,,,0
1002000,'5221',726,,5884,50,,,0,218,,5881,50,,,0,210,,5880,50,,,0,272,,5885,50,,,0,218,,5882,50,,,0,277,,5883,50,,,0
1002000,'5222',1457,,5887,50,,,0
1002001,'4623',950,,5888,36,,,0,608,,5889,36,,,0
1002001,'5014',1415,,5895,36,,,0,36,,5896,36,,,0,256,,5897,36,,,0,396,,5900,36,,,0,200,,5901,36,,,0
1002001,'5015',740,,5906,36,,,0,113,,5907,36,,,0,152,,5902,36,,,0,111,,5905,36,,,0,103,,5913,36,,,0,117,,5912,36,,,0,110,,5903,36,,,0,104,,5909,36,,,0,156,,5904,36,,,0,109,,5910,36,,,0,124,,5908,36,,,0,102,,5914,36,,,0,259,,5911,36,,,0
1002001,'5221',816,,5920,36,,,0,213,,5919,36,,,0,272,,5915,36,,,0,222,,5917,36,,,0,217,,5916,36,,,0,304,,5918,36,,,0
1002001,'5222',950,,5921,36,,,0,608,,5922,36,,,0
