500,'5034',903,,1954,18,0,5,0,110,,3518,18,0,5,0,112,,3516,18,0,5,0,100,,3517,18,0,5,0,130,,3519,18,0,5,0,104,,1953,18,0,5,0,156,,1960,18,0,5,0,110,,1959,18,0,5,0,110,,1961,18,0,5,0,110,,1957,18,0,5,0
500,'5035',629,,3522,18,0,5,0,86,,1968,18,0,5,0,116,,1972,18,0,5,0,106,,1963,18,0,5,0,110,,1967,18,0,5,0,101,,1965,18,0,5,0,99,,1966,18,0,5,0,168,,3523,18,0,5,0,99,,3521,18,0,5,0,502,,3524,18,0,5,0,108,,3525,18,0,5,0,109,,1973,18,0,5,0,89,,1975,18,0,5,0
500,'5036',1901,,1977,18,0,5,0
500,'5038',1629,,3529,18,0,5,0,118,,3528,18,0,5,0
500,'5039',1629,,3532,18,0,5,0,118,,3531,18,0,5,0
500,'5040',1629,,3536,18,0,5,0,118,,3534,18,0,5,0,154,,3535,18,0,5,0
500,'5041',817,,1988,18,0,5,0,196,,3537,18,0,5,0,110,,1990,18,0,5,0,116,,1991,18,0,5,0,117,,3538,18,0,5,0,149,,1993,18,0,5,0,110,,3539,18,0,5,0,108,,1995,18,0,5,0,112,,1996,18,0,5,0,109,,3540,18,0,5,0,105,,3541,18,0,5,0,107,,1999,18,0,5,0,149,,2000,18,0,5,0
801,'5034',809,,2290,3,,,0,121,,2288,3,,,0,104,,2292,3,,,0,111,,2291,3,,,0,156,,2293,3,,,0,109,,2294,3,,,0,112,,2287,3,,,0,111,,2285,3,,,0,106,,2286,3,,,0,110,,2296,3,,,0,106,,2295,3,,,0
801,'5035',527,,3663,3,,,0,129,,2298,3,,,0,102,,2301,3,,,0,154,,2307,3,,,0,115,,2297,3,,,0,125,,2306,3,,,0,154,,3660,3,,,0,115,,3659,3,,,0,230,,2302,3,,,0,155,,3661,3,,,0,115,,3662,3,,,0,116,,2303,3,,,0,112,,3664,3,,,0,159,,2310,3,,,0
801,'5038',1526,,2311,3,,,0
801,'5039',1526,,2312,3,,,0
801,'5040',1526,,2313,3,,,0
801,'5041',659,,2315,3,,,0,150,,2316,3,,,0,110,,2317,3,,,0,111,,2318,3,,,0,123,,2326,3,,,0,148,,3670,3,,,0,112,,2319,3,,,0,104,,3666,3,,,0,120,,3667,3,,,0,102,,3668,3,,,0,110,,3665,3,,,0,105,,2323,3,,,0,105,,2324,3,,,0,149,,3669,3,,,0
