500,'5034',909,,1954,25,0,5,0,110,,3518,25,0,5,0,112,,3516,25,0,5,0,100,,3517,25,0,5,0,170,,3519,25,0,5,0,104,,1953,25,0,5,0,116,,1960,25,0,5,0,110,,1959,25,0,5,0,110,,1961,25,0,5,0,110,,1957,25,0,5,0
500,'5035',634,,3522,25,0,5,0,86,,1968,25,0,5,0,117,,1972,25,0,5,0,106,,1963,25,0,5,0,110,,1967,25,0,5,0,101,,1965,25,0,5,0,99,,1966,25,0,5,0,169,,3523,25,0,5,0,99,,3521,25,0,5,0,501,,3524,25,0,5,0,108,,3525,25,0,5,0,108,,1973,25,0,5,0,89,,1975,25,0,5,0
500,'5036',1907,,1977,25,0,5,0
500,'5038',1636,,3529,25,0,5,0,117,,3528,25,0,5,0
500,'5039',1636,,3532,25,0,5,0,117,,3531,25,0,5,0
500,'5040',1636,,3536,25,0,5,0,117,,3534,25,0,5,0,154,,3535,25,0,5,0
500,'5041',822,,1988,25,0,5,0,196,,3537,25,0,5,0,110,,1990,25,0,5,0,116,,1991,25,0,5,0,157,,3538,25,0,5,0,109,,1993,25,0,5,0,110,,3539,25,0,5,0,108,,1995,25,0,5,0,112,,1996,25,0,5,0,109,,3540,25,0,5,0,105,,3541,25,0,5,0,147,,1999,25,0,5,0,109,,2000,25,0,5,0
600,'5034',717,,3566,25,,,0,110,,2060,25,,,0,110,,2059,25,,,0,111,,2057,25,,,0,111,,2054,25,,,0,149,,2061,25,,,0,110,,2051,25,,,0,111,,2058,25,,,0,111,,2056,25,,,0,111,,2062,25,,,0,107,,2055,25,,,0,151,,2053,25,,,0
600,'5035',642,,3573,25,,,0,88,,3570,25,,,0,28,,2065,25,,,0,75,,2063,25,,,0,83,,2069,25,,,0,113,,2074,25,,,0,120,,3567,25,,,0,163,,2075,25,,,0,118,,3568,25,,,0,94,,2068,25,,,0,23,,3569,25,,,0,266,,2072,25,,,0,112,,3571,25,,,0,114,,3572,25,,,0,112,,2077,25,,,0,151,,3574,25,,,0,50,,2079,25,,,0
600,'5038',1659,,2080,25,,,0
600,'5039',1659,,2081,25,,,0
600,'5040',1659,,2082,25,,,0
600,'5041',718,,2088,25,,,0,110,,2091,25,,,0,109,,2085,25,,,0,110,,2095,25,,,0,108,,2086,25,,,0,159,,2089,25,,,0,106,,3578,25,,,0,112,,2092,25,,,0,108,,3579,25,,,0,116,,3575,25,,,0,144,,3577,25,,,0,108,,3576,25,,,0,109,,2096,25,,,0,110,,2097,25,,,0,100,,2093,25,,,0
