501,'5034',846,,2005,19,,,0,110,,3544,19,,,0,152,,3542,19,,,0,100,,3543,19,,,0,130,,3545,19,,,0,104,,2004,19,,,0,116,,2011,19,,,0,150,,2010,19,,,0,110,,2012,19,,,0,110,,2008,19,,,0,110,,2006,19,,,0
501,'5035',656,,2017,19,,,0,152,,2021,19,,,0,110,,2013,19,,,0,110,,2018,19,,,0,101,,2015,19,,,0,99,,2016,19,,,0,128,,3548,19,,,0,99,,3546,19,,,0,503,,3547,19,,,0,148,,3549,19,,,0,110,,2022,19,,,0,89,,2024,19,,,0,54,,3550,6,,,0
501,'5036',1843,,2026,19,,,0
501,'5038',1515,,3551,6,,,0,95,,3552,19,,,0,119,,3553,19,,,0
501,'5039',1515,,3554,6,,,0,95,,3555,19,,,0,119,,3556,19,,,0
501,'5040',1515,,3557,6,,,0,95,,3559,19,,,0,119,,3560,19,,,0,114,,3558,19,,,0
501,'5041',759,,2039,19,,,0,196,,3561,19,,,0,149,,2041,19,,,0,116,,2042,19,,,0,117,,3562,19,,,0,109,,2044,19,,,0,110,,3563,19,,,0,149,,2046,19,,,0,112,,2047,19,,,0,110,,3564,19,,,0,105,,3565,19,,,0,107,,2050,19,,,0,109,,2038,19,,,0,110,,2037,6,,,0
1501,'5034',826,,3735,6,,,0,110,,3739,6,,,0,110,,2462,6,,,0,110,,3736,6,,,0,150,,3734,6,,,0,110,,2465,6,,,0,110,,2468,6,,,0,110,,3733,6,,,0,110,,3738,6,,,0,110,,3737,6,,,0
1501,'5035',836,,2473,6,,,0,69,,3740,6,,,0,30,,2475,6,,,0,70,,2472,6,,,0,30,,3741,6,,,0,70,,3742,6,,,0,29,,3743,6,,,0,71,,3744,6,,,0,103,,2481,6,,,0,27,,2480,6,,,0,510,,3745,6,,,0,260,,3746,6,,,0
1501,'5038',1955,,2484,6,,,0
1501,'5039',1955,,2485,6,,,0
1501,'5040',1955,,2486,6,,,0
1501,'5041',752,,2495,6,,,0,184,,2496,6,,,0,102,,2493,6,,,0,118,,2497,6,,,0,151,,3748,6,,,0,110,,2492,6,,,0,110,,3747,6,,,0,109,,2489,6,,,0,111,,2490,6,,,0,109,,2491,6,,,0,152,,2488,6,,,0,107,,2498,6,,,0
1001501,'5035',717,,3332,6,,,0,38,,4176,6,,,0,480,,4177,6,,,0,170,,3333,6,,,0,36,,3334,6,,,0,75,,3337,6,,,0,37,,3340,6,,,0,77,,3339,6,,,0,75,,3336,6,,,0,35,,3338,6,,,0
1001501,'5037',1815,,4178,6,,,0
1001501,'5039',1815,,4179,6,,,0
