2000,'4623',1700,,5099,21,0,9 12 2 5,0
2000,'5014',600,,5111,21,0,9 12 2 5,0,108,,6139,21,0,9 12 2 5,0,106,,5113,21,0,9 12 2 5,0,39,,6136,21,,,0,149,,5101,21,,,0,110,,5102,21,,,0,105,,5103,21,0,9 12 2 5,0,115,,5104,21,,,0,78,,5105,21,,,0,110,,6137,21,,,0,20,,5107,21,0,9 12 2 5,0,277,,6138,21,,,0,136,,5109,21,0,9 12 2 5,0,203,,5110,21,0,9 12 2 5,0
2000,'5015',816,,6143,21,,,0,112,,5122,21,,,0,100,,6144,21,,,0,118,,5114,21,,,0,108,,5115,21,,,0,151,,5117,21,,,0,111,,6141,21,,,0,111,,6140,21,,,0,103,,5120,21,,,0,204,,6142,21,0,9 12 2 5,0,218,,6145,21,0,9 12 2 5,0,102,,5121,21,0,9 12 2 5,0
2000,'5221',825,,5126,21,,,0,218,,5129,21,,,0,259,,5128,21,,,0,221,,5130,21,,,0,225,,5127,21,,,0
2000,'5222',1700,,5131,21,0,9 12 2 5,0
1002000,'4623',1036,,6419,27,,,0,399,,5857,27,,,0
1002000,'5014',634,,5858,27,,,0,108,,5859,27,,,0,184,,5860,27,,,0,220,,5861,27,,,0,110,,5862,27,,,0,370,,5863,27,,,0,113,,5864,27,,,0,112,,5865,27,,,0,205,,5866,27,,,0,200,,5867,27,,,0
1002000,'5015',633,,6420,27,,,0,112,,6421,27,,,0,110,,5869,27,,,0,147,,5876,27,,,0,114,,5877,27,,,0,106,,5875,27,,,0,100,,5870,27,,,0,112,,5878,27,,,0,118,,5871,27,,,0,150,,5879,27,,,0,125,,5872,27,,,0,225,,5868,27,,,0
1002000,'5221',709,,5884,27,,,0,218,,5881,27,,,0,209,,5880,27,,,0,272,,5885,27,,,0,218,,5882,27,,,0,278,,5883,27,,,0
1002000,'5222',1036,,6422,27,,,0,399,,5887,27,,,0
