501,'5034',847,,2005,21,,,0,110,,3544,21,,,0,152,,3542,21,,,0,100,,3543,21,,,0,130,,3545,21,,,0,104,,2004,21,,,0,116,,2011,21,,,0,150,,2010,21,,,0,110,,2012,21,,,0,110,,2008,21,,,0,110,,2006,21,,,0
501,'5035',658,,2017,21,,,0,152,,2021,21,,,0,110,,2013,21,,,0,110,,2018,21,,,0,101,,2015,21,,,0,99,,2016,21,,,0,128,,3548,21,,,0,99,,3546,21,,,0,543,,3547,21,,,0,108,,3549,21,,,0,109,,2022,21,,,0,89,,2024,21,,,0,94,,3550,8,,,0
501,'5036',1845,,2026,21,,,0
501,'5038',1518,,3551,8,,,0,94,,3552,21,,,0,119,,3553,21,,,0
501,'5039',1518,,3554,8,,,0,94,,3555,21,,,0,119,,3556,21,,,0
501,'5040',1518,,3557,8,,,0,94,,3559,21,,,0,119,,3560,21,,,0,114,,3558,21,,,0
501,'5041',800,,2039,21,,,0,156,,3561,21,,,0,150,,2041,21,,,0,116,,2042,21,,,0,117,,3562,21,,,0,109,,2044,21,,,0,110,,3563,21,,,0,149,,2046,21,,,0,112,,2047,21,,,0,109,,3564,21,,,0,105,,3565,21,,,0,107,,2050,21,,,0,109,,2038,21,,,0,110,,2037,8,,,0
1001501,'5035',719,,3332,8,,,0,38,,4176,8,,,0,480,,4177,8,,,0,170,,3333,8,,,0,36,,3334,8,,,0,75,,3337,8,,,0,37,,3340,8,,,0,77,,3339,8,,,0,75,,3336,8,,,0,35,,3338,8,,,0
1001501,'5037',1816,,4178,8,,,0
1001501,'5039',1816,,4179,8,,,0
