2000,'5034',842,,2499,39,,,0,259,,2502,39,,,0,219,,2501,39,,,0,221,,2503,39,,,0,265,,2500,39,,,0
2000,'5035',629,,3758,56,,,0,110,,2517,56,,,0,108,,3759,56,,,0,65,,3749,39,,,0,110,,3750,39,,,0,110,,3751,39,,,0,117,,3752,56,,,0,103,,3753,39,,,0,78,,2509,39,,,0,111,,3754,39,,,0,74,,3755,56,,,0,118,,2512,56,,,0,104,,3756,39,,,0,187,,2514,56,,,0,201,,3757,56,,,0
2000,'5041',835,,2528,39,,,0,112,,2527,39,,,0,102,,2529,39,,,0,158,,2519,39,,,0,108,,2520,39,,,0,112,,2522,39,,,0,111,,2523,39,,,0,109,,3760,39,,,0,103,,3761,39,,,0,253,,2524,56,,,0,217,,2530,56,,,0,102,,2526,56,,,0
2500,'5034',809,,3773,21,0,5,0,210,,3774,21,0,13 14,0,215,,2567,21,0,13 14,0,515,,2568,21,0,5,0,260,,2569,21,0,13 14,0
2500,'5035',813,,2570,21,0,5,0,207,,3775,21,0,13 14,0,226,,2572,21,0,5,0,165,,3776,21,0,13 14,0,333,,2574,21,0,13 14,0
2500,'5041',809,,3777,21,0,5,0,210,,3779,21,0,13 14,0,215,,3778,21,0,13 14,0,515,,3780,21,0,5,0,260,,2575,21,0,13 14,0
1002000,'5034',737,,4180,62,,,0,219,,3344,62,,,0,250,,3343,62,,,0,233,,3348,62,,,0,217,,3345,62,,,0,277,,3346,62,,,0
1002000,'5035',653,,3349,45,,,0,149,,4181,45,,,0,104,,4182,62,,,0,40,,4183,45,,,0,111,,3353,45,,,0,150,,3354,45,,,0,110,,4184,45,,,0,194,,3356,62,,,0,137,,3357,45,,,0,152,,3358,45,,,0,112,,3359,45,,,0,413,,3360,62,,,0
1002000,'5038',2125,,3361,62,,,0
1002000,'5039',2125,,3362,62,,,0
1002000,'5040',2125,,3363,62,,,0
1002000,'5041',701,,3369,62,,,0,112,,3370,62,,,0,110,,3365,62,,,0,109,,4186,62,,,0,115,,3373,62,,,0,106,,3371,62,,,0,101,,3366,62,,,0,152,,3374,62,,,0,116,,3367,62,,,0,110,,4187,62,,,0,125,,3368,62,,,0,263,,4185,62,,,0
