2000,'5035',605,,3758,29,0,9 12 2 5,0,108,,2517,29,0,9 12 2 5,0,108,,3759,29,0,9 12 2 5,0,402,,3752,29,0,9 12 2 5,0,323,,3755,29,0,9 12 2 5,0,160,,2512,29,0,9 12 2 5,0,252,,2514,29,0,9 12 2 5,0,243,,3757,29,0,9 12 2 5,0
2000,'5041',1939,,2524,29,0,9 12 2 5,0,218,,2530,29,0,9 12 2 5,0,102,,2526,29,0,9 12 2 5,0
2001,'5035',743,,3770,21,0,9 10 11,0,73,,2547,21,0,9 10 11,0,694,,3767,21,0,9 10 11,0,840,,2544,21,0,9 10 11,0
2001,'5038',1834,,2548,21,0,9 10 11,0,319,,2549,21,0,9 10 11,0
2001,'5039',1834,,2550,21,0,9 10 11,0,319,,2551,21,0,9 10 11,0
2001,'5040',1834,,2552,21,0,9 10 11,0,319,,2553,21,0,9 10 11,0
2001,'5041',2151,,2559,21,0,9 10 11,0,199,,2556,21,0,9 10 11,0
9200,'5038',1435,,4167,25,,,0,2,,3261,25,,,0
9200,'5039',1533,,4169,25,,,0,2,,4168,25,,,0
9200,'5040',1414,,4170,25,,,0,2,,3265,25,,,0
1002000,'5034',714,,4180,35,,,0,218,,3344,35,,,0,209,,3343,35,,,0,272,,3348,35,,,0,218,,3345,35,,,0,278,,3346,35,,,0
1002000,'5035',841,,4182,35,,,0,601,,3356,35,,,0,859,,3360,35,,,0
1002000,'5038',2101,,3361,35,,,0
1002000,'5039',2101,,3362,35,,,0
1002000,'5040',2101,,3363,35,,,0
1002000,'5041',638,,3369,35,,,0,112,,3370,35,,,0,150,,3365,35,,,0,107,,4186,35,,,0,114,,3373,35,,,0,106,,3371,35,,,0,100,,3366,35,,,0,112,,3374,35,,,0,118,,3367,35,,,0,150,,4187,35,,,0,125,,3368,35,,,0,225,,4185,35,,,0
1002001,'5034',805,,3381,21,,,0,212,,3380,21,,,0,232,,4188,21,,,0,262,,4189,21,,,0,217,,3377,21,,,0,305,,3379,21,,,0
1002001,'5035',937,,4192,21,,,0,463,,3388,21,,,0,35,,4194,21,,,0,110,,3390,21,,,0,109,,4195,21,,,0,397,,4197,21,,,0,200,,3395,21,,,0
1002001,'5041',729,,3400,21,,,0,113,,4200,21,,,0,111,,3396,21,,,0,151,,4199,21,,,0,103,,4204,21,,,0,117,,3406,21,,,0,110,,4198,21,,,0,104,,3403,21,,,0,116,,3398,21,,,0,149,,4202,21,,,0,124,,4201,21,,,0,103,,4205,21,,,0,219,,4203,21,,,0
