4000,'4623',1228,,6230,6,,,0
4000,'5014',603,,6259,6,,,0,29,,6260,6,,,0,68,,6261,6,,,0,28,,6262,6,,,0,28,,6263,6,,,0,72,,6238,6,,,0,31,,6239,6,,,0,72,,6240,6,,,0,70,,6241,6,,,0,28,,6242,6,,,0,30,,6243,6,,,0,70,,6244,6,,,0,29,,6245,6,,,0,99,,6246,6,,,0,69,,6247,6,,,0,28,,6249,6,,,0,69,,6248,6,,,0,31,,6250,6,,,0,69,,6251,6,,,0,32,,6252,6,,,0,70,,6253,6,,,0,33,,6254,6,,,0,71,,6255,6,,,0,77,,6256,6,,,0,32,,6257,6,,,0,70,,6258,6,,,0,32,,6234,6,,,0,71,,6235,6,,,0,32,,6233,6,,,0,70,,6236,6,,,0,32,,6232,6,,,0,70,,6237,6,,,0,31,,6231,6,,,0
4000,'5015',643,,6283,6,,,0,71,,6288,6,,,0,34,,6276,6,,,0,77,,6268,6,,,0,32,,6284,6,,,0,74,,6265,6,,,0,77,,6281,6,,,0,32,,6266,6,,,0,74,,6272,6,,,0,35,,6275,6,,,0,75,,6264,6,,,0,35,,6269,6,,,0,75,,6273,6,,,0,75,,6282,6,,,0,35,,6287,6,,,0,78,,6271,6,,,0,32,,6277,6,,,0,75,,6286,6,,,0,79,,6285,6,,,0,31,,6274,6,,,0,76,,6278,6,,,0,35,,6289,6,,,0,75,,6267,6,,,0,78,,6290,6,,,0,35,,6279,6,,,0,104,,6270,6,,,0,99,,6280,6,,,0
4000,'5221',709,,6296,6,,,0,117,,6306,6,,,0,106,,6293,6,,,0,75,,6309,6,,,0,32,,6295,6,,,0,85,,6291,6,,,0,28,,6310,6,,,0,75,,6304,6,,,0,74,,6305,6,,,0,35,,6300,6,,,0,75,,6297,6,,,0,33,,6299,6,,,0,77,,6294,6,,,0,35,,6302,6,,,0,75,,6301,6,,,0,75,,6308,6,,,0,35,,6292,6,,,0,75,,6303,6,,,0,35,,6298,6,,,0,75,,6307,6,,,0
4000,'5222',1228,,6311,6,,,0
1002000,'4623',1023,,6419,6,,,0,397,,5857,6,,,0
1002000,'5014',621,,5858,6,,,0,107,,5859,6,,,0,185,,5860,6,,,0,219,,5861,6,,,0,110,,5862,6,,,0,369,,5863,6,,,0,113,,5864,6,,,0,113,,5865,6,,,0,206,,5866,6,,,0,200,,5867,6,,,0
1002000,'5015',620,,6420,6,,,0,112,,6421,6,,,0,110,,5869,6,,,0,107,,5876,6,,,0,154,,5877,6,,,0,106,,5875,6,,,0,100,,5870,6,,,0,112,,5878,6,,,0,118,,5871,6,,,0,110,,5879,6,,,0,165,,5872,6,,,0,225,,5868,6,,,0
1002000,'5221',656,,5884,6,,,0,258,,5881,6,,,0,209,,5880,6,,,0,231,,5885,6,,,0,257,,5882,6,,,0,240,,5883,6,,,0
1002000,'5222',1023,,6422,6,,,0,397,,5887,6,,,0
