901,'5014',510,,6112,2,,,0,97,,4998,2,,,0,31,,5000,2,,,0,65,,4996,2,,,0,32,,6111,2,,,0,22,,4979,2,,,0,144,,4980,2,,,0,102,,4981,2,,,0,97,,4982,2,,,0,54,,5001,2,,,0,93,,4984,2,,,0,82,,4983,2,,,0,86,,4985,2,,,0,87,,6110,2,,,0,28,,4988,2,,,0,70,,4987,2,,,0,33,,4989,2,,,0,79,,4990,2,,,0,91,,4992,2,,,0,105,,4994,2,,,0,95,,4991,2,,,0,101,,4995,2,,,0,198,,4993,2,,,0
901,'5015',630,,5002,2,,,0,100,,5005,2,,,0,76,,5006,2,,,0,102,,5011,2,,,0,45,,6113,2,,,0,170,,5007,2,,,0,107,,5016,2,,,0,73,,5010,2,,,0,39,,5009,2,,,0,98,,6114,2,,,0,106,,5003,2,,,0,104,,5012,2,,,0,155,,6115,2,,,0,100,,5014,2,,,0,201,,5004,2,,,0
901,'5221',708,,5022,2,,,0,96,,5019,2,,,0,140,,5025,2,,,0,113,,5021,2,,,0,169,,5026,2,,,0,109,,5017,2,,,0,166,,5018,2,,,0,134,,5020,2,,,0,170,,6116,2,,,0,116,,5023,2,,,0
4000,'4623',1225,,6230,2,,,0
4000,'5014',601,,6259,2,,,0,29,,6260,2,,,0,27,,6261,2,,,0,68,,6262,2,,,0,28,,6263,2,,,0,72,,6238,2,,,0,31,,6239,2,,,0,72,,6240,2,,,0,30,,6241,2,,,0,68,,6242,2,,,0,30,,6243,2,,,0,70,,6244,2,,,0,29,,6245,2,,,0,99,,6246,2,,,0,69,,6247,2,,,0,28,,6249,2,,,0,69,,6248,2,,,0,31,,6250,2,,,0,69,,6251,2,,,0,32,,6252,2,,,0,70,,6253,2,,,0,33,,6254,2,,,0,71,,6255,2,,,0,77,,6256,2,,,0,32,,6257,2,,,0,70,,6258,2,,,0,32,,6234,2,,,0,71,,6235,2,,,0,32,,6233,2,,,0,70,,6236,2,,,0,32,,6232,2,,,0,70,,6237,2,,,0,32,,6231,2,,,0
4000,'5015',641,,6283,2,,,0,70,,6288,2,,,0,34,,6276,2,,,0,77,,6268,2,,,0,32,,6284,2,,,0,74,,6265,2,,,0,77,,6281,2,,,0,32,,6266,2,,,0,74,,6272,2,,,0,35,,6275,2,,,0,75,,6264,2,,,0,35,,6269,2,,,0,75,,6273,2,,,0,75,,6282,2,,,0,35,,6287,2,,,0,78,,6271,2,,,0,32,,6277,2,,,0,75,,6286,2,,,0,79,,6285,2,,,0,31,,6274,2,,,0,76,,6278,2,,,0,35,,6289,2,,,0,75,,6267,2,,,0,78,,6290,2,,,0,35,,6279,2,,,0,104,,6270,2,,,0,100,,6280,2,,,0
4000,'5221',707,,6296,2,,,0,116,,6306,2,,,0,106,,6293,2,,,0,75,,6309,2,,,0,32,,6295,2,,,0,85,,6291,2,,,0,28,,6310,2,,,0,75,,6304,2,,,0,34,,6305,2,,,0,75,,6300,2,,,0,75,,6297,2,,,0,33,,6299,2,,,0,77,,6294,2,,,0,35,,6302,2,,,0,75,,6301,2,,,0,75,,6308,2,,,0,35,,6292,2,,,0,75,,6303,2,,,0,35,,6298,2,,,0,75,,6307,2,,,0
4000,'5222',1225,,6311,2,,,0
1002000,'4623',1021,,6419,2,,,0,397,,5857,2,,,0
1002000,'5014',619,,5858,2,,,0,107,,5859,2,,,0,185,,5860,2,,,0,219,,5861,2,,,0,110,,5862,2,,,0,368,,5863,2,,,0,113,,5864,2,,,0,113,,5865,2,,,0,207,,5866,2,,,0,200,,5867,2,,,0
1002000,'5015',618,,6420,2,,,0,112,,6421,2,,,0,110,,5869,2,,,0,107,,5876,2,,,0,154,,5877,2,,,0,106,,5875,2,,,0,100,,5870,2,,,0,112,,5878,2,,,0,118,,5871,2,,,0,110,,5879,2,,,0,165,,5872,2,,,0,225,,5868,2,,,0
1002000,'5221',654,,5884,2,,,0,258,,5881,2,,,0,209,,5880,2,,,0,231,,5885,2,,,0,257,,5882,2,,,0,240,,5883,2,,,0
1002000,'5222',1021,,6422,2,,,0,397,,5887,2,,,0
