1501,'5034',835,,3735,11,,,0,111,,3739,11,,,0,110,,2462,11,,,0,150,,3736,11,,,0,110,,3734,11,,,0,110,,2465,11,,,0,110,,2468,11,,,0,109,,3733,11,,,0,110,,3738,11,,,0,150,,3737,11,,,0
1501,'5035',847,,2473,11,,,0,69,,3740,11,,,0,30,,2475,11,,,0,70,,2472,11,,,0,30,,3741,11,,,0,70,,3742,11,,,0,29,,3743,11,,,0,71,,3744,11,,,0,103,,2481,11,,,0,27,,2480,11,,,0,508,,3745,11,,,0,260,,3746,11,,,0
1501,'5038',2004,,2484,11,,,0
1501,'5039',2004,,2485,11,,,0
1501,'5040',2004,,2486,11,,,0
1501,'5041',801,,2495,11,,,0,145,,2496,11,,,0,102,,2493,11,,,0,158,,2497,11,,,0,112,,3748,11,,,0,109,,2492,11,,,0,110,,3747,11,,,0,109,,2489,11,,,0,111,,2490,11,,,0,148,,2491,11,,,0,112,,2488,11,,,0,107,,2498,11,,,0
3001,'5034',839,,2670,49,,,0,162,,3814,49,,,0,110,,2664,49,,,0,111,,3817,49,,,0,110,,3815,49,,,0,110,,2674,49,,,0,112,,3816,49,,,0,147,,2666,49,,,0,110,,2668,49,,,0,102,,3813,49,,,0,115,,2669,49,,,0
3001,'5035',701,,3823,49,,,0,48,,3822,49,,,0,79,,2698,49,,,0,18,,2700,49,,,0,56,,2697,49,,,0,17,,2701,49,,,0,17,,2675,49,,,0,75,,2676,49,,,0,35,,3818,49,,,0,75,,2678,49,,,0,35,,2679,49,,,0,76,,2680,49,,,0,75,,2682,49,,,0,35,,2683,49,,,0,76,,2684,49,,,0,36,,3819,49,,,0,76,,2685,49,,,0,77,,2686,49,,,0,107,,2687,49,,,0,34,,3820,49,,,0,74,,2689,49,,,0,34,,2690,49,,,0,74,,2691,49,,,0,75,,2693,49,,,0,107,,2694,49,,,0,197,,3821,49,,,0,100,,2695,49,,,0
3001,'5036',1641,,2702,49,,,0
3001,'5038',2212,,3824,49,,,0
3001,'5039',2212,,3825,49,,,0
3001,'5040',1641,,3826,49,,,0,571,,3827,49,,,0
3001,'5041',814,,2725,49,,,0,108,,3832,49,,,0,37,,3834,49,,,0,76,,2719,49,,,0,77,,2716,49,,,0,35,,2721,49,,,0,77,,2710,49,,,0,76,,2727,49,,,0,35,,2728,49,,,0,76,,2708,49,,,0,35,,2711,49,,,0,71,,2715,49,,,0,37,,2724,49,,,0,75,,3835,49,,,0,74,,3831,49,,,0,33,,3838,49,,,0,75,,3828,49,,,0,35,,3837,49,,,0,74,,3830,49,,,0,35,,2714,49,,,0,148,,3836,49,,,0,108,,3829,49,,,0,100,,2726,49,,,0,101,,3833,49,,,0
1001501,'5035',735,,3332,16,,,0,78,,4176,16,,,0,439,,4177,16,,,0,171,,3333,16,,,0,36,,3334,16,,,0,76,,3337,16,,,0,77,,3340,16,,,0,37,,3339,16,,,0,73,,3336,16,,,0,35,,3338,16,,,0
1001501,'5037',1831,,4178,16,,,0
1001501,'5039',1831,,4179,16,,,0
