800,'5034',722,,2245,1,,,0,110,,2246,1,,,0,121,,2247,1,,,0,104,,2248,1,,,0,151,,2249,1,,,0,117,,2250,1,,,0,109,,2251,1,,,0,112,,2244,1,,,0,111,,2242,1,,,0,146,,2243,1,,,0,110,,2252,1,,,0,105,,2253,1,,,0
800,'5035',549,,3651,1,,,0,169,,2255,1,,,0,103,,2258,1,,,0,114,,2263,1,,,0,115,,2254,1,,,0,166,,2262,1,,,0,115,,3648,1,,,0,116,,3647,1,,,0,270,,2259,1,,,0,114,,3650,1,,,0,114,,3649,1,,,0,155,,2265,1,,,0,111,,3652,1,,,0,118,,2267,1,,,0
800,'5038',1552,,2268,1,,,0
800,'5039',1552,,2269,1,,,0
800,'5040',1552,,2270,1,,,0
800,'5041',722,,2273,1,,,0,110,,2272,1,,,0,110,,2274,1,,,0,111,,2275,1,,,0,163,,2283,1,,,0,109,,3658,1,,,0,112,,2276,1,,,0,104,,3654,1,,,0,160,,3655,1,,,0,102,,3656,1,,,0,110,,3653,1,,,0,105,,2280,1,,,0,105,,2282,1,,,0,108,,3657,1,,,0
801,'5034',722,,2289,15,4,,0,110,,2290,30,4,,0,121,,2288,30,4,,0,104,,2292,30,4,,0,151,,2291,30,4,,0,117,,2293,30,4,,0,109,,2294,30,4,,0,112,,2287,30,4,,0,111,,2285,30,4,,0,146,,2286,30,4,,0,110,,2296,30,4,,0,105,,2295,30,4,,0
801,'5035',549,,3663,30,4,,0,169,,2298,30,4,,0,103,,2301,30,4,,0,114,,2307,30,4,,0,115,,2297,30,4,,0,166,,2306,30,4,,0,115,,3660,30,4,,0,116,,3659,30,4,,0,270,,2302,30,4,,0,114,,3661,30,4,,0,114,,3662,30,4,,0,155,,2303,30,4,,0,111,,3664,30,4,,0,118,,2310,30,4,,0
801,'5038',1552,,2311,30,4,,0
801,'5039',1552,,2312,30,4,,0
801,'5040',1552,,2313,30,4,,0
801,'5041',722,,2315,30,4,,0,110,,2316,30,4,,0,110,,2317,30,4,,0,111,,2318,30,4,,0,163,,2326,30,4,,0,109,,3670,30,4,,0,112,,2319,30,4,,0,104,,3666,30,4,,0,160,,3667,30,4,,0,102,,3668,30,4,,0,110,,3665,30,4,,0,105,,2323,30,4,,0,105,,2324,30,4,,0,108,,3669,30,4,,0
