4000,'4730',623,,1129,31,,,0,30,,1130,31,,,0,56,,1141,31,,,0,13,,1131,31,,,0,15,,1132,31,,,0,8,,1133,31,0,6 7,0,6,,1134,31,,,0,7,,1135,31,0,6 7,0,46,,1136,31,,,0,5,,1137,31,0,6 7,0,7,,1138,31,0,6 7,0,5,,1139,31,,,0,8,,1140,31,0,6 7,0,8,,1088,31,,,0,15,,1089,31,,,0,55,,1090,31,,,0,15,,1091,31,,,0,15,,1092,31,,,0,16,,1093,31,,,0,55,,1094,31,,,0,15,,1095,31,,,0,15,,1096,31,,,0,14,,1097,31,,,0,55,,1098,31,,,0,16,,1099,31,,,0,15,,1100,31,,,0,70,,1101,31,,,0,15,,1102,31,,,0,15,,1103,31,,,0,15,,1104,31,,,0,55,,1105,31,,,0,14,,1106,31,,,0,14,,1107,31,,,0,15,,1108,31,,,0,55,,1109,31,,,0,14,,1110,31,,,0,15,,1111,31,,,0,14,,1112,31,,,0,56,,1113,31,,,0,15,,1114,31,,,0,15,,1115,31,,,0,15,,1117,31,,,0,55,,1118,31,,,0,15,,1119,31,,,0,15,,1120,31,,,0,17,,1122,31,,,0,56,,1116,31,,,0,15,,1123,31,,,0,15,,1121,31,,,0,15,,1124,31,,,0,57,,1125,31,,,0,40,,1126,31,,,0,62,,1127,31,,,0,20,,1128,31,,,0,71,,1085,31,,,0,30,,1086,31,,,0,72,,1084,31,,,0,100,,1083,31,,,0,30,,1087,31,,,0,71,,1082,31,,,0
4000,'4737',1830,,1142,31,,,0
4000,'4738',705,,1160,31,,,0,32,,1165,31,,,0,74,,1153,31,,,0,37,,1147,31,,,0,72,,1161,31,,,0,34,,1144,31,,,0,77,,1158,31,,,0,73,,1145,31,,,0,35,,1149,31,,,0,75,,1152,31,,,0,35,,1143,31,,,0,110,,1150,31,,,0,75,,1159,31,,,0,75,,1164,31,,,0,109,,1154,31,,,0,35,,1163,31,,,0,79,,1162,31,,,0,71,,1151,31,,,0,36,,1155,31,,,0,75,,1166,31,,,0,35,,1146,31,,,0,77,,1167,31,,,0,75,,1156,31,,,0,104,,1148,31,,,0,99,,1157,31,,,0
4000,'4781',731,,1173,31,,,0,117,,1181,31,,,0,106,,1170,31,,,0,75,,1184,31,,,0,72,,1172,31,,,0,45,,1168,31,,,0,68,,1185,31,,,0,35,,1179,31,,,0,75,,1180,31,,,0,35,,1176,31,,,0,148,,1175,31,,,0,37,,1171,31,,,0,75,,1177,31,,,0,110,,1183,31,,,0,75,,1169,31,,,0,35,,1178,31,,,0,75,,1174,31,,,0,35,,1182,31,,,0
4000,'4783',1830,,1186,31,,,0
4000,'4784',1830,,1188,31,,,0,305,,1187,31,,,0
4000,'5028',1434,,1189,31,,,0,220,,1190,31,,,0
4000,'5029',1153,,1192,31,,,0,982,,1191,31,,,0
4000,'5030',1153,,1193,31,,,0
4000,'5031',2135,,1194,31,,,0
4000,'5032',1324,,1195,31,,,0,222,,1196,31,,,0
4000,'5033',1434,,1197,31,,,0,220,,1198,31,,,0
