700,'4327',733,,2403,12,,,0,109,,4524,12,,,0,265,,2404,12,,,0,111,,4523,12,,,0,106,,2401,12,,,0,221,,2399,12,,,0,257,,2406,12,,,0,215,,2398,12,,,0
700,'4332',842,,4542,12,,,0,110,,2420,12,,,0,151,,4538,12,,,0,437,,4540,12,,,0,160,,4541,12,,,0,657,,2424,12,,,0
700,'4480',627,,4528,12,,,0,85,,4533,12,,,0,45,,4529,12,,,0,188,,4527,12,,,0,155,,4532,12,,,0,117,,4525,12,,,0,115,,4526,12,,,0,115,,2384,12,,,0,105,,2385,12,,,0,278,,2382,12,,,0,115,,4531,12,,,0,155,,4534,12,,,0,111,,2389,12,,,0,192,,2375,12,,,0
700,'4663',1756,,5275,12,,,0
700,'4673',1641,,4536,12,,,0,115,,5276,12,,,0
700,'5241',1641,,4537,12,,,0
700,'5302',1003,,2408,12,,,0,430,,2405,12,,,0,223,,2407,12,,,0,256,,2400,12,,,0
700,'5303',728,,2393,12,,,0,104,,2377,12,,,0,884,,4530,12,,,0,40,,2397,12,,,0,154,,2392,12,,,0,420,,4535,12,,,0
700,'5304',728,,5281,12,,,0,104,,5277,12,,,0,884,,5278,12,,,0,194,,5280,12,,,0,420,,5279,12,,,0
700,'5306',732,,5284,12,,,0,483,,5285,12,,,0,109,,5286,12,,,0,112,,5282,12,,,0,366,,5288,12,,,0,110,,5283,12,,,0,105,,5289,12,,,0,105,,5290,12,,,0,108,,5287,12,,,0
700,'5307',1003,,5294,12,,,0,430,,5292,12,,,0,223,,5293,12,,,0,256,,5291,12,,,0
700,'5308',1756,,5295,12,,,0
