100,'4528',605,,5783,2,,,0,28,,5781,2,,,0,14,,5790,2,,,0,62,,5784,2,,,0,18,,5780,2,,,0,19,,5779,2,,,0,62,,5782,2,,,0,18,,5776,2,,,0,19,,5775,2,,,0,60,,5777,2,,,0,32,,5769,2,,,0,65,,5774,2,,,0,30,,5760,2,,,0,25,,5778,2,,,0,74,,5761,2,,,0,73,,5770,2,,,0,26,,5763,2,,,0,73,,5773,2,,,0,27,,5792,2,,,0,72,,5767,2,,,0,27,,5764,2,,,0,73,,5768,2,,,0,17,,5752,2,,,0,21,,5766,2,,,0,62,,5751,2,,,0,17,,5772,2,,,0,21,,5753,2,,,0,65,,5762,2,,,0,15,,5791,2,,,0,19,,5771,2,,,0,69,,5756,2,,,0,29,,5785,2,,,0,71,,5759,2,,,0,30,,5786,2,,,0,70,,5757,2,,,0,30,,5787,2,,,0,71,,5755,2,,,0,27,,5788,2,,,0,74,,5758,2,,,0,30,,5789,2,,,0,75,,5754,2,,,0,85,,5765,2,,,0
100,'4532',636,,5801,2,,,0,70,,5826,2,,,0,30,,5805,2,,,0,70,,5808,2,,,0,30,,5812,2,,,0,22,,5820,2,,,0,77,,5800,2,,,0,71,,5803,2,,,0,29,,5810,2,,,0,70,,5811,2,,,0,27,,5804,2,,,0,71,,5798,2,,,0,29,,5818,2,,,0,73,,5813,2,,,0,30,,5815,2,,,0,70,,5799,2,,,0,30,,5796,2,,,0,70,,5819,2,,,0,30,,5793,2,,,0,73,,5802,2,,,0,27,,5809,2,,,0,71,,5806,2,,,0,26,,5797,2,,,0,74,,5807,2,,,0,30,,5814,2,,,0,70,,5825,2,,,0,30,,5816,2,,,0,70,,5824,2,,,0,28,,5794,2,,,0,72,,5822,2,,,0,30,,5821,2,,,0,70,,5795,2,,,0,30,,5823,2,,,0,75,,5817,2,,,0
100,'5221',725,,5847,2,,,0,30,,5846,2,,,0,69,,5837,2,,,0,28,,5836,2,,,0,70,,5827,2,,,0,32,,5840,2,,,0,66,,5849,2,,,0,34,,5843,2,,,0,70,,5850,2,,,0,30,,5834,2,,,0,70,,5835,2,,,0,30,,5851,2,,,0,70,,5829,2,,,0,30,,5848,2,,,0,70,,5842,2,,,0,30,,5832,2,,,0,70,,5838,2,,,0,30,,5841,2,,,0,70,,5852,2,,,0,30,,5833,2,,,0,71,,5828,2,,,0,30,,5831,2,,,0,69,,5853,2,,,0,31,,5844,2,,,0,70,,5830,2,,,0,30,,5854,2,,,0,70,,5845,2,,,0,30,,5855,2,,,0,75,,5839,2,,,0
2000,'4528',547,,6491,2,0,9 12 2 5,0,107,,6492,2,0,9 12 2 5,0,105,,6493,2,0,9 12 2 5,0,79,,6480,2,,,0,110,,6481,2,,,0,110,,6482,2,,,0,145,,6483,2,0,9 12 2 5,0,114,,6484,2,,,0,37,,6485,2,,,0,150,,6486,2,,,0,20,,6487,2,0,9 12 2 5,0,279,,6488,2,,,0,136,,6489,2,0,9 12 2 5,0,203,,6490,2,0,9 12 2 5,0
2000,'4532',802,,6504,2,,,0,112,,6503,2,,,0,100,,6505,2,,,0,118,,6495,2,,,0,107,,6496,2,,,0,111,,6498,2,,,0,151,,6499,2,,,0,111,,6497,2,,,0,104,,6501,2,,,0,204,,6500,2,0,9 12 2 5,0,218,,6506,2,0,9 12 2 5,0,103,,6502,2,0,9 12 2 5,0
2000,'4623',1644,,6494,2,0,9 12 2 5,0
2000,'5221',811,,6507,2,,,0,218,,6510,2,,,0,218,,6509,2,,,0,260,,6511,2,,,0,226,,6508,2,,,0
2000,'5222',1644,,6512,2,0,9 12 2 5,0
3000,'4528',609,,6596,2,,,0,35,,6597,2,,,0,72,,6594,2,,,0,109,,6595,2,,,0,76,,6573,2,,,0,35,,6574,2,,,0,74,,6575,2,,,0,35,,6576,2,,,0,74,,6577,2,,,0,34,,6578,2,,,0,75,,6579,2,,,0,74,,6581,2,,,0,34,,6582,2,,,0,74,,6583,2,,,0,35,,6580,2,,,0,76,,6584,2,,,0,36,,6585,2,,,0,74,,6586,2,,,0,80,,6587,2,,,0,36,,6588,2,,,0,77,,6589,2,,,0,110,,6590,2,,,0,103,,6591,2,,,0,102,,6592,2,,,0,102,,6593,2,,,0
3000,'4532',639,,6614,2,,,0,105,,6621,2,,,0,77,,6613,2,,,0,32,,6612,2,,,0,73,,6611,2,,,0,77,,6607,2,,,0,31,,6605,2,,,0,75,,6620,2,,,0,35,,6619,2,,,0,74,,6622,2,,,0,34,,6606,2,,,0,75,,6601,2,,,0,75,,6610,2,,,0,35,,6615,2,,,0,79,,6599,2,,,0,32,,6617,2,,,0,75,,6609,2,,,0,80,,6600,2,,,0,31,,6608,2,,,0,76,,6602,2,,,0,111,,6616,2,,,0,113,,6603,2,,,0,104,,6618,2,,,0,99,,6604,2,,,0
3000,'4623',750,,6598,2,,,0
3000,'5221',704,,6629,2,,,0,117,,6633,2,,,0,105,,6628,2,,,0,106,,6632,2,,,0,113,,6623,2,,,0,108,,6625,2,,,0,150,,6631,2,,,0,110,,6626,2,,,0,110,,6627,2,,,0,111,,6624,2,,,0,112,,6630,2,,,0
3000,'5222',750,,6634,2,,,0
