700,'4327',728,,2403,2,,,0,109,,4524,2,,,0,265,,2404,2,,,0,111,,4523,2,,,0,106,,2401,2,,,0,221,,2399,2,,,0,217,,2406,2,,,0,255,,2398,2,,,0
700,'4332',837,,4542,2,,,0,110,,2420,2,,,0,111,,4538,2,,,0,477,,4540,2,,,0,120,,4541,2,,,0,697,,2424,2,,,0
700,'4480',621,,4528,2,,,0,84,,4533,2,,,0,45,,4529,2,,,0,188,,4527,2,,,0,115,,4532,2,,,0,158,,4525,2,,,0,115,,4526,2,,,0,115,,2384,2,,,0,105,,2385,2,,,0,279,,2382,2,,,0,115,,4531,2,,,0,115,,4534,2,,,0,151,,2389,2,,,0,152,,2375,2,,,0
700,'4663',1751,,5275,2,,,0
700,'4673',1636,,4536,2,,,0,115,,5276,2,,,0
700,'5241',1636,,4537,2,,,0
700,'5302',958,,2408,2,,,0,470,,2405,2,,,0,223,,2407,2,,,0,256,,2400,2,,,0
700,'5303',721,,2393,2,,,0,104,,2377,2,,,0,886,,4530,2,,,0,40,,2397,2,,,0,154,,2392,2,,,0,420,,4535,2,,,0
700,'5304',721,,5281,2,,,0,104,,5277,2,,,0,886,,5278,2,,,0,194,,5280,2,,,0,420,,5279,2,,,0
700,'5306',727,,5284,2,,,0,483,,5285,2,,,0,109,,5286,2,,,0,112,,5282,2,,,0,326,,5288,2,,,0,150,,5283,2,,,0,105,,5289,2,,,0,105,,5290,2,,,0,108,,5287,2,,,0
700,'5307',958,,5294,2,,,0,470,,5292,2,,,0,223,,5293,2,,,0,256,,5291,2,,,0
700,'5308',1751,,5295,2,,,0
