3100,'4327',958,,2983,4,,,0,160,,4712,4,,,0,130,,2984,4,,,0,165,,4711,4,,,0,130,,2990,4,,,0,465,,2988,4,,,0
3100,'4332',744,,2995,4,,,0,375,,3000,4,,,0,330,,2991,4,,,0,100,,2992,4,,,0,100,,2997,4,,,0,200,,4723,4,,,0
3100,'4480',844,,2968,4,,,0,90,,2969,4,,,0,109,,4713,4,,,0,100,,2971,4,,,0,100,,2972,4,,,0,100,,4714,4,,,0,100,,2974,4,,,0,98,,2975,4,,,0,102,,4715,4,,,0,100,,4716,4,,,0
3100,'4663',1948,,5553,4,,,0
3100,'4673',1948,,5554,4,,,0
3100,'5302',833,,2987,4,,,0,870,,2982,4,,,0,126,,2985,4,,,0
3100,'5303',638,,2966,4,,,0,94,,2967,4,,,0,1116,,4717,4,,,0,100,,4720,4,,,0
3100,'5304',638,,5555,4,,,0,94,,5556,4,,,0,1116,,5557,4,,,0
3100,'5306',849,,5561,4,,,0,98,,5562,4,,,0,302,,5558,4,,,0,100,,5560,4,,,0,400,,5559,4,,,0
3100,'5307',833,,5565,4,,,0,870,,5563,4,,,0,126,,5564,4,,,0
3100,'5308',1948,,5566,4,,,0
