2000,'4528',621,,6491,49,,,0,109,,6492,49,,,0,108,,6493,49,,,0,66,2,6480,32,,,0,109,2,6481,32,,,0,110,2,6482,32,,,0,117,,6483,49,,,0,103,2,6484,32,,,0,78,2,6485,32,,,0,110,2,6486,32,,,0,74,,6487,49,,,0,223,2,6488,32,,,0,187,,6489,49,,,0,202,,6490,49,,,0
2000,'4623',1724,,6494,49,,,0
2000,'5015',827,2,6504,32,,,0,112,2,6503,32,,,0,100,2,6505,32,,,0,118,2,6495,32,,,0,148,2,6496,32,,,0,112,2,6498,32,,,0,111,2,6499,32,,,0,110,2,6497,32,,,0,103,2,6501,32,,,0,213,,6500,49,,,0,258,,6506,49,,,0,102,,6502,49,,,0
2000,'5221',834,,6507,32,,,0,218,,6510,32,,,0,259,,6509,32,,,0,221,,6511,32,,,0,225,,6508,32,,,0
2000,'5222',1724,,6512,49,,,0
7200,'4528',645,2,7000,16,,,0,75,2,6999,16,,,0,33,2,6998,16,,,0,77,2,6997,16,,,0,74,2,6976,16,,,0,34,2,6977,16,,,0,75,2,6978,16,,,0,35,2,6979,16,,,0,75,2,6980,16,,,0,35,2,6981,16,,,0,75,2,6982,16,,,0,75,2,6983,16,,,0,35,2,6984,16,,,0,77,2,6985,16,,,0,35,2,6986,16,,,0,149,2,6987,16,,,0,35,2,6988,16,,,0,75,2,6989,16,,,0,37,2,6990,16,,,0,77,2,6991,16,,,0,75,2,6992,16,,,0,112,2,6993,16,,,0,102,2,6994,16,,,0,100,2,6995,16,,,0,100,2,6996,16,,,0
7200,'4623',1530,2,7001,16,,,0
7200,'5015',711,2,7025,16,,,0,95,2,7002,16,,,0,48,2,7010,16,,,0,61,2,7003,16,,,0,88,2,7011,16,,,0,36,2,7005,16,,,0,74,2,7012,16,,,0,43,2,7006,16,,,0,67,2,7013,16,,,0,82,2,7007,16,,,0,28,2,7014,16,,,0,83,2,7015,16,,,0,27,2,7016,16,,,0,84,2,7017,16,,,0,26,2,7018,16,,,0,84,2,7019,16,,,0,66,2,7004,16,,,0,38,2,7020,16,,,0,72,2,7021,16,,,0,35,2,7022,16,,,0,108,2,7023,16,,,0,156,2,7024,16,,,0,102,2,7008,16,,,0,100,2,7009,16,,,0
7200,'5221',730,2,7036,16,,,0,105,2,7026,16,,,0,113,2,7028,16,,,0,105,2,7030,16,,,0,160,2,7029,16,,,0,99,2,7031,16,,,0,120,2,7032,16,,,0,102,2,7033,16,,,0,114,2,7034,16,,,0,110,2,7035,16,,,0,150,2,7027,16,,,0
7200,'5222',1530,2,7037,16,,,0
1002000,'4528',645,2,7237,38,,,0,108,2,7238,38,,,0,185,2,7239,38,,,0,220,2,7240,38,,,0,150,2,7241,38,,,0,330,2,7242,38,,,0,113,2,7243,38,,,0,152,2,7244,38,,,0,214,,7245,55,,,0,200,,7246,55,,,0
1002000,'4623',1048,2,7247,38,,,0,453,,7248,55,,,0
1002000,'5015',653,,7254,55,,,0,152,,7255,55,,,0,110,,7250,55,,,0,107,,7257,55,,,0,115,,7258,55,,,0,106,,7256,55,,,0,101,,7251,55,,,0,112,,7259,55,,,0,157,,7252,55,,,0,110,,7260,55,,,0,125,,7253,55,,,0,264,,7249,55,,,0
1002000,'5221',729,,7265,55,,,0,218,,7262,55,,,0,210,,7261,55,,,0,273,,7266,55,,,0,217,,7263,55,,,0,277,,7264,55,,,0
1002000,'5222',1048,2,7267,38,,,0,453,,7268,55,,,0
