500,'4480',823,,4460,16,4,,0
500,'4663',1533,,5087,16,4,,0,94,,5090,16,,,0,118,,5088,16,,,0,114,,5089,16,,,0
500,'4673',1533,,5091,16,4,,0,94,,5093,16,,,0,118,,5092,16,,,0
500,'5302',901,,2215,16,,,0,110,,4458,16,,,0,112,,4456,16,,,0,100,,4457,16,,,0,130,,4459,16,,,0,104,,2214,16,,,0,156,,2221,16,,,0,110,,2220,16,,,0,110,,2222,16,,,0,110,,2218,16,,,0
500,'5303',627,,2193,16,,,0,86,,2192,16,,,0,116,,2196,16,,,0,106,,2187,16,,,0,110,,2191,16,,,0,101,,2189,16,,,0,99,,2190,16,,,0,168,,4462,16,,,0,99,,4461,16,,,0,21,,4471,16,4,,0,94,,4473,16,,,0,118,,4472,16,,,0,114,,2201,16,,,0,155,,2195,16,,,0,108,,4463,16,,,0,109,,2197,16,,,0,89,,2199,16,,,0
500,'5304',627,,5100,16,,,0,86,,5099,16,,,0,116,,5103,16,,,0,106,,5094,16,,,0,110,,5098,16,,,0,101,,5096,16,,,0,99,,5097,16,,,0,168,,5101,16,,,0,99,,5095,16,,,0,502,,5102,16,,,0,108,,5105,16,,,0,109,,5104,16,,,0,89,,5106,16,,,0
500,'5305',1859,,5108,16,,,0
500,'5306',815,,5109,16,,,0,196,,5110,16,,,0,110,,5111,16,,,0,116,,5112,16,,,0,117,,5113,16,,,0,149,,5114,16,,,0,110,,5115,16,,,0,108,,5116,16,,,0,112,,5117,16,,,0,109,,5118,16,,,0,105,,5119,16,,,0,107,,5120,16,,,0,149,,5121,16,,,0
500,'5307',901,,5126,16,,,0,110,,5128,16,,,0,112,,5123,16,,,0,100,,5124,16,,,0,130,,5130,16,,,0,104,,5125,16,,,0,156,,5132,16,,,0,110,,5131,16,,,0,110,,5133,16,,,0,110,,5129,16,,,0
500,'5308',1533,,5134,16,4,,0,94,,5136,16,,,0,118,,5135,16,,,0
501,'4663',1508,,5137,1,,,0,95,,5139,13,,,0,119,,5140,13,,,0,115,,5138,13,,,0
501,'4673',1508,,5141,1,,,0,95,,5142,13,,,0,119,,5143,13,,,0
501,'5302',841,,2264,14,,,0,110,,4480,14,,,0,152,,4478,14,,,0,100,,4479,14,,,0,130,,4481,14,,,0,104,,2263,14,,,0,116,,2270,14,,,0,150,,2269,14,,,0,110,,2271,14,,,0,110,,2267,14,,,0,110,,2265,14,,,0
501,'5303',651,,2241,14,,,0,151,,2245,14,,,0,110,,2237,14,,,0,110,,2242,14,,,0,101,,2239,14,,,0,99,,2240,14,,,0,128,,4483,14,,,0,98,,4482,14,,,0,60,,4492,1,,,0,95,,4493,14,,,0,119,,4494,14,,,0,115,,2250,14,,,0,115,,2243,14,,,0,149,,4484,14,,,0,110,,2246,14,,,0,89,,2248,14,,,0,54,,4485,1,,,0
501,'5304',651,,5148,13,,,0,151,,5152,13,,,0,110,,5144,13,,,0,110,,5149,13,,,0,101,,5146,13,,,0,99,,5147,13,,,0,128,,5151,13,,,0,98,,5145,13,,,0,504,,5150,13,,,0,149,,5154,13,,,0,110,,5153,13,,,0,89,,5155,13,,,0,54,,5156,1,,,0
501,'5305',1837,,5157,13,,,0
501,'5306',754,,5160,13,,,0,196,,5161,13,,,0,109,,5162,13,,,0,156,,5163,13,,,0,117,,5164,13,,,0,109,,5165,13,,,0,110,,5166,13,,,0,149,,5167,13,,,0,112,,5168,13,,,0,110,,5169,13,,,0,105,,5170,13,,,0,107,,5171,13,,,0,109,,5159,13,,,0,110,,5158,1,,,0
501,'5307',841,,5175,13,,,0,110,,5177,13,,,0,152,,5172,13,,,0,100,,5173,13,,,0,130,,5179,13,,,0,104,,5174,13,,,0,116,,5181,13,,,0,150,,5180,13,,,0,110,,5182,13,,,0,110,,5178,13,,,0,110,,5176,13,,,0
501,'5308',1508,,5183,1,,,0,95,,5184,13,,,0,119,,5185,13,,,0
