2000,'4327',832,,2749,31,,,0,218,,2752,31,,,0,480,,2753,31,,,0,225,,2750,31,,,0
2000,'4332',1153,,2754,31,,,0,481,,4651,31,,,0,103,,4652,31,,,0,474,,2765,48,,,0,102,,2761,48,,,0
2000,'4480',620,,4649,48,,,0,109,,2747,48,,,0,108,,4650,48,,,0,63,,4642,31,,,0,109,,2735,31,,,0,110,,4643,31,,,0,120,,4644,48,,,0,100,,4645,31,,,0,188,,4646,31,,,0,77,,4647,48,,,0,119,,2742,48,,,0,291,,2744,48,,,0,202,,4648,48,,,0
2000,'5302',1309,,2751,31,,,0
2000,'5303',1417,,2739,31,,,0,407,,2743,31,,,0
2000,'5304',1417,,5463,31,,,0,407,,5464,31,,,0
2000,'5306',823,,5470,31,,,0,112,,5469,31,,,0,100,,5471,31,,,0,266,,5465,31,,,0,112,,5466,31,,,0,111,,5467,31,,,0,429,,5468,48,,,0
2000,'5307',1309,,5472,31,,,0
1002000,'4327',946,,3594,54,,,0,483,,3598,54,,,0,494,,3596,54,,,0
1002000,'4332',1021,,3607,54,,,0,221,,3606,54,,,0,213,,3609,54,,,0,392,,3603,54,,,0
1002000,'4480',749,,4996,37,,,0,108,,4997,54,,,0,77,,4998,37,,,0,700,,3586,37,,,0,113,,3587,37,,,0,112,,3588,37,,,0,457,,3589,54,,,0
1002000,'4663',2116,,5719,54,,,0
1002000,'4673',2116,,5720,54,,,0
1002000,'5302',728,,4995,54,,,0,428,,3593,54,,,0,490,,3595,54,,,0
1002000,'5303',641,,3578,37,,,0,403,,3582,37,,,0,110,,3583,37,,,0,150,,4999,37,,,0,196,,3585,54,,,0,616,,3592,54,,,0
1002000,'5304',641,,5721,37,,,0,403,,5722,37,,,0,110,,5723,37,,,0,150,,5724,37,,,0,196,,5725,54,,,0
1002000,'5306',652,,5730,54,,,0,152,,5731,54,,,0,110,,5727,54,,,0,222,,5732,54,,,0,207,,5728,54,,,0,269,,5729,54,,,0,110,,5733,54,,,0,389,,5726,54,,,0
1002000,'5307',728,,5736,54,,,0,428,,5734,54,,,0,490,,5735,54,,,0
1002000,'5308',2116,,5737,54,,,0
