4000,'4327',718,,4742,18,,,0,223,,4739,18,,,0,192,,4737,18,,,0,178,,4751,18,,,0,110,,4743,18,,,0,110,,4740,18,,,0,75,,4748,18,,,0,35,,4747,18,,,0,75,,4754,18,,,0,35,,4738,18,,,0,75,,4749,18,,,0,75,,4744,18,,,0,35,,4753,18,,,0
4000,'4332',652,,4839,18,,,0,72,,4844,18,,,0,111,,4824,18,,,0,72,,4840,18,,,0,34,,4821,18,,,0,77,,4837,18,,,0,107,,4828,18,,,0,110,,4820,18,,,0,75,,4825,18,,,0,35,,4829,18,,,0,75,,4838,18,,,0,113,,4827,18,,,0,107,,4842,18,,,0,79,,4841,18,,,0,31,,4830,18,,,0,186,,4823,18,,,0,77,,4846,18,,,0,35,,4835,18,,,0
4000,'4480',611,,4804,18,,,0,30,,4805,18,,,0,15,,4812,18,,,0,53,,4806,18,,,0,15,,4807,18,,,0,14,,4808,18,,,0,16,,4810,18,0,6 7,0,52,,4811,18,,,0,17,,4762,18,,,0,15,,4763,18,,,0,16,,4764,18,,,0,55,,4765,18,,,0,15,,4766,18,,,0,16,,4767,18,,,0,15,,4768,18,,,0,70,,4770,18,,,0,13,,4771,18,,,0,15,,4772,18,,,0,71,,4774,18,,,0,15,,4775,18,,,0,14,,4776,18,,,0,70,,4778,18,,,0,15,,4779,18,,,0,15,,4780,18,,,0,54,,4781,18,,,0,14,,4782,18,,,0,15,,4783,18,,,0,15,,4784,18,,,0,54,,4785,18,,,0,15,,4786,18,,,0,14,,4787,18,,,0,16,,4788,18,,,0,55,,4789,18,,,0,29,,4792,18,,,0,72,,4794,18,,,0,13,,4795,18,,,0,90,,4798,18,,,0,16,,4796,18,,,0,32,,4800,18,,,0,60,,4801,18,,,0,20,,4802,18,,,0,316,,4758,18,,,0,70,,4761,18,,,0,31,,4757,18,,,0
4000,'4663',2020,,5581,18,,,0
4000,'4673',1859,,4816,18,,,0,161,,5582,18,,,0,102,,4815,18,,,0
4000,'5241',1859,,4819,18,,,0,263,,4818,18,,,0
4000,'5302',835,,4752,18,,,0,181,,4755,18,,,0,32,,4741,18,,,0,153,,4756,18,,,0,35,,4750,18,,,0,110,,4746,18,,,0,108,,4745,18,,,0
4000,'5303',750,,4809,18,,,0,260,,4769,18,,,0,99,,4773,18,,,0,99,,4777,18,,,0,311,,4790,18,,,0,32,,4793,18,,,0,85,,4797,18,,,0,16,,4791,18,,,0,88,,4799,18,,,0,179,,4803,18,,,0,31,,4760,18,,,0,70,,4817,18,,,0,32,,4759,18,,,0
4000,'5304',750,,5594,18,,,0,260,,5585,18,,,0,99,,5586,18,,,0,99,,5587,18,,,0,311,,5588,18,,,0,32,,5590,18,,,0,85,,5591,18,,,0,16,,5589,18,,,0,88,,5592,18,,,0,179,,5593,18,,,0,31,,5584,18,,,0,102,,5583,18,,,0
4000,'5306',758,,5598,18,,,0,292,,5595,18,,,0,150,,5597,18,,,0,255,,5602,18,,,0,150,,5599,18,,,0,221,,5600,18,,,0,75,,5603,18,,,0,251,,5596,18,,,0,99,,5601,18,,,0
4000,'5307',835,,5608,18,,,0,181,,5609,18,,,0,32,,5604,18,,,0,153,,5610,18,,,0,35,,5607,18,,,0,110,,5606,18,,,0,108,,5605,18,,,0
4000,'5308',2020,,5611,18,,,0
