7201,'4327',1021,,3396,13,,,0,116,,3397,13,,,0,219,,3399,13,,,0,147,,3400,13,,,0,111,,3401,13,,,0,106,,3402,13,,,0,110,,3393,13,,,0
7201,'4332',724,,3405,13,,,0,206,,4968,13,,,0,111,,4970,13,,,0,110,,4969,13,,,0,150,,3414,13,,,0,110,,3417,13,,,0,43,,3418,13,,,0,67,,3419,13,,,0,187,,3421,13,,,0,32,,4971,13,,,0,75,,4972,13,,,0,110,,4974,13,,,0,96,,4973,13,,,0,122,,3409,13,,,0,200,,3411,13,,,0
7201,'4480',718,,3387,13,,,0,37,,3385,13,,,0,75,,3386,13,,,0,185,,4956,13,,,0,111,,4955,13,,,0,75,,3371,13,,,0,255,,3375,13,,,0,150,,4959,13,,,0,219,,3380,13,,,0,110,,4962,13,,,0,105,,4963,13,,,0,100,,3381,13,,,0
7201,'4661',1716,,3388,13,,,0
7201,'4663',1716,,3389,13,,,0
7201,'4673',2239,,4964,13,,,0,100,,4965,13,,,0
7201,'5241',2239,,4966,13,,,0,100,,4967,13,,,0
7201,'5302',757,,4954,13,,,0,153,,3394,13,,,0,331,,3395,13,,,0,704,,3398,13,,,0
7201,'5303',905,,3365,13,,,0,35,,3366,13,,,0,111,,3370,13,,,0,185,,4957,13,,,0,75,,3372,13,,,0,35,,4958,13,,,0,75,,3374,13,,,0,110,,3376,13,,,0,110,,4960,13,,,0,109,,4961,13,,,0,150,,3382,13,,,0
7201,'5304',905,,5677,13,,,0,35,,5678,13,,,0,111,,5680,13,,,0,185,,5679,13,,,0,75,,5681,13,,,0,35,,5682,13,,,0,75,,5683,13,,,0,110,,5684,13,,,0,110,,5685,13,,,0,109,,5686,13,,,0,150,,5687,13,,,0
7201,'5306',834,,5688,13,,,0,174,,5690,13,,,0,108,,5691,13,,,0,110,,5692,13,,,0,118,,5694,13,,,0,260,,5695,13,,,0,27,,5689,13,,,0,219,,5696,13,,,0,393,,5693,13,,,0
7201,'5307',757,,5697,13,,,0,153,,5698,13,,,0,331,,5699,13,,,0,704,,5700,13,,,0
