700,'4327',729,,2403,4,,,0,109,,3835,4,,,0,121,,2408,4,,,0,144,,2404,4,,,0,111,,3834,4,,,0,106,,2401,4,,,0,109,,2405,4,,,0,112,,2399,4,,,0,111,,2407,4,,,0,106,,2406,4,,,0,150,,2400,4,,,0,105,,2398,4,,,0
700,'4332',728,,2415,4,,,0,110,,3841,4,,,0,110,,2420,4,,,0,111,,3836,4,,,0,152,,3842,4,,,0,109,,3843,4,,,0,112,,3837,4,,,0,104,,3839,4,,,0,120,,3840,4,,,0,102,,2421,4,,,0,150,,3838,4,,,0,105,,3844,4,,,0,105,,3845,4,,,0,108,,2419,4,,,0,127,,2424,4,,,0
700,'4480',723,,2393,4,,,0,103,,2377,4,,,0,616,,2384,4,,,0,105,,2385,4,,,0,279,,2382,4,,,0,80,,2392,4,,,0,301,,2389,4,,,0,152,,2375,4,,,0
700,'4663',1752,,2394,4,,,0
700,'4673',1752,,2396,4,,,0
700,'4681',1752,,2397,4,,,0
700,'5135',1637,,3846,4,,,0
700,'5214',622,,2380,4,,,0,84,,2388,4,,,0,46,,2381,4,,,0,187,,2379,4,,,0,115,,2387,4,,,0,158,,2376,4,,,0,115,,2378,4,,,0,310,,2395,4,,,0,75,,2383,4,,,0,229,,2386,4,,,0,115,,2390,4,,,0,270,,2391,4,,,0
700,'5216',622,,3850,4,,,0,84,,3855,4,,,0,46,,3851,4,,,0,187,,3849,4,,,0,115,,3854,4,,,0,158,,3847,4,,,0,115,,3848,4,,,0,385,,3852,4,,,0,229,,3853,4,,,0,115,,3856,4,,,0,270,,3857,4,,,0
700,'5219',1637,,3858,4,,,0
