1500,'4327',747,,2682,6,,,0,153,,2681,6,,,0,110,,2679,6,,,0,111,,2677,6,,,0,109,,2683,6,,,0,109,,2675,6,,,0,110,,2678,6,,,0,110,,2674,6,,,0,150,,2684,6,,,0,109,,2680,6,,,0,111,,2676,6,,,0
1500,'4332',747,,2692,6,,,0,110,,2687,6,,,0,150,,2695,6,,,0,108,,2691,6,,,0,119,,4625,6,,,0,105,,2688,6,,,0,110,,4626,6,,,0,110,,2694,6,,,0,154,,4623,6,,,0,106,,4624,6,,,0,110,,3940,6,,,0,107,,3943,6,,,0
1500,'4480',908,,2659,6,,,0,30,,2658,6,,,0,70,,2660,6,,,0,30,,4620,6,,,0,69,,4619,6,,,0,31,,4618,6,,,0,69,,4617,6,,,0,100,,2668,6,,,0,30,,2667,6,,,0,75,,2666,6,,,0,32,,2665,6,,,0,373,,4621,6,,,0,219,,4622,6,,,0
1500,'4663',1926,,2671,6,,,0
1500,'4673',1926,,2672,6,,,0
1500,'4681',1926,,2673,6,,,0
3000,'4327',709,,2869,7,,,0,117,,4678,7,,,0,104,,4677,7,,,0,107,,2872,7,,,0,113,,2863,7,,,0,108,,2865,7,,,0,150,,2871,7,,,0,110,,2866,7,,,0,110,,4676,7,,,0,111,,2864,7,,,0,112,,2870,7,,,0
3000,'4332',644,,4017,7,,,0,105,,2896,7,,,0,77,,4687,7,,,0,31,,2887,7,,,0,73,,4686,7,,,0,77,,4013,7,,,0,32,,2880,7,,,0,75,,2895,7,,,0,35,,2894,7,,,0,74,,2897,7,,,0,34,,2881,7,,,0,75,,2876,7,,,0,75,,4685,7,,,0,35,,2890,7,,,0,79,,4683,7,,,0,32,,4689,7,,,0,75,,2884,7,,,0,80,,2875,7,,,0,31,,2883,7,,,0,76,,4684,7,,,0,111,,4688,7,,,0,112,,2878,7,,,0,104,,4690,7,,,0,100,,2879,7,,,0
3000,'4480',613,,4680,7,,,0,35,,2854,7,,,0,56,,2855,7,,,0,17,,2850,7,,,0,17,,2856,7,,,0,17,,2853,7,,,0,57,,2857,7,,,0,18,,2851,7,,,0,76,,2832,7,,,0,35,,2833,7,,,0,74,,2834,7,,,0,35,,2835,7,,,0,74,,2836,7,,,0,34,,2837,7,,,0,75,,2838,7,,,0,74,,2839,7,,,0,34,,2840,7,,,0,75,,2841,7,,,0,111,,2842,7,,,0,110,,2843,7,,,0,116,,2844,7,,,0,76,,2845,7,,,0,110,,2846,7,,,0,103,,4679,7,,,0,101,,2848,7,,,0,102,,2849,7,,,0
3000,'4661',1451,,2858,7,,,0,266,,2859,7,,,0
3000,'4663',1451,,2860,7,,,0,266,,2861,7,,,0
3000,'4673',1603,,4681,7,,,0
3000,'5241',1603,,4682,7,,,0
1001500,'4480',646,,3558,6,,,0,75,,3555,6,,,0,34,,3557,6,,,0,75,,3556,6,,,0,401,,4989,6,,,0,285,,3562,6,,,0,36,,3563,6,,,0,77,,3560,6,,,0,76,,3561,6,,,0
1001500,'4673',1740,,4990,6,,,0
1001500,'5241',1740,,4991,6,,,0
