3001,'4327',808,,2937,13,,,0,342,,2940,13,,,0,259,,2941,13,,,0,221,,2933,13,,,0,214,,4691,13,,,0,115,,2936,13,,,0
3001,'4332',851,,2952,13,,,0,77,,4706,13,,,0,113,,2951,13,,,0,297,,2943,13,,,0,106,,2950,13,,,0,188,,4704,13,,,0,108,,4702,13,,,0,110,,2947,13,,,0,75,,2949,13,,,0,108,,4708,13,,,0
3001,'4480',632,,4698,13,,,0,85,,4697,13,,,0,37,,2922,13,,,0,58,,2924,13,,,0,17,,2921,13,,,0,18,,2925,13,,,0,91,,2900,13,,,0,75,,2901,13,,,0,35,,2902,13,,,0,75,,2903,13,,,0,36,,2904,13,,,0,75,,2906,13,,,0,75,,2907,13,,,0,35,,2908,13,,,0,75,,4695,13,,,0,36,,2909,13,,,0,77,,2910,13,,,0,108,,2911,13,,,0,109,,2913,13,,,0,110,,2915,13,,,0,75,,2917,13,,,0,407,,2919,13,,,0
3001,'4663',1606,,5524,13,,,0,538,,5525,13,,,0
3001,'4673',2144,,5526,13,,,0
3001,'5302',929,,4692,13,,,0,110,,2931,13,,,0,220,,4693,13,,,0,262,,4694,13,,,0,220,,2935,13,,,0
3001,'5303',904,,2899,13,,,0,702,,2926,13,,,0,109,,2912,13,,,0,109,,2914,13,,,0,219,,2918,13,,,0,101,,4701,13,,,0,97,,4696,13,,,0
3001,'5304',904,,5527,13,,,0,811,,5528,13,,,0,109,,5529,13,,,0,219,,5531,13,,,0,198,,5530,13,,,0
3001,'5305',1606,,5532,13,,,0
3001,'5306',743,,5541,13,,,0,261,,5537,13,,,0,112,,5538,13,,,0,35,,5534,13,,,0,76,,5543,13,,,0,75,,5544,13,,,0,111,,5535,13,,,0,108,,5540,13,,,0,35,,5539,13,,,0,149,,5546,13,,,0,110,,5545,13,,,0,327,,5533,13,,,0,100,,5542,13,,,0,102,,5536,13,,,0
3001,'5307',929,,5548,13,,,0,110,,5547,13,,,0,220,,5550,13,,,0,262,,5551,13,,,0,220,,5549,13,,,0
3001,'5308',2144,,5552,13,,,0
