3001,'4327',835,,2937,44,,,0,382,,2940,44,,,0,220,,2941,44,,,0,219,,2933,44,,,0,253,,4691,44,,,0,115,,2936,44,,,0
3001,'4332',917,,2952,44,,,0,37,,4706,44,,,0,153,,2951,44,,,0,299,,2943,44,,,0,106,,2950,44,,,0,146,,4704,44,,,0,148,,4702,44,,,0,109,,2947,44,,,0,35,,2949,44,,,0,108,,4708,44,,,0
3001,'4480',657,,4698,44,,,0,87,,4697,44,,,0,79,,2922,44,,,0,18,,2924,44,,,0,16,,2921,44,,,0,57,,2925,44,,,0,92,,2900,44,,,0,35,,2901,44,,,0,75,,2902,44,,,0,35,,2903,44,,,0,76,,2904,44,,,0,75,,2906,44,,,0,35,,2907,44,,,0,76,,2908,44,,,0,36,,4695,44,,,0,76,,2909,44,,,0,77,,2910,44,,,0,107,,2911,44,,,0,108,,2913,44,,,0,108,,2915,44,,,0,75,,2917,44,,,0,405,,2919,44,,,0
3001,'4663',1636,,5524,44,,,0,572,,5525,44,,,0
3001,'4673',2208,,5526,44,,,0
3001,'5302',956,,4692,44,,,0,150,,2931,44,,,0,221,,4693,44,,,0,222,,4694,44,,,0,257,,2935,44,,,0
3001,'5303',931,,2899,44,,,0,705,,2926,44,,,0,107,,2912,44,,,0,108,,2914,44,,,0,257,,2918,44,,,0,100,,4701,44,,,0,97,,4696,44,,,0
3001,'5304',931,,5527,44,,,0,812,,5528,44,,,0,108,,5529,44,,,0,257,,5531,44,,,0,197,,5530,44,,,0
3001,'5305',1636,,5532,44,,,0
3001,'5306',809,,5541,44,,,0,221,,5537,44,,,0,112,,5538,44,,,0,77,,5534,44,,,0,36,,5543,44,,,0,75,,5544,44,,,0,111,,5535,44,,,0,108,,5540,44,,,0,75,,5539,44,,,0,107,,5546,44,,,0,110,,5545,44,,,0,366,,5533,44,,,0,100,,5542,44,,,0,101,,5536,44,,,0
3001,'5307',956,,5548,44,,,0,150,,5547,44,,,0,221,,5550,44,,,0,222,,5551,44,,,0,257,,5549,44,,,0
3001,'5308',2208,,5552,44,,,0
