3101,'4327',950,,3019,9,,,0,160,,4725,9,,,0,130,,3020,9,,,0,165,,4724,9,,,0,130,,3026,9,,,0,465,,3024,9,,,0
3101,'4332',736,,3031,9,,,0,375,,3036,9,,,0,330,,3027,9,,,0,100,,3028,9,,,0,100,,3033,9,,,0,200,,4736,9,,,0
3101,'4480',837,,3004,9,,,0,90,,3005,9,,,0,109,,4726,9,,,0,100,,3008,9,,,0,100,,3009,9,,,0,100,,4727,9,,,0,100,,3007,9,,,0,98,,3011,9,,,0,102,,4728,9,,,0,100,,4729,9,,,0
3101,'4663',1941,,5567,9,,,0
3101,'4673',1941,,5568,9,,,0
3101,'5302',825,,3023,9,,,0,830,,3018,9,,,0,166,,3021,9,,,0
3101,'5303',631,,3002,9,,,0,94,,3003,9,,,0,1116,,4730,9,,,0,100,,4733,9,,,0
3101,'5304',631,,5569,9,,,0,94,,5570,9,,,0,1116,,5571,9,,,0
3101,'5306',841,,5575,9,,,0,98,,5576,9,,,0,302,,5572,9,,,0,100,,5574,9,,,0,400,,5573,9,,,0
3101,'5307',825,,5579,9,,,0,830,,5577,9,,,0,166,,5578,9,,,0
3101,'5308',1941,,5580,9,,,0
