2000,'4332',2201,,2765,34,0,9 12 2 5,0,102,,2761,34,0,9 12 2 5,0
2000,'4480',610,,4649,34,0,9 12 2 5,0,108,,2747,34,0,9 12 2 5,0,107,,4650,34,0,9 12 2 5,0,402,,4644,34,0,9 12 2 5,0,324,,4647,34,0,9 12 2 5,0,159,,2742,34,0,9 12 2 5,0,293,,2744,34,0,9 12 2 5,0,203,,4648,34,0,9 12 2 5,0
2000,'5306',1943,,5468,34,0,9 12 2 5,0
2001,'4332',2155,,2794,26,0,9 10 11,0
2001,'4480',747,,4659,26,0,9 10 11,0,73,,2777,26,0,9 10 11,0
2001,'4663',1838,,5473,26,0,9 10 11,0,319,,5474,26,0,9 10 11,0
2001,'4673',1838,,5475,26,0,9 10 11,0,319,,5476,26,0,9 10 11,0
2001,'5303',1515,,4656,26,0,9 10 11,0,323,,2782,26,0,9 10 11,0,319,,2783,26,0,9 10 11,0,197,,2774,26,0,9 10 11,0
2001,'5304',1515,,5477,26,0,9 10 11,0,839,,5479,26,0,9 10 11,0
2001,'5306',2354,,5482,26,0,9 10 11,0
2001,'5308',1838,,5489,26,0,9 10 11,0,319,,5490,26,0,9 10 11,0
7201,'4327',1034,,3396,29,,,0,116,,3397,29,,,0,259,,3399,29,,,0,107,,3400,29,,,0,111,,3401,29,,,0,106,,3402,29,,,0,110,,3393,29,,,0
7201,'4332',737,,3405,29,,,0,206,,4968,29,,,0,112,,4970,29,,,0,150,,4969,29,,,0,110,,3414,29,,,0,110,,3417,29,,,0,83,,3418,29,,,0,27,,3419,29,,,0,186,,3421,29,,,0,32,,4971,29,,,0,75,,4972,29,,,0,110,,4974,29,,,0,96,,4973,29,,,0,122,,3409,29,,,0,199,,3411,29,,,0
7201,'4480',732,,3387,29,,,0,79,,3385,29,,,0,34,,3386,29,,,0,184,,4956,29,,,0,111,,4955,29,,,0,75,,3371,29,,,0,295,,3375,29,,,0,110,,4959,29,,,0,218,,3380,29,,,0,110,,4962,29,,,0,105,,4963,29,,,0,100,,3381,29,,,0
7201,'4661',1730,,3388,29,,,0
7201,'4663',1730,,3389,29,,,0
7201,'4673',2252,,4964,29,,,0,99,,4965,29,,,0
7201,'5241',2252,,4966,29,,,0,99,,4967,29,,,0
7201,'5302',810,,4954,29,,,0,113,,3394,29,,,0,331,,3395,29,,,0,704,,3398,29,,,0
7201,'5303',919,,3365,29,,,0,35,,3366,29,,,0,151,,3370,29,,,0,145,,4957,29,,,0,75,,3372,29,,,0,75,,4958,29,,,0,35,,3374,29,,,0,110,,3376,29,,,0,110,,4960,29,,,0,149,,4961,29,,,0,109,,3382,29,,,0
7201,'5304',919,,5677,29,,,0,35,,5678,29,,,0,151,,5680,29,,,0,145,,5679,29,,,0,75,,5681,29,,,0,75,,5682,29,,,0,35,,5683,29,,,0,110,,5684,29,,,0,110,,5685,29,,,0,149,,5686,29,,,0,109,,5687,29,,,0
7201,'5306',847,,5688,29,,,0,174,,5690,29,,,0,109,,5691,29,,,0,110,,5692,29,,,0,118,,5694,29,,,0,259,,5695,29,,,0,27,,5689,29,,,0,259,,5696,29,,,0,353,,5693,29,,,0
7201,'5307',810,,5697,29,,,0,113,,5698,29,,,0,331,,5699,29,,,0,704,,5700,29,,,0
1002000,'4327',936,,3594,40,,,0,482,,3598,40,,,0,495,,3596,40,,,0
1002000,'4332',1011,,3607,40,,,0,221,,3606,40,,,0,212,,3609,40,,,0,393,,3603,40,,,0
1002000,'4480',845,,4997,40,,,0,1461,,3589,40,,,0
1002000,'4663',2106,,5719,40,,,0
1002000,'4673',2106,,5720,40,,,0
1002000,'5302',718,,4995,40,,,0,428,,3593,40,,,0,490,,3595,40,,,0
1002000,'5303',1447,,3585,40,,,0,659,,3592,40,,,0
1002000,'5304',1447,,5725,40,,,0
1002000,'5306',642,,5730,40,,,0,112,,5731,40,,,0,150,,5727,40,,,0,222,,5732,40,,,0,206,,5728,40,,,0,270,,5729,40,,,0,110,,5733,40,,,0,389,,5726,40,,,0
1002000,'5307',718,,5736,40,,,0,428,,5734,40,,,0,490,,5735,40,,,0
1002000,'5308',2106,,5737,40,,,0
1002001,'4327',809,,3630,26,,,0,444,,5002,26,,,0,262,,5003,26,,,0,217,,3626,26,,,0
1002001,'4332',1211,,5016,26,,,0,227,,3632,26,,,0,220,,3633,26,,,0,273,,5013,26,,,0,322,,5015,26,,,0
1002001,'4480',941,,5006,26,,,0,499,,5008,26,,,0,218,,5009,26,,,0,397,,5011,26,,,0,200,,3624,26,,,0
1002001,'5302',1021,,3629,26,,,0,1016,,3628,26,,,0
1002001,'5303',1405,,3617,26,,,0,144,,3619,26,,,0
1002001,'5304',1405,,5740,26,,,0,144,,5741,26,,,0
1002001,'5306',733,,5745,26,,,0,113,,5746,26,,,0,111,,5743,26,,,0,151,,5744,26,,,0,220,,5749,26,,,0,214,,5747,26,,,0,265,,5748,26,,,0,227,,5750,26,,,0
1002001,'5307',1021,,5752,26,,,0,1016,,5751,26,,,0
