3001,'4327',805,,2937,10,,,0,342,,2940,10,,,0,259,,2941,10,,,0,221,,2933,10,,,0,214,,4691,10,,,0,115,,2936,10,,,0
3001,'4332',848,,2952,10,,,0,77,,4706,10,,,0,113,,2951,10,,,0,297,,2943,10,,,0,106,,2950,10,,,0,188,,4704,10,,,0,108,,4702,10,,,0,111,,2947,10,,,0,75,,2949,10,,,0,108,,4708,10,,,0
3001,'4480',629,,4698,10,,,0,85,,4697,10,,,0,37,,2922,10,,,0,58,,2924,10,,,0,17,,2921,10,,,0,18,,2925,10,,,0,91,,2900,10,,,0,75,,2901,10,,,0,35,,2902,10,,,0,75,,2903,10,,,0,36,,2904,10,,,0,75,,2906,10,,,0,75,,2907,10,,,0,35,,2908,10,,,0,75,,4695,10,,,0,36,,2909,10,,,0,77,,2910,10,,,0,108,,2911,10,,,0,110,,2913,10,,,0,110,,2915,10,,,0,75,,2917,10,,,0,407,,2919,10,,,0
3001,'4663',1603,,5524,10,,,0,539,,5525,10,,,0
3001,'4673',2142,,5526,10,,,0
3001,'5302',926,,4692,10,,,0,110,,2931,10,,,0,220,,4693,10,,,0,262,,4694,10,,,0,220,,2935,10,,,0
3001,'5303',901,,2899,10,,,0,702,,2926,10,,,0,109,,2912,10,,,0,110,,2914,10,,,0,219,,2918,10,,,0,101,,4701,10,,,0,97,,4696,10,,,0
3001,'5304',901,,5527,10,,,0,811,,5528,10,,,0,110,,5529,10,,,0,219,,5531,10,,,0,198,,5530,10,,,0
3001,'5305',1603,,5532,10,,,0
3001,'5306',740,,5541,10,,,0,261,,5537,10,,,0,112,,5538,10,,,0,35,,5534,10,,,0,76,,5543,10,,,0,35,,5544,10,,,0,151,,5535,10,,,0,108,,5540,10,,,0,35,,5539,10,,,0,149,,5546,10,,,0,111,,5545,10,,,0,327,,5533,10,,,0,100,,5542,10,,,0,102,,5536,10,,,0
3001,'5307',926,,5548,10,,,0,110,,5547,10,,,0,220,,5550,10,,,0,262,,5551,10,,,0,220,,5549,10,,,0
3001,'5308',2142,,5552,10,,,0
