700,'4327',730,,2403,6,,,0,109,,4524,6,,,0,265,,2404,6,,,0,111,,4523,6,,,0,106,,2401,6,,,0,221,,2399,6,,,0,217,,2406,6,,,0,255,,2398,6,,,0
700,'4332',839,,4542,6,,,0,110,,2420,6,,,0,151,,4538,6,,,0,437,,4540,6,,,0,120,,4541,6,,,0,697,,2424,6,,,0
700,'4480',623,,4528,6,,,0,84,,4533,6,,,0,46,,4529,6,,,0,187,,4527,6,,,0,115,,4532,6,,,0,158,,4525,6,,,0,115,,4526,6,,,0,115,,2384,6,,,0,105,,2385,6,,,0,279,,2382,6,,,0,115,,4531,6,,,0,115,,4534,6,,,0,151,,2389,6,,,0,192,,2375,6,,,0
700,'4663',1753,,5275,6,,,0
700,'4673',1638,,4536,6,,,0,115,,5276,6,,,0
700,'5241',1638,,4537,6,,,0
700,'5302',1000,,2408,6,,,0,430,,2405,6,,,0,223,,2407,6,,,0,256,,2400,6,,,0
700,'5303',724,,2393,6,,,0,103,,2377,6,,,0,886,,4530,6,,,0,40,,2397,6,,,0,154,,2392,6,,,0,420,,4535,6,,,0
700,'5304',724,,5281,6,,,0,103,,5277,6,,,0,886,,5278,6,,,0,194,,5280,6,,,0,420,,5279,6,,,0
700,'5306',729,,5284,6,,,0,483,,5285,6,,,0,109,,5286,6,,,0,112,,5282,6,,,0,326,,5288,6,,,0,150,,5283,6,,,0,105,,5289,6,,,0,105,,5290,6,,,0,108,,5287,6,,,0
700,'5307',1000,,5294,6,,,0,430,,5292,6,,,0,223,,5293,6,,,0,256,,5291,6,,,0
700,'5308',1753,,5295,6,,,0
