700,'4327',730,,2403,7,,,0,109,,3835,7,,,0,161,,2408,7,,,0,104,,2404,7,,,0,111,,3834,7,,,0,106,,2401,7,,,0,109,,2405,7,,,0,112,,2399,7,,,0,111,,2407,7,,,0,106,,2406,7,,,0,150,,2400,7,,,0,105,,2398,7,,,0
700,'4332',729,,2415,7,,,0,110,,3841,7,,,0,110,,2420,7,,,0,151,,3836,7,,,0,112,,3842,7,,,0,109,,3843,7,,,0,112,,3837,7,,,0,104,,3839,7,,,0,120,,3840,7,,,0,102,,2421,7,,,0,150,,3838,7,,,0,105,,3844,7,,,0,105,,3845,7,,,0,108,,2419,7,,,0,127,,2424,7,,,0
700,'4480',724,,2393,7,,,0,104,,2377,7,,,0,616,,2384,7,,,0,105,,2385,7,,,0,278,,2382,7,,,0,80,,2392,7,,,0,301,,2389,7,,,0,192,,2375,7,,,0
700,'4663',1753,,2394,7,,,0
700,'4673',1753,,2396,7,,,0
700,'4681',1753,,2397,7,,,0
700,'5135',1638,,3846,7,,,0
700,'5214',624,,2380,7,,,0,84,,2388,7,,,0,45,,2381,7,,,0,188,,2379,7,,,0,115,,2387,7,,,0,158,,2376,7,,,0,115,,2378,7,,,0,309,,2395,7,,,0,75,,2383,7,,,0,229,,2386,7,,,0,115,,2390,7,,,0,270,,2391,7,,,0
700,'5216',624,,3850,7,,,0,84,,3855,7,,,0,45,,3851,7,,,0,188,,3849,7,,,0,115,,3854,7,,,0,158,,3847,7,,,0,115,,3848,7,,,0,384,,3852,7,,,0,229,,3853,7,,,0,115,,3856,7,,,0,270,,3857,7,,,0
700,'5219',1638,,3858,7,,,0
