4001,'4327',706,,3226,15,,,0,106,,3214,15,,,0,229,,3223,15,,,0,111,,3210,15,,,0,149,,4848,15,,,0,110,,3211,15,,,0,35,,3219,15,,,0,77,,3215,15,,,0,110,,3209,15,,,0,110,,4852,15,,,0,75,,4856,15,,,0,110,,4849,15,,,0,75,,4851,15,,,0
4001,'4332',746,,3243,15,,,0,107,,3248,15,,,0,153,,4917,15,,,0,36,,4906,15,,,0,75,,4918,15,,,0,36,,4909,15,,,0,75,,3237,15,,,0,75,,3238,15,,,0,142,,3245,15,,,0,78,,3239,15,,,0,35,,4916,15,,,0,75,,4910,15,,,0,109,,4915,15,,,0,110,,4911,15,,,0,150,,3252,15,,,0,108,,4919,15,,,0,35,,4914,15,,,0,100,,4907,15,,,0
4001,'4480',634,,3199,15,,,0,72,,4898,15,,,0,31,,4902,15,,,0,16,,4899,15,,,0,55,,4900,15,,,0,17,,4901,15,,,0,17,,4865,15,,,0,69,,4869,15,,,0,15,,4870,15,,,0,15,,4866,15,,,0,15,,4867,15,,,0,70,,4872,15,,,0,15,,4873,15,,,0,15,,4874,15,,,0,55,,4875,15,,,0,15,,4876,15,,,0,15,,4877,15,,,0,15,,3172,15,,,0,57,,4878,15,,,0,45,,4879,15,,,0,70,,4880,15,,,0,15,,4881,15,,,0,15,,4882,15,,,0,70,,4884,15,,,0,15,,4885,15,,,0,15,,4886,15,,,0,55,,4887,15,,,0,15,,4888,15,,,0,15,,4889,15,,,0,70,,4890,15,,,0,15,,4891,15,,,0,15,,3191,15,,,0,70,,4903,15,,,0,15,,4895,15,,,0,15,,3196,15,,,0,69,,4894,15,,,0,15,,4896,15,,,0,92,,4864,15,,,0,20,,4860,15,,,0,108,,3151,15,,,0,100,,4859,15,,,0,69,,4862,15,,,0,30,,4858,15,,,0,70,,4861,15,,,0,30,,4857,15,,,0
4001,'4673',2018,,4904,15,,,0
4001,'5241',2018,,4905,15,,,0
4001,'5302',931,,4853,15,,,0,186,,4850,15,,,0,112,,4847,15,,,0,107,,4855,15,,,0,216,,3218,15,,,0,156,,4854,15,,,0,139,,3212,15,,,0
4001,'5303',857,,4868,15,,,0,154,,4871,15,,,0,217,,3174,15,,,0,15,,3175,15,,,0,70,,3177,15,,,0,100,,4883,15,,,0,145,,3188,15,,,0,100,,4892,15,,,0,99,,4893,15,,,0,85,,4897,15,,,0,17,,3158,15,,,0,100,,4863,15,,,0,158,,3155,15,,,0
4001,'5304',857,,5615,15,,,0,154,,5616,15,,,0,217,,5617,15,,,0,15,,5618,15,,,0,70,,5619,15,,,0,100,,5620,15,,,0,145,,5621,15,,,0,100,,5622,15,,,0,99,,5623,15,,,0,85,,5624,15,,,0,17,,5614,15,,,0,100,,5613,15,,,0,158,,5612,15,,,0
4001,'5306',703,,5634,15,,,0,117,,5633,15,,,0,109,,5630,15,,,0,410,,5632,15,,,0,75,,5625,15,,,0,293,,5631,15,,,0,111,,5627,15,,,0,109,,5626,15,,,0,109,,5628,15,,,0,310,,5629,15,,,0
4001,'5307',931,,5639,15,,,0,186,,5637,15,,,0,112,,5635,15,,,0,107,,5641,15,,,0,216,,5638,15,,,0,156,,5640,15,,,0,139,,5636,15,,,0
