7201,'4327',1027,,3396,19,,,0,116,,3397,19,,,0,259,,3399,19,,,0,107,,3400,19,,,0,111,,3401,19,,,0,106,,3402,19,,,0,110,,3393,19,,,0
7201,'4332',730,,3405,19,,,0,206,,4968,19,,,0,111,,4970,19,,,0,110,,4969,19,,,0,150,,3414,19,,,0,110,,3417,19,,,0,83,,3418,19,,,0,27,,3419,19,,,0,187,,3421,19,,,0,32,,4971,19,,,0,75,,4972,19,,,0,110,,4974,19,,,0,96,,4973,19,,,0,122,,3409,19,,,0,199,,3411,19,,,0
7201,'4480',724,,3387,19,,,0,77,,3385,19,,,0,35,,3386,19,,,0,185,,4956,19,,,0,111,,4955,19,,,0,75,,3371,19,,,0,295,,3375,19,,,0,110,,4959,19,,,0,219,,3380,19,,,0,110,,4962,19,,,0,105,,4963,19,,,0,100,,3381,19,,,0
7201,'4661',1722,,3388,19,,,0
7201,'4663',1722,,3389,19,,,0
7201,'4673',2245,,4964,19,,,0,99,,4965,19,,,0
7201,'5241',2245,,4966,19,,,0,99,,4967,19,,,0
7201,'5302',803,,4954,19,,,0,113,,3394,19,,,0,331,,3395,19,,,0,704,,3398,19,,,0
7201,'5303',911,,3365,19,,,0,35,,3366,19,,,0,111,,3370,19,,,0,185,,4957,19,,,0,75,,3372,19,,,0,35,,4958,19,,,0,75,,3374,19,,,0,110,,3376,19,,,0,110,,4960,19,,,0,109,,4961,19,,,0,150,,3382,19,,,0
7201,'5304',911,,5677,19,,,0,35,,5678,19,,,0,111,,5680,19,,,0,185,,5679,19,,,0,75,,5681,19,,,0,35,,5682,19,,,0,75,,5683,19,,,0,110,,5684,19,,,0,110,,5685,19,,,0,109,,5686,19,,,0,150,,5687,19,,,0
7201,'5306',840,,5688,19,,,0,174,,5690,19,,,0,108,,5691,19,,,0,110,,5692,19,,,0,118,,5694,19,,,0,260,,5695,19,,,0,27,,5689,19,,,0,219,,5696,19,,,0,393,,5693,19,,,0
7201,'5307',803,,5697,19,,,0,113,,5698,19,,,0,331,,5699,19,,,0,704,,5700,19,,,0
