700,'4327',746,,2403,24,,,0,110,,3835,24,,,0,161,,2408,24,,,0,104,,2404,24,,,0,111,,3834,24,,,0,106,,2401,24,,,0,109,,2405,24,,,0,112,,2399,24,,,0,151,,2407,24,,,0,106,,2406,24,,,0,110,,2400,24,,,0,105,,2398,24,,,0
700,'4332',746,,2415,24,,,0,110,,3841,24,,,0,150,,2420,24,,,0,111,,3836,24,,,0,112,,3842,24,,,0,109,,3843,24,,,0,112,,3837,24,,,0,104,,3839,24,,,0,160,,3840,24,,,0,102,,2421,24,,,0,110,,3838,24,,,0,105,,3844,24,,,0,105,,3845,24,,,0,107,,2419,24,,,0,166,,2424,24,,,0
700,'4480',744,,2393,24,,,0,103,,2377,24,,,0,653,,2384,24,,,0,105,,2385,24,,,0,237,,2382,24,,,0,80,,2392,24,,,0,301,,2389,24,,,0,192,,2375,24,,,0
700,'4663',1808,,2394,24,,,0
700,'4673',1808,,2396,24,,,0
700,'4681',1808,,2397,24,,,0
700,'5135',1653,,3846,24,,,0
700,'5214',641,,2380,24,,,0,85,,2388,24,,,0,87,,2381,24,,,0,187,,2379,24,,,0,115,,2387,24,,,0,115,,2376,24,,,0,115,,2378,24,,,0,308,,2395,24,,,0,75,,2383,24,,,0,229,,2386,24,,,0,155,,2390,24,,,0,230,,2391,24,,,0
700,'5216',641,,3850,24,,,0,85,,3855,24,,,0,87,,3851,24,,,0,187,,3849,24,,,0,115,,3854,24,,,0,115,,3847,24,,,0,115,,3848,24,,,0,383,,3852,24,,,0,229,,3853,24,,,0,155,,3856,24,,,0,230,,3857,24,,,0
700,'5219',1653,,3858,24,,,0
