3101,'4327',948,,3019,8,,,0,160,,4725,8,,,0,130,,3020,8,,,0,165,,4724,8,,,0,130,,3026,8,,,0,425,,3024,8,,,0
3101,'4332',734,,3031,8,,,0,375,,3036,8,,,0,330,,3027,8,,,0,100,,3028,8,,,0,100,,3033,8,,,0,200,,4736,8,,,0
3101,'4480',835,,3004,8,,,0,90,,3005,8,,,0,109,,4726,8,,,0,100,,3008,8,,,0,100,,3009,8,,,0,100,,4727,8,,,0,100,,3007,8,,,0,98,,3011,8,,,0,102,,4728,8,,,0,100,,4729,8,,,0
3101,'4663',1939,,5567,8,,,0
3101,'4673',1939,,5568,8,,,0
3101,'5302',823,,3023,8,,,0,830,,3018,8,,,0,166,,3021,8,,,0
3101,'5303',629,,3002,8,,,0,94,,3003,8,,,0,1116,,4730,8,,,0,100,,4733,8,,,0
3101,'5304',629,,5569,8,,,0,94,,5570,8,,,0,1116,,5571,8,,,0
3101,'5306',839,,5575,8,,,0,98,,5576,8,,,0,302,,5572,8,,,0,100,,5574,8,,,0,400,,5573,8,,,0
3101,'5307',823,,5579,8,,,0,830,,5577,8,,,0,166,,5578,8,,,0
3101,'5308',1939,,5580,8,,,0
