2000,'4528',605,,8044,29,0,9 12 2 5,0,108,,8045,29,0,9 12 2 5,0,108,,8046,29,0,9 12 2 5,0,402,,8036,29,0,9 12 2 5,0,323,,8040,29,0,9 12 2 5,0,412,,8042,29,0,9 12 2 5,0,243,,8043,29,0,9 12 2 5,0
2000,'4532',1939,,8052,29,0,9 12 2 5,0,218,,8058,29,0,9 12 2 5,0,102,,8054,29,0,9 12 2 5,0
2000,'4623',1706,,8059,29,0,9 12 2 5,0
2000,'5222',1706,,8065,29,0,9 12 2 5,0
2001,'4528',816,,8078,21,0,9 10 11,0,694,,8070,21,0,9 10 11,0,324,,8073,21,0,9 10 11,0,319,,8075,21,0,9 10 11,0,197,,8076,21,0,9 10 11,0
2001,'4532',2151,,8084,21,0,9 10 11,0,199,,8081,21,0,9 10 11,0
1002000,'4528',2101,,8798,35,,,0,200,,8799,35,,,0
1002000,'4532',638,,8805,35,,,0,112,,8806,35,,,0,150,,8801,35,,,0,107,,8808,35,,,0,114,,8809,35,,,0,106,,8807,35,,,0,100,,8802,35,,,0,112,,8810,35,,,0,118,,8803,35,,,0,150,,8811,35,,,0,125,,8804,35,,,0,225,,8800,35,,,0
1002000,'4623',1442,,8813,35,,,0
1002000,'5221',714,,8818,35,,,0,218,,8815,35,,,0,209,,8814,35,,,0,272,,8819,35,,,0,218,,8816,35,,,0,278,,8817,35,,,0
1002000,'5222',1442,,8821,35,,,0
1002001,'4528',1400,,8827,21,,,0,35,,8828,21,,,0,219,,8829,21,,,0,397,,8832,21,,,0,200,,8833,21,,,0
1002001,'4532',729,,8838,21,,,0,113,,8839,21,,,0,111,,8834,21,,,0,151,,8837,21,,,0,103,,8845,21,,,0,117,,8844,21,,,0,110,,8835,21,,,0,104,,8841,21,,,0,116,,8836,21,,,0,149,,8842,21,,,0,124,,8840,21,,,0,103,,8846,21,,,0,219,,8843,21,,,0
1002001,'4623',937,,8847,21,,,0,608,,8848,21,,,0
1002001,'5221',805,,8854,21,,,0,212,,8853,21,,,0,232,,8849,21,,,0,262,,8851,21,,,0,217,,8850,21,,,0,305,,8852,21,,,0
1002001,'5222',937,,8855,21,,,0,608,,8856,21,,,0
