7201,'4327',1031,,3396,24,,,0,116,,3397,24,,,0,259,,3399,24,,,0,107,,3400,24,,,0,111,,3401,24,,,0,106,,3402,24,,,0,110,,3393,24,,,0
7201,'4332',734,,3405,24,,,0,206,,4968,24,,,0,111,,4970,24,,,0,150,,4969,24,,,0,110,,3414,24,,,0,110,,3417,24,,,0,83,,3418,24,,,0,27,,3419,24,,,0,187,,3421,24,,,0,32,,4971,24,,,0,75,,4972,24,,,0,109,,4974,24,,,0,96,,4973,24,,,0,122,,3409,24,,,0,199,,3411,24,,,0
7201,'4480',729,,3387,24,,,0,77,,3385,24,,,0,34,,3386,24,,,0,185,,4956,24,,,0,111,,4955,24,,,0,75,,3371,24,,,0,295,,3375,24,,,0,110,,4959,24,,,0,219,,3380,24,,,0,110,,4962,24,,,0,105,,4963,24,,,0,100,,3381,24,,,0
7201,'4661',1726,,3388,24,,,0
7201,'4663',1726,,3389,24,,,0
7201,'4673',2248,,4964,24,,,0,99,,4965,24,,,0
7201,'5241',2248,,4966,24,,,0,99,,4967,24,,,0
7201,'5302',807,,4954,24,,,0,113,,3394,24,,,0,331,,3395,24,,,0,703,,3398,24,,,0
7201,'5303',915,,3365,24,,,0,35,,3366,24,,,0,151,,3370,24,,,0,145,,4957,24,,,0,75,,3372,24,,,0,35,,4958,24,,,0,75,,3374,24,,,0,110,,3376,24,,,0,110,,4960,24,,,0,149,,4961,24,,,0,110,,3382,24,,,0
7201,'5304',915,,5677,24,,,0,35,,5678,24,,,0,151,,5680,24,,,0,145,,5679,24,,,0,75,,5681,24,,,0,35,,5682,24,,,0,75,,5683,24,,,0,110,,5684,24,,,0,110,,5685,24,,,0,149,,5686,24,,,0,110,,5687,24,,,0
7201,'5306',844,,5688,24,,,0,174,,5690,24,,,0,108,,5691,24,,,0,110,,5692,24,,,0,118,,5694,24,,,0,260,,5695,24,,,0,27,,5689,24,,,0,218,,5696,24,,,0,393,,5693,24,,,0
7201,'5307',807,,5697,24,,,0,113,,5698,24,,,0,331,,5699,24,,,0,703,,5700,24,,,0
