2001,'4327',914,,2784,16,,,0,227,,2786,16,,,0,259,,2785,16,,,0,209,,2787,16,,,0,225,,2788,16,,,0
2001,'4332',924,,2795,16,,,0,88,,2799,16,,,0,233,,2789,16,,,0,155,,3981,16,,,0,102,,2792,16,,,0,107,,2797,16,,,0,103,,2793,16,,,0,111,,2790,16,,,0,324,,2794,16,0,9 10 11,0,199,,3979,16,0,9 10 11,0
2001,'4480',653,,4658,16,,,0,86,,4659,16,0,9 10 11,0,72,,2777,16,0,9 10 11,0,104,,2766,16,,,0,109,,4653,16,,,0,110,,4654,16,,,0,111,,4655,16,,,0,261,,4656,16,0,9 10 11,0,109,,2771,16,,,0,110,,2772,16,,,0,219,,4657,16,,,0,403,,2774,16,0,9 10 11,0
2001,'4663',1830,,2778,16,0,9 10 11,0,319,,2779,16,0,9 10 11,0
2001,'4673',1830,,2780,16,0,9 10 11,0,319,,2781,16,0,9 10 11,0
2001,'4681',1830,,2782,16,0,9 10 11,0,319,,2783,16,0,9 10 11,0
2001,'5244',1117,,4660,16,,,0
1002001,'4327',801,,3630,16,,,0,212,,3629,16,,,0,232,,5002,16,,,0,262,,5003,16,,,0,217,,3626,16,,,0,305,,3628,16,,,0
1002001,'4332',725,,4353,16,,,0,224,,3631,16,,,0,151,,4352,16,,,0,220,,4359,16,,,0,110,,3632,16,,,0,104,,4356,16,,,0,116,,3633,16,,,0
1002001,'4480',728,,5004,16,,,0,111,,5005,16,,,0,94,,5006,16,,,0,126,,3614,16,,,0,150,,5007,16,,,0,111,,3616,16,,,0,36,,3617,16,,,0,75,,5008,16,,,0,109,,3619,16,,,0,110,,5009,16,,,0,151,,5010,16,,,0,108,,3622,16,,,0,138,,5011,16,,,0,201,,3624,16,,,0
1002001,'5244',838,,5012,16,,,0,365,,5016,16,,,0,556,,5014,16,,,0,164,,5013,16,,,0,103,,5017,16,,,0,219,,5015,16,,,0
