3001,'4327',811,,2937,16,,,0,342,,2940,16,,,0,259,,2941,16,,,0,221,,2933,16,,,0,214,,4691,16,,,0,155,,2936,16,,,0
3001,'4332',854,,2952,16,,,0,77,,4706,16,,,0,113,,2951,16,,,0,297,,2943,16,,,0,106,,2950,16,,,0,188,,4704,16,,,0,108,,4702,16,,,0,110,,2947,16,,,0,75,,2949,16,,,0,108,,4708,16,,,0
3001,'4480',635,,4698,16,,,0,85,,4697,16,,,0,37,,2922,16,,,0,58,,2924,16,,,0,17,,2921,16,,,0,18,,2925,16,,,0,91,,2900,16,,,0,75,,2901,16,,,0,35,,2902,16,,,0,75,,2903,16,,,0,76,,2904,16,,,0,35,,2906,16,,,0,75,,2907,16,,,0,35,,2908,16,,,0,75,,4695,16,,,0,36,,2909,16,,,0,77,,2910,16,,,0,108,,2911,16,,,0,109,,2913,16,,,0,150,,2915,16,,,0,35,,2917,16,,,0,407,,2919,16,,,0
3001,'4663',1609,,5524,16,,,0,538,,5525,16,,,0
3001,'4673',2147,,5526,16,,,0
3001,'5302',932,,4692,16,,,0,110,,2931,16,,,0,260,,4693,16,,,0,222,,4694,16,,,0,220,,2935,16,,,0
3001,'5303',907,,2899,16,,,0,702,,2926,16,,,0,109,,2912,16,,,0,109,,2914,16,,,0,219,,2918,16,,,0,101,,4701,16,,,0,97,,4696,16,,,0
3001,'5304',907,,5527,16,,,0,811,,5528,16,,,0,109,,5529,16,,,0,219,,5531,16,,,0,198,,5530,16,,,0
3001,'5305',1609,,5532,16,,,0
3001,'5306',746,,5541,16,,,0,261,,5537,16,,,0,112,,5538,16,,,0,35,,5534,16,,,0,76,,5543,16,,,0,75,,5544,16,,,0,111,,5535,16,,,0,108,,5540,16,,,0,35,,5539,16,,,0,149,,5546,16,,,0,110,,5545,16,,,0,327,,5533,16,,,0,100,,5542,16,,,0,102,,5536,16,,,0
3001,'5307',932,,5548,16,,,0,110,,5547,16,,,0,260,,5550,16,,,0,222,,5551,16,,,0,220,,5549,16,,,0
3001,'5308',2147,,5552,16,,,0
