4001,'4730',642,,1251,23,,,0,72,,1252,23,,,0,32,,1256,23,,,0,56,,1253,23,,,0,15,,1254,23,,,0,18,,1255,23,,,0,16,,1209,23,,,0,55,,1212,23,,,0,14,,1213,23,,,0,14,,1214,23,,,0,15,,1210,23,,,0,55,,1211,23,,,0,15,,1215,23,,,0,15,,1216,23,,,0,70,,1217,23,,,0,15,,1218,23,,,0,15,,1219,23,,,0,16,,1220,23,,,0,55,,1221,23,,,0,17,,1222,23,,,0,15,,1223,23,,,0,15,,1224,23,,,0,70,,1225,23,,,0,15,,1226,23,,,0,15,,1227,23,,,0,55,,1228,23,,,0,15,,1229,23,,,0,10,,1230,23,,,0,10,,1231,23,,,0,10,,1232,23,,,0,50,,1233,23,,,0,10,,1234,23,,,0,10,,1235,23,,,0,20,,1236,23,,,0,10,,1237,23,,,0,50,,1238,23,,,0,10,,1239,23,,,0,10,,1240,23,,,0,10,,1241,23,,,0,10,,1242,23,,,0,10,,1243,23,,,0,54,,1244,23,,,0,30,,1247,23,,,0,15,,1248,23,,,0,54,,1245,23,,,0,15,,1246,23,,,0,15,,1249,23,,,0,15,,1250,23,,,0,56,,1208,23,,,0,40,,1203,23,,,0,60,,1207,23,,,0,19,,1206,23,,,0,29,,1202,23,,,0,100,,1201,23,,,0,69,,1205,23,,,0,29,,1200,23,,,0,70,,1204,23,,,0,30,,1199,23,,,0
4001,'4737',1532,,1258,23,,,0,394,,1257,23,,,0
4001,'4738',711,,1282,23,,,0,43,,1273,23,,,0,74,,1279,23,,,0,110,,1270,23,,,0,77,,1276,23,,,0,36,,1259,23,,,0,75,,1277,23,,,0,111,,1267,23,,,0,75,,1268,23,,,0,36,,1278,23,,,0,75,,1261,23,,,0,31,,1274,23,,,0,78,,1269,23,,,0,75,,1275,23,,,0,35,,1263,23,,,0,74,,1271,23,,,0,111,,1265,23,,,0,73,,1264,23,,,0,35,,1262,23,,,0,75,,1280,23,,,0,34,,1266,23,,,0,74,,1281,23,,,0,35,,1272,23,,,0,100,,1260,23,,,0
4001,'4781',713,,1300,23,,,0,107,,1289,23,,,0,119,,1295,23,,,0,110,,1297,23,,,0,76,,1291,23,,,0,75,,1285,23,,,0,38,,1283,23,,,0,107,,1298,23,,,0,75,,1286,23,,,0,112,,1290,23,,,0,68,,1293,23,,,0,41,,1284,23,,,0,75,,1296,23,,,0,35,,1294,23,,,0,75,,1299,23,,,0,29,,1287,23,,,0,80,,1288,23,,,0,75,,1292,23,,,0
4001,'4782',2124,,1301,23,,,0
4001,'4783',1532,,1303,23,,,0,394,,1302,23,,,0
4001,'4784',1532,,1306,23,,,0,394,,1305,23,,,0,198,,1304,23,,,0
4001,'5028',1310,,1307,23,,,0,145,,1308,23,,,0
4001,'5029',1049,,1309,23,,,0,258,,1310,23,,,0,414,,1311,23,,,0
4001,'5030',1049,,1312,23,,,0,258,,1313,23,,,0,414,,1314,23,,,0
4001,'5032',901,,1318,23,,,0,301,,1315,23,,,0,549,,1317,23,,,0,603,,1316,23,,,0
4001,'5033',1310,,1319,23,,,0,145,,1320,23,,,0
