2000,'4480',553,,2746,10,0,9 12 2 5,0,148,,2747,10,0,9 12 2 5,0,105,,2748,10,0,9 12 2 5,0,39,,2734,10,,,0,110,,2735,10,,,0,150,,2736,10,,,0,105,,2737,10,0,9 12 2 5,0,114,,2738,10,,,0,77,,2739,10,,,0,110,,2740,10,,,0,20,,2741,10,0,9 12 2 5,0,120,,2742,10,0,9 12 2 5,0,159,,2743,10,,,0,136,,2744,10,0,9 12 2 5,0,203,,2745,10,0,9 12 2 5,0
2000,'4970',818,,2749,10,,,0,218,,2752,10,,,0,218,,2751,10,,,0,260,,2753,10,,,0,226,,2750,10,,,0
2000,'5131',809,,2763,10,,,0,112,,2762,10,,,0,100,,2764,10,,,0,118,,2754,10,,,0,107,,2755,10,,,0,111,,2757,10,,,0,151,,2758,10,,,0,111,,2756,10,,,0,104,,2760,10,,,0,204,,2759,10,0,9 12 2 5,0,218,,2765,10,0,9 12 2 5,0,102,,2761,10,0,9 12 2 5,0
9200,'4663',1359,,3495,6,,,0,42,,3496,6,,,0
9200,'4673',1519,,3498,6,,,0,2,,3497,6,,,0
9200,'4681',1419,,3499,6,,,0,2,,3500,6,,,0
1002000,'4480',627,,3578,16,,,0,107,,3579,16,,,0,92,,3580,16,,,0,93,,3581,16,,,0,110,,3582,16,,,0,110,,3583,16,,,0,110,,3584,16,,,0,178,,3585,16,,,0,191,,3586,16,,,0,113,,3587,16,,,0,113,,3588,16,,,0,405,,3589,16,,,0
1002000,'4663',2049,,3590,16,,,0
1002000,'4673',2049,,3591,16,,,0
1002000,'4681',2049,,3592,16,,,0
1002000,'4970',702,,3597,16,,,0,218,,3594,16,,,0,209,,3593,16,,,0,271,,3598,16,,,0,218,,3595,16,,,0,239,,3596,16,,,0
1002000,'5131',626,,3604,16,,,0,112,,3605,16,,,0,110,,3600,16,,,0,107,,3607,16,,,0,154,,3608,16,,,0,106,,3606,16,,,0,100,,3601,16,,,0,112,,3609,16,,,0,118,,3602,16,,,0,110,,3610,16,,,0,165,,3603,16,,,0,225,,3599,16,,,0
