1500,'4327',1934,,2676,11,,,0
1500,'4480',914,,2659,11,,,0,30,,2658,11,,,0,70,,2660,11,,,0,30,,4620,11,,,0,69,,4619,11,,,0,31,,4618,11,,,0,69,,4617,11,,,0,100,,2668,11,,,0,105,,2666,11,,,0,33,,2665,11,,,0,591,,4622,11,,,0
1500,'4663',1932,,5411,11,,,0
1500,'4673',1932,,5412,11,,,0
1500,'5302',752,,2682,11,,,0,153,,2681,11,,,0,110,,2679,11,,,0,111,,2677,11,,,0,109,,2683,11,,,0,109,,2675,11,,,0,110,,2678,11,,,0,150,,2674,11,,,0,110,,2684,11,,,0,109,,2680,11,,,0
1500,'5303',1343,,2667,11,,,0,480,,4621,11,,,0,109,,2673,11,,,0
1500,'5304',1343,,5413,11,,,0,480,,5414,11,,,0
1500,'5306',752,,5422,11,,,0,150,,5417,11,,,0,110,,5425,11,,,0,108,,5421,11,,,0,119,,5420,11,,,0,105,,5418,11,,,0,110,,5423,11,,,0,150,,5424,11,,,0,114,,5415,11,,,0,106,,5416,11,,,0,110,,5419,11,,,0,107,,5426,11,,,0
1500,'5307',752,,5434,11,,,0,153,,5433,11,,,0,110,,5431,11,,,0,111,,5429,11,,,0,109,,5435,11,,,0,109,,5428,11,,,0,110,,5430,11,,,0,150,,5427,11,,,0,110,,5436,11,,,0,109,,5432,11,,,0
1500,'5308',1932,,5437,11,,,0
1001500,'4480',651,,3558,11,,,0,75,,3555,11,,,0,75,,3557,11,,,0,35,,3556,11,,,0,686,,3562,11,,,0,36,,3563,11,,,0,77,,3560,11,,,0,76,,3561,11,,,0
1001500,'4673',1746,,4990,11,,,0
1001500,'5241',1746,,4991,11,,,0
1001500,'5303',1237,,4989,11,,,0
1001500,'5304',1237,,5717,11,,,0
