4000,'4327',733,,4742,34,,,0,224,,4739,34,,,0,192,,4737,34,,,0,178,,4751,34,,,0,110,,4743,34,,,0,110,,4740,34,,,0,75,,4748,34,,,0,35,,4747,34,,,0,75,,4754,34,,,0,75,,4738,34,,,0,35,,4749,34,,,0,74,,4744,34,,,0,35,,4753,34,,,0
4000,'4332',707,,4839,34,,,0,32,,4844,34,,,0,111,,4824,34,,,0,73,,4840,34,,,0,34,,4821,34,,,0,77,,4837,34,,,0,108,,4828,34,,,0,110,,4820,34,,,0,75,,4825,34,,,0,75,,4829,34,,,0,35,,4838,34,,,0,112,,4827,34,,,0,107,,4842,34,,,0,79,,4841,34,,,0,71,,4830,34,,,0,145,,4823,34,,,0,77,,4846,34,,,0,75,,4835,34,,,0
4000,'4480',625,,4804,34,,,0,30,,4805,34,,,0,56,,4812,34,,,0,13,,4806,34,,,0,15,,4807,34,,,0,16,,4808,34,,,0,58,,4810,34,0,6 7,0,12,,4811,34,,,0,16,,4762,34,,,0,15,,4763,34,,,0,55,,4764,34,,,0,15,,4765,34,,,0,15,,4766,34,,,0,15,,4767,34,,,0,55,,4768,34,,,0,30,,4770,34,,,0,14,,4771,34,,,0,55,,4772,34,,,0,31,,4774,34,,,0,15,,4775,34,,,0,55,,4776,34,,,0,30,,4778,34,,,0,15,,4779,34,,,0,55,,4780,34,,,0,14,,4781,34,,,0,15,,4782,34,,,0,15,,4783,34,,,0,55,,4784,34,,,0,14,,4785,34,,,0,15,,4786,34,,,0,14,,4787,34,,,0,56,,4788,34,,,0,15,,4789,34,,,0,30,,4792,34,,,0,70,,4794,34,,,0,15,,4795,34,,,0,87,,4798,34,,,0,15,,4796,34,,,0,72,,4800,34,,,0,20,,4801,34,,,0,20,,4802,34,,,0,354,,4758,34,,,0,30,,4761,34,,,0,71,,4757,34,,,0
4000,'4663',2035,,5581,34,,,0
4000,'4673',1915,,4816,34,,,0,120,,5582,34,,,0,102,,4815,34,,,0
4000,'5241',1915,,4819,34,,,0,222,,4818,34,,,0
4000,'5302',850,,4752,34,,,0,182,,4755,34,,,0,72,,4741,34,,,0,113,,4756,34,,,0,35,,4750,34,,,0,150,,4746,34,,,0,108,,4745,34,,,0
4000,'5303',808,,4809,34,,,0,218,,4769,34,,,0,100,,4773,34,,,0,100,,4777,34,,,0,313,,4790,34,,,0,70,,4793,34,,,0,47,,4797,34,,,0,55,,4791,34,,,0,45,,4799,34,,,0,179,,4803,34,,,0,70,,4760,34,,,0,30,,4817,34,,,0,72,,4759,34,,,0
4000,'5304',808,,5594,34,,,0,218,,5585,34,,,0,100,,5586,34,,,0,100,,5587,34,,,0,313,,5588,34,,,0,70,,5590,34,,,0,47,,5591,34,,,0,55,,5589,34,,,0,45,,5592,34,,,0,179,,5593,34,,,0,70,,5584,34,,,0,102,,5583,34,,,0
4000,'5306',813,,5598,34,,,0,294,,5595,34,,,0,110,,5597,34,,,0,295,,5602,34,,,0,109,,5599,34,,,0,221,,5600,34,,,0,74,,5603,34,,,0,291,,5596,34,,,0,99,,5601,34,,,0
4000,'5307',850,,5608,34,,,0,182,,5609,34,,,0,72,,5604,34,,,0,113,,5610,34,,,0,35,,5607,34,,,0,150,,5606,34,,,0,108,,5605,34,,,0
4000,'5308',2035,,5611,34,,,0
