100,'4327',747,,4380,13,4,,0,70,,4379,13,4,,0,30,,2027,13,4,,0,68,,4375,13,4,,0,32,,2017,13,4,,0,72,,2030,13,4,,0,26,,2039,13,4,,0,76,,4378,13,4,,0,30,,2040,13,4,,0,70,,4373,13,4,,0,30,,4374,13,4,,0,70,,4382,13,4,,0,30,,2019,13,4,,0,70,,4381,13,4,,0,30,,4377,13,4,,0,70,,2022,13,4,,0,30,,4376,13,4,,0,70,,2031,13,4,,0,30,,4383,13,4,,0,70,,4372,13,4,,0,30,,4370,13,4,,0,68,,4371,13,4,,0,29,,2043,13,4,,0,71,,2034,13,4,,0,30,,2020,13,4,,0,70,,2044,13,4,,0,29,,2035,13,4,,0,70,,2045,13,4,,0,35,,2029,13,4,,0
100,'4332',658,,4400,13,4,,0,70,,2079,13,4,,0,30,,2058,13,4,,0,70,,3668,13,4,,0,30,,3671,13,4,,0,65,,3675,13,4,,0,77,,4399,13,4,,0,31,,3664,13,4,,0,69,,2063,13,4,,0,31,,4401,13,4,,0,28,,3665,13,4,,0,71,,3661,13,4,,0,29,,3673,13,4,,0,73,,2066,13,4,,0,70,,2068,13,4,,0,30,,2052,13,4,,0,70,,4397,13,4,,0,30,,4403,13,4,,0,70,,4396,13,4,,0,33,,2055,13,4,,0,67,,3669,13,4,,0,30,,3666,13,4,,0,26,,4398,13,4,,0,74,,3667,13,4,,0,70,,4402,13,4,,0,30,,2078,13,4,,0,68,,2069,13,4,,0,30,,4405,13,4,,0,27,,2047,13,4,,0,72,,2075,13,4,,0,30,,2074,13,4,,0,69,,2048,13,4,,0,30,,4404,13,4,,0,74,,2070,13,4,,0
100,'4480',627,,2005,13,4,,0,30,,4391,13,4,,0,54,,2012,13,4,,0,22,,2006,13,4,,0,19,,4390,13,4,,0,59,,2000,13,4,,0,22,,2004,13,4,,0,18,,4388,13,4,,0,59,,1997,13,4,,0,20,,4389,13,4,,0,72,,4386,13,4,,0,25,,1996,13,4,,0,30,,4385,13,4,,0,66,,2002,13,4,,0,34,,1984,13,4,,0,74,,1993,13,4,,0,26,,1986,13,4,,0,73,,1995,13,4,,0,27,,2014,13,4,,0,73,,1990,13,4,,0,27,,1987,13,4,,0,73,,1991,13,4,,0,17,,4384,13,4,,0,61,,1989,13,4,,0,22,,1974,13,4,,0,77,,1976,13,4,,0,25,,1985,13,4,,0,15,,4395,13,4,,0,58,,4387,13,4,,0,29,,1979,13,4,,0,68,,4392,13,4,,0,30,,1982,13,4,,0,70,,4393,13,4,,0,30,,1980,13,4,,0,70,,2009,13,4,,0,30,,1978,13,4,,0,26,,2010,13,4,,0,74,,1981,13,4,,0,70,,4394,13,4,,0,33,,1977,13,4,,0,85,,1988,13,4,,0
100,'4661',1647,,2015,13,4,,0
100,'4663',1647,,2016,13,4,,0
101,'4327',750,,4411,1,,,0,70,,4414,1,,,0,30,,2136,1,,,0,68,,4412,1,,,0,32,,2144,1,,,0,72,,4410,1,,,0,31,,4415,1,,,0,73,,2145,1,,,0,28,,2126,1,,,0,70,,4408,1,,,0,30,,4416,1,,,0,70,,4418,1,,,0,30,,4417,1,,,0,70,,2125,1,,,0,30,,4413,1,,,0,70,,4409,1,,,0,30,,4407,1,,,0,70,,2127,1,,,0,30,,2134,1,,,0,70,,4406,1,,,0,30,,4419,1,,,0,70,,2148,1,,,0,30,,2140,1,,,0,70,,2124,1,,,0,30,,2141,1,,,0,70,,2150,1,,,0,81,,2139,1,,,0
101,'4332',704,,2163,1,,,0,30,,4455,1,,,0,70,,2165,1,,,0,27,,3714,1,,,0,73,,4443,1,,,0,22,,3706,1,,,0,80,,4448,1,,,0,28,,4445,1,,,0,69,,2151,1,,,0,31,,2154,1,,,0,68,,3718,1,,,0,32,,2167,1,,,0,71,,4442,1,,,0,30,,2177,1,,,0,70,,4446,1,,,0,30,,2157,1,,,0,70,,4450,1,,,0,30,,2173,1,,,0,70,,4440,1,,,0,33,,4444,1,,,0,67,,4441,1,,,0,30,,2166,1,,,0,70,,4451,1,,,0,30,,4452,1,,,0,70,,3712,1,,,0,30,,4447,1,,,0,69,,2159,1,,,0,32,,4453,1,,,0,68,,2153,1,,,0,37,,2183,1,,,0,63,,4449,1,,,0,30,,2184,1,,,0,70,,4454,1,,,0,31,,3709,1,,,0,80,,2175,1,,,0
101,'4480',630,,4431,1,,,0,70,,4430,1,,,0,19,,2113,1,,,0,20,,2107,1,,,0,61,,4432,1,,,0,19,,2112,1,,,0,17,,4428,1,,,0,65,,4427,1,,,0,32,,2102,1,,,0,72,,4424,1,,,0,25,,2104,1,,,0,70,,2091,1,,,0,26,,4426,1,,,0,74,,2092,1,,,0,34,,2099,1,,,0,66,,2120,1,,,0,33,,2098,1,,,0,67,,4422,1,,,0,33,,2097,1,,,0,15,,4435,1,,,0,60,,2093,1,,,0,25,,2080,1,,,0,17,,4429,1,,,0,61,,2082,1,,,0,22,,2090,1,,,0,17,,4420,1,,,0,60,,4423,1,,,0,25,,2094,1,,,0,15,,4436,1,,,0,58,,4425,1,,,0,32,,2085,1,,,0,95,,2086,1,,,0,70,,2114,1,,,0,30,,2087,1,,,0,70,,2116,1,,,0,30,,4421,1,,,0,70,,4433,1,,,0,30,,2089,1,,,0,70,,4434,1,,,0,32,,2084,1,,,0,85,,2083,1,,,0
101,'4663',1905,,4437,1,,,0
101,'4673',1905,,4438,1,,,0
101,'4681',1905,,4439,1,,,0
