7200,'4327',722,,3339,10,,,0,323,,3333,10,,,0,160,,3332,10,,,0,219,,3335,10,,,0,102,,3336,10,,,0,114,,3337,10,,,0,110,,3338,10,,,0,150,,3330,10,,,0
7200,'4332',703,,3363,10,,,0,55,,3340,10,,,0,88,,3348,10,,,0,109,,4947,10,,,0,150,,4948,10,,,0,110,,4949,10,,,0,110,,3352,10,,,0,110,,3354,10,,,0,84,,3355,10,,,0,26,,3356,10,,,0,188,,3358,10,,,0,72,,4950,10,,,0,35,,4951,10,,,0,108,,4952,10,,,0,156,,4953,10,,,0,102,,3346,10,,,0
7200,'4480',637,,3325,10,,,0,75,,4944,10,,,0,33,,3323,10,,,0,77,,3322,10,,,0,34,,3302,10,,,0,184,,4935,10,,,0,110,,4936,10,,,0,75,,3308,10,,,0,296,,3313,10,,,0,110,,4939,10,,,0,224,,3318,10,,,0,152,,4942,10,,,0,102,,4943,10,,,0,100,,3321,10,,,0
7200,'4661',1743,,3326,10,,,0
7200,'4663',1743,,3327,10,,,0
7200,'4673',2309,,4945,10,,,0
7200,'5241',2309,,4946,10,,,0
7200,'5302',827,,4934,10,,,0,113,,3331,10,,,0,364,,3334,10,,,0
7200,'5303',930,,3303,10,,,0,75,,3304,10,,,0,110,,3306,10,,,0,185,,4937,10,,,0,35,,3310,10,,,0,76,,4938,10,,,0,35,,3312,10,,,0,110,,3314,10,,,0,150,,4940,10,,,0,114,,4941,10,,,0
7200,'5304',930,,5656,10,,,0,75,,5657,10,,,0,110,,5658,10,,,0,185,,5659,10,,,0,35,,5660,10,,,0,76,,5661,10,,,0,35,,5662,10,,,0,110,,5663,10,,,0,150,,5664,10,,,0,114,,5665,10,,,0
7200,'5306',907,,5666,10,,,0,124,,5668,10,,,0,117,,5669,10,,,0,109,,5670,10,,,0,151,,5672,10,,,0,221,,5673,10,,,0,26,,5667,10,,,0,651,,5671,10,,,0
7200,'5307',827,,5674,10,,,0,113,,5675,10,,,0,364,,5676,10,,,0
