3001,'4327',803,,2937,8,,,0,342,,2940,8,,,0,259,,2941,8,,,0,221,,2933,8,,,0,214,,4691,8,,,0,115,,2936,8,,,0
3001,'4332',846,,2952,8,,,0,77,,4706,8,,,0,113,,2951,8,,,0,297,,2943,8,,,0,106,,2950,8,,,0,188,,4704,8,,,0,108,,4702,8,,,0,111,,2947,8,,,0,75,,2949,8,,,0,108,,4708,8,,,0
3001,'4480',627,,4698,8,,,0,85,,4697,8,,,0,37,,2922,8,,,0,58,,2924,8,,,0,17,,2921,8,,,0,18,,2925,8,,,0,91,,2900,8,,,0,75,,2901,8,,,0,35,,2902,8,,,0,75,,2903,8,,,0,35,,2904,8,,,0,75,,2906,8,,,0,75,,2907,8,,,0,35,,2908,8,,,0,75,,4695,8,,,0,36,,2909,8,,,0,77,,2910,8,,,0,109,,2911,8,,,0,110,,2913,8,,,0,110,,2915,8,,,0,75,,2917,8,,,0,407,,2919,8,,,0
3001,'4663',1600,,5524,8,,,0,540,,5525,8,,,0
3001,'4673',2140,,5526,8,,,0
3001,'5302',924,,4692,8,,,0,110,,2931,8,,,0,220,,4693,8,,,0,262,,4694,8,,,0,220,,2935,8,,,0
3001,'5303',859,,2899,8,,,0,741,,2926,8,,,0,110,,2912,8,,,0,110,,2914,8,,,0,219,,2918,8,,,0,101,,4701,8,,,0,97,,4696,8,,,0
3001,'5304',859,,5527,8,,,0,851,,5528,8,,,0,110,,5529,8,,,0,219,,5531,8,,,0,198,,5530,8,,,0
3001,'5305',1600,,5532,8,,,0
3001,'5306',738,,5541,8,,,0,221,,5537,8,,,0,152,,5538,8,,,0,35,,5534,8,,,0,76,,5543,8,,,0,35,,5544,8,,,0,151,,5535,8,,,0,108,,5540,8,,,0,35,,5539,8,,,0,149,,5546,8,,,0,111,,5545,8,,,0,327,,5533,8,,,0,100,,5542,8,,,0,102,,5536,8,,,0
3001,'5307',924,,5548,8,,,0,110,,5547,8,,,0,220,,5550,8,,,0,262,,5551,8,,,0,220,,5549,8,,,0
3001,'5308',2140,,5552,8,,,0
