2001,'4327',930,,2784,39,,,0,228,,2786,39,,,0,258,,2785,39,,,0,208,,2787,39,,,0,224,,2788,39,,,0
2001,'4332',940,,2795,39,,,0,88,,2799,39,,,0,105,,3980,39,,,0,168,,2789,39,,,0,115,,3981,39,,,0,102,,2792,39,,,0,106,,2797,39,,,0,103,,2793,39,,,0,110,,2790,39,,,0,377,,2794,56,,,0,197,,3979,56,,,0
2001,'4480',844,,2777,56,,,0,87,,2766,39,,,0,700,,2771,39,,,0,110,,2772,39,,,0,673,,2774,56,,,0
2001,'4663',1859,,2778,56,,,0,358,,2779,56,,,0
2001,'4673',1859,,2780,56,,,0,358,,2781,56,,,0
2001,'4681',1859,,2782,56,,,0,358,,2783,56,,,0
2001,'5214',708,,2775,39,,,0,104,,2776,56,,,0,228,,2767,39,,,0,110,,2768,39,,,0,151,,2769,39,,,0,240,,2770,56,,,0,417,,2773,39,,,0
2001,'5216',708,,3987,39,,,0,104,,3988,56,,,0,228,,3982,39,,,0,110,,3983,39,,,0,151,,3984,39,,,0,240,,3985,56,,,0,417,,3986,39,,,0
1002001,'4327',827,,3630,56,,,0,214,,3629,56,,,0,271,,4350,56,,,0,222,,4351,56,,,0,217,,3626,56,,,0,304,,3628,56,,,0
1002001,'4332',751,,4353,56,,,0,153,,4354,56,,,0,112,,3631,56,,,0,111,,4352,56,,,0,103,,4360,56,,,0,117,,4359,56,,,0,110,,3632,56,,,0,144,,4356,56,,,0,116,,3633,56,,,0,109,,4357,56,,,0,124,,4355,56,,,0,102,,4361,56,,,0,259,,4358,56,,,0
1002001,'4480',1113,,3614,39,,,0,221,,3616,39,,,0,96,,3617,56,,,0,182,,3619,56,,,0,310,,3622,39,,,0,392,,3624,56,,,0
1002001,'5214',742,,3611,39,,,0,111,,3612,39,,,0,150,,3613,56,,,0,220,,3615,39,,,0,283,,3618,56,,,0,214,,3620,56,,,0,95,,3621,39,,,0,299,,3623,56,,,0
1002001,'5216',742,,4362,39,,,0,111,,4363,39,,,0,150,,4364,56,,,0,220,,4365,39,,,0,283,,4366,56,,,0,214,,4367,56,,,0,95,,4368,39,,,0,299,,4369,56,,,0
