3001,'4327',823,,2937,33,,,0,382,,2940,33,,,0,220,,2941,33,,,0,220,,2933,33,,,0,213,,4691,33,,,0,155,,2936,33,,,0
3001,'4332',906,,2952,33,,,0,37,,4706,33,,,0,113,,2951,33,,,0,298,,2943,33,,,0,146,,2950,33,,,0,147,,4704,33,,,0,108,,4702,33,,,0,149,,2947,33,,,0,35,,2949,33,,,0,108,,4708,33,,,0
3001,'4480',647,,4698,33,,,0,86,,4697,33,,,0,79,,2922,33,,,0,18,,2924,33,,,0,16,,2921,33,,,0,58,,2925,33,,,0,51,,2900,33,,,0,75,,2901,33,,,0,75,,2902,33,,,0,35,,2903,33,,,0,76,,2904,33,,,0,35,,2906,33,,,0,75,,2907,33,,,0,76,,2908,33,,,0,35,,4695,33,,,0,76,,2909,33,,,0,37,,2910,33,,,0,108,,2911,33,,,0,148,,2913,33,,,0,109,,2915,33,,,0,35,,2917,33,,,0,405,,2919,33,,,0
3001,'4663',1624,,5524,33,,,0,534,,5525,33,,,0
3001,'4673',2158,,5526,33,,,0
3001,'5302',944,,4692,33,,,0,110,,2931,33,,,0,261,,4693,33,,,0,222,,4694,33,,,0,218,,2935,33,,,0
3001,'5303',921,,2899,33,,,0,703,,2926,33,,,0,108,,2912,33,,,0,108,,2914,33,,,0,218,,2918,33,,,0,100,,4701,33,,,0,97,,4696,33,,,0
3001,'5304',921,,5527,33,,,0,811,,5528,33,,,0,108,,5529,33,,,0,218,,5531,33,,,0,197,,5530,33,,,0
3001,'5305',1624,,5532,33,,,0
3001,'5306',758,,5541,33,,,0,261,,5537,33,,,0,112,,5538,33,,,0,76,,5534,33,,,0,36,,5543,33,,,0,75,,5544,33,,,0,111,,5535,33,,,0,108,,5540,33,,,0,75,,5539,33,,,0,108,,5546,33,,,0,110,,5545,33,,,0,326,,5533,33,,,0,100,,5542,33,,,0,101,,5536,33,,,0
3001,'5307',944,,5548,33,,,0,110,,5547,33,,,0,261,,5550,33,,,0,222,,5551,33,,,0,218,,5549,33,,,0
3001,'5308',2158,,5552,33,,,0
