4000,'4327',731,,4742,32,,,0,224,,4739,32,,,0,192,,4737,32,,,0,178,,4751,32,,,0,110,,4743,32,,,0,110,,4740,32,,,0,75,,4748,32,,,0,35,,4747,32,,,0,75,,4754,32,,,0,75,,4738,32,,,0,35,,4749,32,,,0,74,,4744,32,,,0,35,,4753,32,,,0
4000,'4332',705,,4839,32,,,0,32,,4844,32,,,0,111,,4824,32,,,0,73,,4840,32,,,0,34,,4821,32,,,0,77,,4837,32,,,0,108,,4828,32,,,0,110,,4820,32,,,0,75,,4825,32,,,0,75,,4829,32,,,0,35,,4838,32,,,0,112,,4827,32,,,0,107,,4842,32,,,0,79,,4841,32,,,0,71,,4830,32,,,0,145,,4823,32,,,0,77,,4846,32,,,0,75,,4835,32,,,0
4000,'4480',623,,4804,32,,,0,30,,4805,32,,,0,56,,4812,32,,,0,13,,4806,32,,,0,15,,4807,32,,,0,15,,4808,32,,,0,58,,4810,32,0,6 7,0,12,,4811,32,,,0,16,,4762,32,,,0,15,,4763,32,,,0,55,,4764,32,,,0,15,,4765,32,,,0,15,,4766,32,,,0,16,,4767,32,,,0,55,,4768,32,,,0,30,,4770,32,,,0,14,,4771,32,,,0,55,,4772,32,,,0,31,,4774,32,,,0,15,,4775,32,,,0,55,,4776,32,,,0,30,,4778,32,,,0,15,,4779,32,,,0,55,,4780,32,,,0,14,,4781,32,,,0,14,,4782,32,,,0,15,,4783,32,,,0,55,,4784,32,,,0,14,,4785,32,,,0,15,,4786,32,,,0,14,,4787,32,,,0,56,,4788,32,,,0,15,,4789,32,,,0,30,,4792,32,,,0,70,,4794,32,,,0,15,,4795,32,,,0,88,,4798,32,,,0,15,,4796,32,,,0,72,,4800,32,,,0,20,,4801,32,,,0,20,,4802,32,,,0,354,,4758,32,,,0,30,,4761,32,,,0,71,,4757,32,,,0
4000,'4663',2033,,5581,32,,,0
4000,'4673',1913,,4816,32,,,0,120,,5582,32,,,0,102,,4815,32,,,0
4000,'5241',1913,,4819,32,,,0,222,,4818,32,,,0
4000,'5302',848,,4752,32,,,0,182,,4755,32,,,0,72,,4741,32,,,0,113,,4756,32,,,0,35,,4750,32,,,0,150,,4746,32,,,0,108,,4745,32,,,0
4000,'5303',805,,4809,32,,,0,219,,4769,32,,,0,100,,4773,32,,,0,100,,4777,32,,,0,312,,4790,32,,,0,70,,4793,32,,,0,47,,4797,32,,,0,56,,4791,32,,,0,45,,4799,32,,,0,179,,4803,32,,,0,70,,4760,32,,,0,30,,4817,32,,,0,72,,4759,32,,,0
4000,'5304',805,,5594,32,,,0,219,,5585,32,,,0,100,,5586,32,,,0,100,,5587,32,,,0,312,,5588,32,,,0,70,,5590,32,,,0,47,,5591,32,,,0,56,,5589,32,,,0,45,,5592,32,,,0,179,,5593,32,,,0,70,,5584,32,,,0,102,,5583,32,,,0
4000,'5306',811,,5598,32,,,0,294,,5595,32,,,0,110,,5597,32,,,0,295,,5602,32,,,0,109,,5599,32,,,0,221,,5600,32,,,0,74,,5603,32,,,0,291,,5596,32,,,0,99,,5601,32,,,0
4000,'5307',848,,5608,32,,,0,182,,5609,32,,,0,72,,5604,32,,,0,113,,5610,32,,,0,35,,5607,32,,,0,150,,5606,32,,,0,108,,5605,32,,,0
4000,'5308',2033,,5611,32,,,0
