4000,'4327',743,,4742,43,,,0,264,,4739,43,,,0,152,,4737,43,,,0,178,,4751,43,,,0,110,,4743,43,,,0,110,,4740,43,,,0,75,,4748,43,,,0,75,,4747,43,,,0,35,,4754,43,,,0,75,,4738,43,,,0,35,,4749,43,,,0,74,,4744,43,,,0,75,,4753,43,,,0
4000,'4332',718,,4839,43,,,0,32,,4844,43,,,0,151,,4824,43,,,0,33,,4840,43,,,0,74,,4821,43,,,0,37,,4837,43,,,0,108,,4828,43,,,0,151,,4820,43,,,0,35,,4825,43,,,0,75,,4829,43,,,0,35,,4838,43,,,0,152,,4827,43,,,0,107,,4842,43,,,0,39,,4841,43,,,0,71,,4830,43,,,0,185,,4823,43,,,0,36,,4846,43,,,0,75,,4835,43,,,0
4000,'4480',636,,4804,43,,,0,70,,4805,43,,,0,16,,4812,43,,,0,14,,4806,43,,,0,15,,4807,43,,,0,57,,4808,43,,,0,30,,4811,43,,,0,15,,4762,43,,,0,55,,4763,43,,,0,15,,4764,43,,,0,15,,4765,43,,,0,15,,4766,43,,,0,55,,4767,43,,,0,15,,4768,43,,,0,30,,4770,43,,,0,54,,4771,43,,,0,15,,4772,43,,,0,31,,4774,43,,,0,55,,4775,43,,,0,15,,4776,43,,,0,30,,4778,43,,,0,55,,4779,43,,,0,15,,4780,43,,,0,15,,4781,43,,,0,15,,4782,43,,,0,55,,4783,43,,,0,15,,4784,43,,,0,14,,4785,43,,,0,15,,4786,43,,,0,55,,4787,43,,,0,15,,4788,43,,,0,15,,4789,43,,,0,70,,4792,43,,,0,30,,4794,43,,,0,15,,4795,43,,,0,87,,4798,43,,,0,15,,4796,43,,,0,72,,4800,43,,,0,20,,4801,43,,,0,60,,4802,43,,,0,312,,4758,43,,,0,29,,4761,43,,,0,71,,4757,43,,,0
4000,'4663',2047,,5581,43,,,0
4000,'4673',1927,,4816,43,,,0,120,,5582,43,,,0,101,,4815,43,,,0
4000,'5241',1927,,4819,43,,,0,221,,4818,43,,,0
4000,'5302',900,,4752,43,,,0,142,,4755,43,,,0,72,,4741,43,,,0,113,,4756,43,,,0,75,,4750,43,,,0,110,,4746,43,,,0,108,,4745,43,,,0
4000,'5303',823,,4809,43,,,0,215,,4769,43,,,0,100,,4773,43,,,0,100,,4777,43,,,0,314,,4790,43,,,0,70,,4793,43,,,0,87,,4797,43,,,0,15,,4791,43,,,0,85,,4799,43,,,0,138,,4803,43,,,0,70,,4760,43,,,0,30,,4817,43,,,0,72,,4759,43,,,0
4000,'5304',823,,5594,43,,,0,215,,5585,43,,,0,100,,5586,43,,,0,100,,5587,43,,,0,314,,5588,43,,,0,70,,5590,43,,,0,87,,5591,43,,,0,15,,5589,43,,,0,85,,5592,43,,,0,138,,5593,43,,,0,70,,5584,43,,,0,102,,5583,43,,,0
4000,'5306',824,,5598,43,,,0,294,,5595,43,,,0,110,,5597,43,,,0,296,,5602,43,,,0,109,,5599,43,,,0,221,,5600,43,,,0,74,,5603,43,,,0,290,,5596,43,,,0,99,,5601,43,,,0
4000,'5307',900,,5608,43,,,0,142,,5609,43,,,0,72,,5604,43,,,0,113,,5610,43,,,0,75,,5607,43,,,0,110,,5606,43,,,0,108,,5605,43,,,0
4000,'5308',2047,,5611,43,,,0
