501,'4327',845,,5175,17,,,0,110,,5177,17,,,0,152,,5172,17,,,0,100,,5173,17,,,0,130,,5179,17,,,0,104,,5174,17,,,0,116,,5181,17,,,0,150,,5180,17,,,0,110,,5182,17,,,0,110,,5178,17,,,0,110,,5176,17,,,0
501,'4332',758,,5160,17,,,0,196,,5161,17,,,0,149,,5162,17,,,0,116,,5163,17,,,0,117,,5164,17,,,0,109,,5165,17,,,0,110,,5166,17,,,0,149,,5167,17,,,0,112,,5168,17,,,0,110,,5169,17,,,0,105,,5170,17,,,0,107,,5171,17,,,0,109,,5159,17,,,0,110,,5158,5,,,0
501,'4480',655,,5148,17,,,0,152,,5152,17,,,0,110,,5144,17,,,0,110,,5149,17,,,0,101,,5146,17,,,0,99,,5147,17,,,0,128,,5151,17,,,0,98,,5145,17,,,0,504,,5150,17,,,0,148,,5154,17,,,0,110,,5153,17,,,0,89,,5155,17,,,0,54,,5156,5,,,0
501,'4661',1842,,5157,17,,,0
501,'4663',1513,,5137,5,,,0,95,,5139,17,,,0,119,,5140,17,,,0,115,,5138,17,,,0
501,'4673',1513,,5141,5,,,0,95,,5142,17,,,0,119,,5143,17,,,0
501,'4681',1513,,5183,5,,,0,95,,5184,17,,,0,119,,5185,17,,,0
1501,'4327',825,,5456,5,,,0,110,,5461,5,,,0,110,,5454,5,,,0,110,,5457,5,,,0,150,,4628,5,,,0,110,,5455,5,,,0,110,,5458,5,,,0,110,,4627,5,,,0,110,,5460,5,,,0,110,,5459,5,,,0
1501,'4332',751,,5450,5,,,0,184,,5451,5,,,0,102,,5448,5,,,0,118,,5452,5,,,0,151,,5449,5,,,0,110,,5447,5,,,0,110,,5442,5,,,0,109,,5444,5,,,0,111,,5445,5,,,0,109,,5446,5,,,0,152,,5443,5,,,0,107,,5453,5,,,0
1501,'4480',835,,2698,5,,,0,69,,2699,5,,,0,30,,2700,5,,,0,70,,2697,5,,,0,30,,4634,5,,,0,70,,4635,5,,,0,29,,4636,5,,,0,71,,4637,5,,,0,103,,5440,5,,,0,27,,2705,5,,,0,510,,5441,5,,,0,260,,4639,5,,,0
1501,'4663',1954,,5438,5,,,0
1501,'4673',1954,,5439,5,,,0
1501,'4681',1954,,5462,5,,,0
1001501,'4480',716,,3567,5,,,0,38,,3566,5,,,0,480,,4992,5,,,0,170,,5718,5,,,0,36,,3569,5,,,0,75,,3572,5,,,0,37,,3575,5,,,0,77,,3574,5,,,0,75,,3571,5,,,0,35,,3573,5,,,0
1001501,'4673',1814,,4993,5,,,0
1001501,'5241',1814,,4994,5,,,0
