100,'4528',615,,7336,7,,,0,28,,7334,7,,,0,14,,7343,7,,,0,62,,7337,7,,,0,19,,7333,7,,,0,19,,7332,7,,,0,62,,7335,7,,,0,18,,7329,7,,,0,19,,7328,7,,,0,60,,7330,7,,,0,32,,7322,7,,,0,65,,7327,7,,,0,30,,7313,7,,,0,65,,7331,7,,,0,34,,7314,7,,,0,73,,7323,7,,,0,26,,7316,7,,,0,73,,7326,7,,,0,27,,7345,7,,,0,72,,7320,7,,,0,27,,7317,7,,,0,73,,7321,7,,,0,17,,7305,7,,,0,21,,7319,7,,,0,62,,7304,7,,,0,17,,7325,7,,,0,21,,7306,7,,,0,65,,7315,7,,,0,15,,7344,7,,,0,19,,7324,7,,,0,69,,7309,7,,,0,29,,7338,7,,,0,70,,7312,7,,,0,30,,7339,7,,,0,70,,7310,7,,,0,30,,7340,7,,,0,71,,7308,7,,,0,26,,7341,7,,,0,74,,7311,7,,,0,30,,7342,7,,,0,74,,7307,7,,,0,85,,7318,7,,,0
100,'4532',646,,7354,7,,,0,70,,7379,7,,,0,30,,7358,7,,,0,70,,7361,7,,,0,30,,7365,7,,,0,63,,7373,7,,,0,37,,7353,7,,,0,71,,7356,7,,,0,29,,7363,7,,,0,71,,7364,7,,,0,27,,7357,7,,,0,71,,7351,7,,,0,29,,7371,7,,,0,73,,7366,7,,,0,30,,7368,7,,,0,70,,7352,7,,,0,30,,7349,7,,,0,70,,7372,7,,,0,30,,7346,7,,,0,73,,7355,7,,,0,27,,7362,7,,,0,70,,7359,7,,,0,26,,7350,7,,,0,74,,7360,7,,,0,30,,7367,7,,,0,70,,7378,7,,,0,29,,7369,7,,,0,70,,7377,7,,,0,28,,7347,7,,,0,72,,7375,7,,,0,30,,7374,7,,,0,69,,7348,7,,,0,30,,7376,7,,,0,75,,7370,7,,,0
100,'5221',735,,7400,7,,,0,70,,7399,7,,,0,29,,7390,7,,,0,68,,7389,7,,,0,31,,7380,7,,,0,72,,7393,7,,,0,26,,7402,7,,,0,75,,7396,7,,,0,30,,7403,7,,,0,70,,7387,7,,,0,30,,7388,7,,,0,70,,7404,7,,,0,30,,7382,7,,,0,70,,7401,7,,,0,30,,7395,7,,,0,70,,7385,7,,,0,30,,7391,7,,,0,70,,7394,7,,,0,30,,7405,7,,,0,70,,7386,7,,,0,30,,7381,7,,,0,69,,7384,7,,,0,29,,7406,7,,,0,71,,7397,7,,,0,30,,7383,7,,,0,70,,7407,7,,,0,30,,7398,7,,,0,70,,7408,7,,,0,35,,7392,7,,,0
2000,'4528',613,2,8044,37,,,0,108,2,8045,37,,,0,108,2,8046,37,,,0,402,2,8036,37,,,0,324,2,8040,37,,,0,451,2,8042,37,,,0,203,2,8043,37,,,0
2000,'4532',1946,2,8052,37,,,0,258,2,8058,37,,,0,102,2,8054,37,,,0
2000,'4623',1714,2,8059,37,,,0
2000,'5222',1714,2,8065,37,,,0
2500,'4528',752,,8095,6,0,5,0,207,,8096,6,,,0,265,,8097,6,0,5,0,125,,8098,6,,,0,374,,8099,6,,,0
2500,'4532',749,,8101,6,0,5,0,210,,8103,6,,,0,255,,8102,6,,,0,515,,8104,6,0,5,0,220,,8100,6,,,0
2500,'5221',749,,8105,6,0,5,0,210,,8106,6,,,0,255,,8107,6,,,0,515,,8108,6,0,5,0,220,,8109,6,,,0
7201,'4528',734,,8615,32,4,,0,79,,8613,32,4,,0,34,,8614,32,4,,0,74,,8591,32,4,,0,35,,8592,32,4,,0,75,,8594,32,4,,0,76,,8596,32,4,,0,35,,8593,32,4,,0,75,,8597,32,4,,0,35,,8595,32,4,,0,75,,8598,32,4,,0,75,,8599,32,4,,0,35,,8600,32,4,,0,110,,8601,32,4,,0,75,,8602,32,4,,0,35,,8603,32,4,,0,75,,8604,32,4,,0,74,,8605,32,4,,0,34,,8606,32,4,,0,75,,8608,32,4,,0,35,,8609,32,4,,0,105,,8610,32,4,,0,100,,8607,32,4,,0,98,,8611,32,4,,0,99,,8612,32,4,,0
7201,'4532',739,,8618,32,4,,0,110,,8616,32,4,,0,96,,8625,32,4,,0,78,,8619,32,4,,0,34,,8628,32,4,,0,75,,8620,32,4,,0,75,,8626,32,4,,0,35,,8621,32,4,,0,75,,8627,32,4,,0,83,,8629,32,4,,0,27,,8630,32,4,,0,83,,8631,32,4,,0,27,,8632,32,4,,0,82,,8633,32,4,,0,27,,8617,32,4,,0,77,,8634,32,4,,0,32,,8635,32,4,,0,75,,8636,32,4,,0,74,,8637,32,4,,0,35,,8639,32,4,,0,96,,8638,32,4,,0,122,,8622,32,4,,0,100,,8623,32,4,,0,99,,8624,32,4,,0
7201,'4623',1512,,8640,32,4,,0
7201,'5221',812,,8641,32,4,,0,113,,8643,32,4,,0,111,,8645,32,4,,0,116,,8646,32,4,,0,104,,8644,32,4,,0,155,,8648,32,4,,0,107,,8649,32,4,,0,111,,8650,32,4,,0,106,,8651,32,4,,0,110,,8642,32,4,,0,114,,8647,32,4,,0
7201,'5222',1512,,8652,32,4,,0
1002000,'4528',2109,2,8798,43,,,0,200,2,8799,43,,,0
1002000,'4532',645,2,8805,43,,,0,112,2,8806,43,,,0,150,2,8801,43,,,0,107,2,8808,43,,,0,115,2,8809,43,,,0,106,2,8807,43,,,0,100,2,8802,43,,,0,112,2,8810,43,,,0,158,2,8803,43,,,0,110,2,8811,43,,,0,125,2,8804,43,,,0,264,2,8800,43,,,0
1002000,'4623',1451,2,8813,43,,,0
1002000,'5221',721,2,8818,43,,,0,218,2,8815,43,,,0,210,2,8814,43,,,0,272,2,8819,43,,,0,218,2,8816,43,,,0,277,2,8817,43,,,0
1002000,'5222',1451,2,8821,43,,,0
