3101,'4327',943,,3019,3,,,0,160,,4725,3,,,0,130,,3020,3,,,0,125,,4724,3,,,0,170,,3026,3,,,0,425,,3024,3,,,0
3101,'4332',729,,3031,3,,,0,375,,3036,3,,,0,330,,3027,3,,,0,100,,3028,3,,,0,100,,3033,3,,,0,200,,4736,3,,,0
3101,'4480',830,,3004,3,,,0,90,,3005,3,,,0,109,,4726,3,,,0,100,,3008,3,,,0,100,,3009,3,,,0,100,,4727,3,,,0,100,,3007,3,,,0,98,,3011,3,,,0,102,,4728,3,,,0,100,,4729,3,,,0
3101,'4663',1934,,5567,3,,,0
3101,'4673',1934,,5568,3,,,0
3101,'5302',818,,3023,3,,,0,830,,3018,3,,,0,166,,3021,3,,,0
3101,'5303',624,,3002,3,,,0,94,,3003,3,,,0,1116,,4730,3,,,0,100,,4733,3,,,0
3101,'5304',624,,5569,3,,,0,94,,5570,3,,,0,1116,,5571,3,,,0
3101,'5306',834,,5575,3,,,0,98,,5576,3,,,0,302,,5572,3,,,0,100,,5574,3,,,0,400,,5573,3,,,0
3101,'5307',818,,5579,3,,,0,830,,5577,3,,,0,166,,5578,3,,,0
3101,'5308',1934,,5580,3,,,0
