4001,'4327',730,,3226,42,,,0,107,,3214,42,,,0,271,,3223,42,,,0,111,,3210,42,,,0,110,,4848,42,,,0,110,,3211,42,,,0,75,,3219,42,,,0,37,,3215,42,,,0,108,,3209,42,,,0,150,,4852,42,,,0,33,,4856,42,,,0,109,,4849,42,,,0,75,,4851,42,,,0
4001,'4332',812,,3243,42,,,0,108,,3248,42,,,0,114,,4917,42,,,0,76,,4906,42,,,0,35,,4918,42,,,0,76,,4909,42,,,0,36,,3237,42,,,0,75,,3238,42,,,0,182,,3245,42,,,0,37,,3239,42,,,0,75,,4916,42,,,0,75,,4910,42,,,0,108,,4915,42,,,0,109,,4911,42,,,0,109,,3252,42,,,0,108,,4919,42,,,0,75,,4914,42,,,0,100,,4907,42,,,0
4001,'4480',659,,3199,42,,,0,72,,4898,42,,,0,75,,4902,42,,,0,16,,4899,42,,,0,14,,4900,42,,,0,18,,4901,42,,,0,55,,4865,42,,,0,28,,4869,42,,,0,14,,4870,42,,,0,55,,4866,42,,,0,15,,4867,42,,,0,30,,4872,42,,,0,55,,4873,42,,,0,16,,4874,42,,,0,15,,4875,42,,,0,15,,4876,42,,,0,56,,4877,42,,,0,15,,3172,42,,,0,17,,4878,42,,,0,85,,4879,42,,,0,30,,4880,42,,,0,56,,4881,42,,,0,16,,4882,42,,,0,30,,4884,42,,,0,55,,4885,42,,,0,15,,4886,42,,,0,15,,4887,42,,,0,14,,4888,42,,,0,55,,4889,42,,,0,30,,4890,42,,,0,15,,4891,42,,,0,54,,3191,42,,,0,29,,4903,42,,,0,15,,4895,42,,,0,54,,3196,42,,,0,29,,4894,42,,,0,15,,4896,42,,,0,91,,4864,42,,,0,60,,4860,42,,,0,108,,3151,42,,,0,100,,4859,42,,,0,26,,4862,42,,,0,69,,4858,42,,,0,30,,4861,42,,,0,70,,4857,42,,,0
4001,'4673',2042,,4904,42,,,0
4001,'5241',2042,,4905,42,,,0
4001,'5302',958,,4853,42,,,0,186,,4850,42,,,0,113,,4847,42,,,0,147,,4855,42,,,0,215,,3218,42,,,0,115,,4854,42,,,0,177,,3212,42,,,0
4001,'5303',923,,4868,42,,,0,113,,4871,42,,,0,219,,3174,42,,,0,55,,3175,42,,,0,30,,3177,42,,,0,102,,4883,42,,,0,184,,3188,42,,,0,98,,4892,42,,,0,98,,4893,42,,,0,85,,4897,42,,,0,16,,3158,42,,,0,100,,4863,42,,,0,118,,3155,42,,,0
4001,'5304',923,,5615,42,,,0,113,,5616,42,,,0,219,,5617,42,,,0,55,,5618,42,,,0,30,,5619,42,,,0,102,,5620,42,,,0,184,,5621,42,,,0,98,,5622,42,,,0,98,,5623,42,,,0,85,,5624,42,,,0,16,,5614,42,,,0,100,,5613,42,,,0,118,,5612,42,,,0
4001,'5306',728,,5634,42,,,0,118,,5633,42,,,0,111,,5630,42,,,0,451,,5632,42,,,0,35,,5625,42,,,0,291,,5631,42,,,0,110,,5627,42,,,0,109,,5626,42,,,0,148,,5628,42,,,0,309,,5629,42,,,0
4001,'5307',958,,5639,42,,,0,186,,5637,42,,,0,113,,5635,42,,,0,147,,5641,42,,,0,215,,5638,42,,,0,115,,5640,42,,,0,177,,5636,42,,,0
