2000,'4528',555,,8044,13,0,9 12 2 5,0,148,,8045,13,0,9 12 2 5,0,105,,8046,13,0,9 12 2 5,0,39,,8033,13,,,0,110,,8034,13,,,0,150,,8035,13,,,0,105,,8036,13,0,9 12 2 5,0,114,,8037,13,,,0,78,,8038,13,,,0,110,,8039,13,,,0,20,,8040,13,0,9 12 2 5,0,278,,8041,13,,,0,136,,8042,13,0,9 12 2 5,0,203,,8043,13,0,9 12 2 5,0
2000,'4532',811,,8056,13,,,0,112,,8055,13,,,0,100,,8057,13,,,0,118,,8047,13,,,0,108,,8048,13,,,0,151,,8050,13,,,0,111,,8051,13,,,0,111,,8049,13,,,0,103,,8053,13,,,0,204,,8052,13,0,9 12 2 5,0,218,,8058,13,0,9 12 2 5,0,102,,8054,13,0,9 12 2 5,0
2000,'4623',1654,,8059,13,0,9 12 2 5,0
2000,'5221',820,,8060,13,,,0,218,,8063,13,,,0,219,,8062,13,,,0,260,,8064,13,,,0,225,,8061,13,,,0
2000,'5222',1654,,8065,13,0,9 12 2 5,0
1002000,'4528',629,,8790,19,,,0,107,,8791,19,,,0,185,,8792,19,,,0,220,,8793,19,,,0,110,,8794,19,,,0,369,,8795,19,,,0,113,,8796,19,,,0,113,,8797,19,,,0,205,,8798,19,,,0,200,,8799,19,,,0
1002000,'4532',628,,8805,19,,,0,112,,8806,19,,,0,110,,8801,19,,,0,107,,8808,19,,,0,154,,8809,19,,,0,106,,8807,19,,,0,100,,8802,19,,,0,112,,8810,19,,,0,118,,8803,19,,,0,110,,8811,19,,,0,165,,8804,19,,,0,225,,8800,19,,,0
1002000,'4623',1031,,8812,19,,,0,398,,8813,19,,,0
1002000,'5221',704,,8818,19,,,0,218,,8815,19,,,0,209,,8814,19,,,0,271,,8819,19,,,0,218,,8816,19,,,0,239,,8817,19,,,0
1002000,'5222',1031,,8820,19,,,0,398,,8821,19,,,0
