700,'4327',732,,2403,10,,,0,109,,3835,10,,,0,161,,2408,10,,,0,104,,2404,10,,,0,111,,3834,10,,,0,106,,2401,10,,,0,109,,2405,10,,,0,112,,2399,10,,,0,111,,2407,10,,,0,146,,2406,10,,,0,110,,2400,10,,,0,105,,2398,10,,,0
700,'4332',731,,2415,10,,,0,110,,3841,10,,,0,110,,2420,10,,,0,151,,3836,10,,,0,112,,3842,10,,,0,109,,3843,10,,,0,112,,3837,10,,,0,104,,3839,10,,,0,120,,3840,10,,,0,142,,2421,10,,,0,110,,3838,10,,,0,105,,3844,10,,,0,105,,3845,10,,,0,108,,2419,10,,,0,127,,2424,10,,,0
700,'4480',727,,2393,10,,,0,103,,2377,10,,,0,616,,2384,10,,,0,105,,2385,10,,,0,278,,2382,10,,,0,80,,2392,10,,,0,301,,2389,10,,,0,192,,2375,10,,,0
700,'4663',1755,,2394,10,,,0
700,'4673',1755,,2396,10,,,0
700,'4681',1755,,2397,10,,,0
700,'5135',1640,,3846,10,,,0
700,'5214',626,,2380,10,,,0,84,,2388,10,,,0,46,,2381,10,,,0,187,,2379,10,,,0,115,,2387,10,,,0,158,,2376,10,,,0,115,,2378,10,,,0,309,,2395,10,,,0,75,,2383,10,,,0,229,,2386,10,,,0,115,,2390,10,,,0,270,,2391,10,,,0
700,'5216',626,,3850,10,,,0,84,,3855,10,,,0,46,,3851,10,,,0,187,,3849,10,,,0,115,,3854,10,,,0,158,,3847,10,,,0,115,,3848,10,,,0,384,,3852,10,,,0,229,,3853,10,,,0,115,,3856,10,,,0,270,,3857,10,,,0
700,'5219',1640,,3858,10,,,0
