3000,'4327',735,,2869,38,,,0,117,,4678,38,,,0,106,,4677,38,,,0,148,,2872,38,,,0,114,,2863,38,,,0,110,,2865,38,,,0,110,,2871,38,,,0,109,,2866,38,,,0,110,,4676,38,,,0,150,,2864,38,,,0
3000,'4332',816,,2896,38,,,0,37,,4687,38,,,0,72,,2887,38,,,0,34,,4686,38,,,0,185,,2895,38,,,0,76,,2894,38,,,0,110,,2881,38,,,0,75,,2876,38,,,0,35,,4685,38,,,0,75,,2890,38,,,0,38,,4683,38,,,0,106,,2884,38,,,0,149,,2883,38,,,0,298,,2878,38,,,0,104,,4690,38,,,0
3000,'4480',640,,4680,38,,,0,93,,2855,38,,,0,19,,2850,38,,,0,58,,2856,38,,,0,34,,2857,38,,,0,58,,2851,38,,,0,34,,2832,38,,,0,75,,2833,38,,,0,35,,2834,38,,,0,75,,2835,38,,,0,35,,2836,38,,,0,75,,2837,38,,,0,75,,2838,38,,,0,34,,2839,38,,,0,74,,2840,38,,,0,36,,2841,38,,,0,151,,2842,38,,,0,110,,2843,38,,,0,113,,2844,38,,,0,35,,2845,38,,,0,251,,4679,38,,,0,201,,2849,38,,,0
3000,'4663',1526,,5506,38,,,0,223,,5507,38,,,0
3000,'4673',1636,,4681,38,,,0
3000,'5241',1636,,4682,38,,,0
3000,'5302',1918,,2870,38,,,0
3000,'5303',716,,2854,38,,,0,111,,2853,38,,,0,699,,2858,38,,,0,223,,2859,38,,,0,259,,2846,38,,,0,202,,2848,38,,,0
3000,'5304',716,,5511,38,,,0,111,,5510,38,,,0,1181,,5508,38,,,0,202,,5509,38,,,0
3000,'5305',1526,,5512,38,,,0,223,,5513,38,,,0
3000,'5306',710,,5519,38,,,0,326,,5518,38,,,0,73,,5517,38,,,0,146,,5522,38,,,0,369,,5521,38,,,0,114,,5514,38,,,0,106,,5515,38,,,0,110,,5520,38,,,0,355,,5516,38,,,0
3000,'5307',1918,,5523,38,,,0
