4000,'4327',711,,4742,9,,,0,223,,4739,9,,,0,192,,4737,9,,,0,177,,4751,9,,,0,110,,4743,9,,,0,110,,4740,9,,,0,35,,4748,9,,,0,75,,4747,9,,,0,75,,4754,9,,,0,35,,4738,9,,,0,75,,4749,9,,,0,35,,4744,9,,,0,75,,4753,9,,,0
4000,'4332',645,,4839,9,,,0,71,,4844,9,,,0,111,,4824,9,,,0,32,,4840,9,,,0,74,,4821,9,,,0,77,,4837,9,,,0,107,,4828,9,,,0,110,,4820,9,,,0,75,,4825,9,,,0,35,,4829,9,,,0,75,,4838,9,,,0,113,,4827,9,,,0,107,,4842,9,,,0,79,,4841,9,,,0,31,,4830,9,,,0,186,,4823,9,,,0,77,,4846,9,,,0,35,,4835,9,,,0
4000,'4480',605,,4804,9,,,0,29,,4805,9,,,0,15,,4812,9,,,0,53,,4806,9,,,0,15,,4807,9,,,0,13,,4808,9,,,0,16,,4810,9,0,6 7,0,12,,4811,9,,,0,57,,4762,9,,,0,15,,4763,9,,,0,16,,4764,9,,,0,55,,4765,9,,,0,15,,4766,9,,,0,17,,4767,9,,,0,15,,4768,9,,,0,70,,4770,9,,,0,13,,4771,9,,,0,14,,4772,9,,,0,71,,4774,9,,,0,15,,4775,9,,,0,14,,4776,9,,,0,70,,4778,9,,,0,15,,4779,9,,,0,15,,4780,9,,,0,14,,4781,9,,,0,54,,4782,9,,,0,15,,4783,9,,,0,15,,4784,9,,,0,14,,4785,9,,,0,55,,4786,9,,,0,14,,4787,9,,,0,16,,4788,9,,,0,15,,4789,9,,,0,69,,4792,9,,,0,32,,4794,9,,,0,53,,4795,9,,,0,90,,4798,9,,,0,16,,4796,9,,,0,32,,4800,9,,,0,60,,4801,9,,,0,20,,4802,9,,,0,318,,4758,9,,,0,70,,4761,9,,,0,31,,4757,9,,,0
4000,'4663',2013,,5581,9,,,0
4000,'4673',1851,,4816,9,,,0,162,,5582,9,,,0,102,,4815,9,,,0
4000,'5241',1851,,4819,9,,,0,264,,4818,9,,,0
4000,'5302',828,,4752,9,,,0,181,,4755,9,,,0,32,,4741,9,,,0,113,,4756,9,,,0,75,,4750,9,,,0,109,,4746,9,,,0,108,,4745,9,,,0
4000,'5303',742,,4809,9,,,0,261,,4769,9,,,0,98,,4773,9,,,0,99,,4777,9,,,0,311,,4790,9,,,0,32,,4793,9,,,0,85,,4797,9,,,0,16,,4791,9,,,0,88,,4799,9,,,0,179,,4803,9,,,0,31,,4760,9,,,0,71,,4817,9,,,0,32,,4759,9,,,0
4000,'5304',742,,5594,9,,,0,261,,5585,9,,,0,98,,5586,9,,,0,99,,5587,9,,,0,311,,5588,9,,,0,32,,5590,9,,,0,85,,5591,9,,,0,16,,5589,9,,,0,88,,5592,9,,,0,179,,5593,9,,,0,31,,5584,9,,,0,103,,5583,9,,,0
4000,'5306',750,,5598,9,,,0,292,,5595,9,,,0,110,,5597,9,,,0,295,,5602,9,,,0,110,,5599,9,,,0,261,,5600,9,,,0,35,,5603,9,,,0,291,,5596,9,,,0,99,,5601,9,,,0
4000,'5307',828,,5608,9,,,0,181,,5609,9,,,0,32,,5604,9,,,0,113,,5610,9,,,0,75,,5607,9,,,0,109,,5606,9,,,0,108,,5605,9,,,0
4000,'5308',2013,,5611,9,,,0
