901,'4327',800,,2638,57,,,0,57,,2635,57,,,0,183,,2641,57,,,0,113,,2637,57,,,0,169,,2642,57,,,0,109,,2633,57,,,0,127,,3923,57,,,0,174,,2636,57,,,0,168,,3924,57,,,0,115,,2639,57,,,0
901,'4332',721,,3925,57,,,0,96,,3926,43,,,0,37,,2647,43,,,0,105,,2652,50,,,0,84,,2649,43,,,0,173,,2648,50,,,0,105,,2657,43,,,0,35,,2651,50,,,0,79,,3927,50,,,0,97,,3929,43,,,0,107,,2644,50,,,0,100,,3928,43,,,0,117,,2656,50,,,0,97,,2655,43,,,0,205,,2645,57,,,0
901,'4480',554,,2630,43,,,0,100,,2629,50,,,0,70,,2631,43,,,0,30,,2627,50,,,0,70,,2628,43,,,0,126,,2611,43,,,0,104,,2612,50,,,0,196,,2632,57,,,0,257,,2616,50,,,0,117,,2619,50,,,0,229,,2623,50,,,0,103,,2625,43,,,0,96,,2622,50,,,0,99,,2626,43,,,0,200,,2624,57,,,0
901,'5214',854,,2610,57,,,0,297,,2613,43,,,0,188,,2615,50,,,0,81,,2614,43,,,0,133,,2617,43,,,0,104,,2618,57,,,0,70,,2620,50,,,0,74,,2621,43,,,0
901,'5216',854,,3930,57,,,0,297,,3931,43,,,0,188,,3933,50,,,0,81,,3932,43,,,0,133,,3934,43,,,0,104,,3935,57,,,0,70,,3936,50,,,0,74,,3937,43,,,0
9701,'4332',754,,3512,42,,,0,100,,3513,42,,,0,150,,3514,42,,,0,112,,3515,42,,,0,120,,3516,42,,,0,94,,3518,42,,,0,108,,3517,42,,,0,98,,3519,42,,,0,97,,3520,42,,,0,102,,3521,42,,,0
9701,'4480',826,,3509,42,,,0,96,,3510,42,,,0,105,,3508,42,,,0,98,,3507,42,,,0,100,,3505,42,,,0,102,,3506,42,,,0,95,,3504,42,,,0,105,,3502,42,,,0,97,,3501,42,,,0,103,,3511,42,,,0,107,,3503,42,,,0
9900,'4327',1042,,3545,10,,,0,798,,3546,7,,,0
9900,'4332',1042,,3547,10,,,0,798,,3548,7,,,0
9900,'4480',1051,,3544,10,,,0,794,,3543,7,,,0
