4000,'4327',730,,4742,30,,,0,223,,4739,30,,,0,192,,4737,30,,,0,178,,4751,30,,,0,110,,4743,30,,,0,110,,4740,30,,,0,75,,4748,30,,,0,35,,4747,30,,,0,75,,4754,30,,,0,75,,4738,30,,,0,35,,4749,30,,,0,75,,4744,30,,,0,35,,4753,30,,,0
4000,'4332',704,,4839,30,,,0,32,,4844,30,,,0,111,,4824,30,,,0,72,,4840,30,,,0,34,,4821,30,,,0,77,,4837,30,,,0,108,,4828,30,,,0,110,,4820,30,,,0,75,,4825,30,,,0,35,,4829,30,,,0,75,,4838,30,,,0,112,,4827,30,,,0,107,,4842,30,,,0,79,,4841,30,,,0,71,,4830,30,,,0,146,,4823,30,,,0,77,,4846,30,,,0,75,,4835,30,,,0
4000,'4480',622,,4804,30,,,0,30,,4805,30,,,0,56,,4812,30,,,0,13,,4806,30,,,0,15,,4807,30,,,0,14,,4808,30,,,0,58,,4810,30,0,6 7,0,12,,4811,30,,,0,16,,4762,30,,,0,15,,4763,30,,,0,55,,4764,30,,,0,15,,4765,30,,,0,15,,4766,30,,,0,16,,4767,30,,,0,55,,4768,30,,,0,30,,4770,30,,,0,14,,4771,30,,,0,55,,4772,30,,,0,31,,4774,30,,,0,15,,4775,30,,,0,55,,4776,30,,,0,30,,4778,30,,,0,15,,4779,30,,,0,55,,4780,30,,,0,14,,4781,30,,,0,14,,4782,30,,,0,15,,4783,30,,,0,55,,4784,30,,,0,14,,4785,30,,,0,15,,4786,30,,,0,14,,4787,30,,,0,56,,4788,30,,,0,15,,4789,30,,,0,30,,4792,30,,,0,70,,4794,30,,,0,15,,4795,30,,,0,88,,4798,30,,,0,15,,4796,30,,,0,72,,4800,30,,,0,20,,4801,30,,,0,20,,4802,30,,,0,355,,4758,30,,,0,30,,4761,30,,,0,71,,4757,30,,,0
4000,'4663',2032,,5581,30,,,0
4000,'4673',1911,,4816,30,,,0,121,,5582,30,,,0,102,,4815,30,,,0
4000,'5241',1911,,4819,30,,,0,223,,4818,30,,,0
4000,'5302',847,,4752,30,,,0,181,,4755,30,,,0,72,,4741,30,,,0,113,,4756,30,,,0,35,,4750,30,,,0,110,,4746,30,,,0,148,,4745,30,,,0
4000,'5303',803,,4809,30,,,0,219,,4769,30,,,0,100,,4773,30,,,0,100,,4777,30,,,0,312,,4790,30,,,0,70,,4793,30,,,0,47,,4797,30,,,0,56,,4791,30,,,0,45,,4799,30,,,0,179,,4803,30,,,0,71,,4760,30,,,0,30,,4817,30,,,0,72,,4759,30,,,0
4000,'5304',803,,5594,30,,,0,219,,5585,30,,,0,100,,5586,30,,,0,100,,5587,30,,,0,312,,5588,30,,,0,70,,5590,30,,,0,47,,5591,30,,,0,56,,5589,30,,,0,45,,5592,30,,,0,179,,5593,30,,,0,71,,5584,30,,,0,102,,5583,30,,,0
4000,'5306',810,,5598,30,,,0,293,,5595,30,,,0,110,,5597,30,,,0,295,,5602,30,,,0,109,,5599,30,,,0,221,,5600,30,,,0,75,,5603,30,,,0,291,,5596,30,,,0,99,,5601,30,,,0
4000,'5307',847,,5608,30,,,0,181,,5609,30,,,0,72,,5604,30,,,0,113,,5610,30,,,0,35,,5607,30,,,0,110,,5606,30,,,0,148,,5605,30,,,0
4000,'5308',2032,,5611,30,,,0
