2000,'4327',821,,2749,15,,,0,218,,2752,15,,,0,219,,5472,15,,,0,260,,2753,15,,,0,225,,2750,15,,,0
2000,'4332',812,,5470,15,,,0,112,,5469,15,,,0,100,,5471,15,,,0,118,,2754,15,,,0,108,,5465,15,,,0,151,,5466,15,,,0,111,,5467,15,,,0,111,,4651,15,,,0,103,,4652,15,,,0,204,,5468,15,0,9 12 2 5,0,218,,2765,15,0,9 12 2 5,0,102,,2761,15,0,9 12 2 5,0
2000,'4480',556,,4649,15,0,9 12 2 5,0,148,,2747,15,0,9 12 2 5,0,105,,4650,15,0,9 12 2 5,0,39,,4642,15,,,0,110,,2735,15,,,0,150,,4643,15,,,0,105,,4644,15,0,9 12 2 5,0,114,,4645,15,,,0,78,,5463,15,,,0,110,,4646,15,,,0,20,,4647,15,0,9 12 2 5,0,120,,2742,15,0,9 12 2 5,0,158,,5464,15,,,0,136,,2744,15,0,9 12 2 5,0,203,,4648,15,0,9 12 2 5,0
9200,'4663',1403,,5709,11,,,0,2,,5710,11,,,0
9200,'4673',1522,,4987,11,,,0,2,,4986,11,,,0
9200,'4681',1423,,5711,11,,,0,2,,5712,11,,,0
1002000,'4327',705,,5736,21,,,0,218,,3594,21,,,0,209,,5734,21,,,0,271,,3598,21,,,0,218,,5735,21,,,0,279,,3596,21,,,0
1002000,'4332',629,,5730,21,,,0,112,,5731,21,,,0,110,,5727,21,,,0,107,,3607,21,,,0,154,,5732,21,,,0,106,,3606,21,,,0,100,,5728,21,,,0,112,,3609,21,,,0,118,,5729,21,,,0,110,,5733,21,,,0,165,,3603,21,,,0,225,,5726,21,,,0
1002000,'4480',630,,5721,21,,,0,107,,4996,21,,,0,93,,4997,21,,,0,92,,4998,21,,,0,110,,5722,21,,,0,110,,5723,21,,,0,110,,5724,21,,,0,178,,5725,21,,,0,191,,3586,21,,,0,113,,3587,21,,,0,113,,3588,21,,,0,405,,3589,21,,,0
1002000,'4663',2052,,5719,21,,,0
1002000,'4673',2052,,5720,21,,,0
1002000,'4681',2052,,5737,21,,,0
