500,'4480',815,,4460,11,0,6 7,0
500,'4663',1527,,5087,11,0,6 7,0,94,,5090,11,,,0,119,,5088,11,,,0,114,,5089,11,,,0
500,'4673',1527,,5091,11,0,6 7,0,94,,5093,11,,,0,119,,5092,11,,,0
500,'5302',856,,2215,11,,,0,150,,4458,11,,,0,112,,4456,11,,,0,100,,4457,11,,,0,130,,4459,11,,,0,104,,2214,11,,,0,156,,2221,11,,,0,110,,2220,11,,,0,110,,2222,11,,,0,110,,2218,11,,,0
500,'5303',621,,2193,11,,,0,86,,2192,11,,,0,114,,2196,11,,,0,108,,2187,11,,,0,110,,2191,11,,,0,101,,2189,11,,,0,99,,2190,11,,,0,168,,4462,11,,,0,99,,4461,11,,,0,21,,4471,11,0,6 7,0,94,,4473,11,,,0,119,,4472,11,,,0,114,,2201,11,,,0,155,,2195,11,,,0,108,,4463,11,,,0,109,,2197,11,,,0,89,,2199,11,,,0
500,'5304',621,,5100,11,,,0,86,,5099,11,,,0,114,,5103,11,,,0,108,,5094,11,,,0,110,,5098,11,,,0,101,,5096,11,,,0,99,,5097,11,,,0,168,,5101,11,,,0,99,,5095,11,,,0,503,,5102,11,,,0,108,,5105,11,,,0,109,,5104,11,,,0,89,,5106,11,,,0
500,'5305',1854,,5108,11,,,0
500,'5306',809,,5109,11,,,0,196,,5110,11,,,0,110,,5111,11,,,0,116,,5112,11,,,0,117,,5113,11,,,0,109,,5114,11,,,0,150,,5115,11,,,0,109,,5116,11,,,0,112,,5117,11,,,0,109,,5118,11,,,0,105,,5119,11,,,0,107,,5120,11,,,0,109,,5121,11,,,0
500,'5307',856,,5126,11,,,0,150,,5128,11,,,0,112,,5123,11,,,0,100,,5124,11,,,0,130,,5130,11,,,0,104,,5125,11,,,0,156,,5132,11,,,0,110,,5131,11,,,0,110,,5133,11,,,0,110,,5129,11,,,0
500,'5308',1527,,5134,11,0,6 7,0,94,,5136,11,,,0,119,,5135,11,,,0
1500,'4327',1942,,2676,13,,,0
1500,'4480',922,,2659,13,,,0,30,,2658,13,,,0,70,,2660,13,,,0,30,,4620,13,,,0,69,,4619,13,,,0,31,,4618,13,,,0,69,,4617,13,,,0,100,,2668,13,,,0,105,,2666,13,,,0,33,,2665,13,,,0,591,,4622,13,,,0
1500,'4663',1940,,5411,13,,,0
1500,'4673',1940,,5412,13,,,0
1500,'5302',800,,2682,13,,,0,113,,2681,13,,,0,110,,2679,13,,,0,111,,2677,13,,,0,109,,2683,13,,,0,109,,2675,13,,,0,150,,2678,13,,,0,110,,2674,13,,,0,110,,2684,13,,,0,109,,2680,13,,,0
1500,'5303',1351,,2667,13,,,0,480,,4621,13,,,0,109,,2673,13,,,0
1500,'5304',1351,,5413,13,,,0,480,,5414,13,,,0
1500,'5306',800,,5422,13,,,0,110,,5417,13,,,0,110,,5425,13,,,0,108,,5421,13,,,0,119,,5420,13,,,0,105,,5418,13,,,0,150,,5423,13,,,0,110,,5424,13,,,0,114,,5415,13,,,0,106,,5416,13,,,0,110,,5419,13,,,0,107,,5426,13,,,0
1500,'5307',800,,5434,13,,,0,113,,5433,13,,,0,110,,5431,13,,,0,111,,5429,13,,,0,109,,5435,13,,,0,109,,5428,13,,,0,150,,5430,13,,,0,110,,5427,13,,,0,110,,5436,13,,,0,109,,5432,13,,,0
1500,'5308',1940,,5437,13,,,0
1001500,'4480',703,,3558,18,,,0,35,,3555,18,,,0,77,,3557,18,,,0,33,,3556,18,,,0,686,,3562,18,,,0,76,,3563,18,,,0,37,,3560,18,,,0,76,,3561,18,,,0
1001500,'4673',1758,,4990,18,,,0
1001500,'5241',1758,,4991,18,,,0
1001500,'5303',1249,,4989,18,,,0
1001500,'5304',1249,,5717,18,,,0
