4000,'4327',736,,4742,36,,,0,264,,4739,36,,,0,152,,4737,36,,,0,178,,4751,36,,,0,110,,4743,36,,,0,110,,4740,36,,,0,75,,4748,36,,,0,75,,4747,36,,,0,35,,4754,36,,,0,75,,4738,36,,,0,35,,4749,36,,,0,74,,4744,36,,,0,35,,4753,36,,,0
4000,'4332',710,,4839,36,,,0,32,,4844,36,,,0,111,,4824,36,,,0,73,,4840,36,,,0,74,,4821,36,,,0,37,,4837,36,,,0,108,,4828,36,,,0,111,,4820,36,,,0,75,,4825,36,,,0,75,,4829,36,,,0,35,,4838,36,,,0,112,,4827,36,,,0,147,,4842,36,,,0,39,,4841,36,,,0,71,,4830,36,,,0,145,,4823,36,,,0,76,,4846,36,,,0,75,,4835,36,,,0
4000,'4480',629,,4804,36,,,0,30,,4805,36,,,0,56,,4812,36,,,0,13,,4806,36,,,0,15,,4807,36,,,0,16,,4808,36,,,0,59,,4810,36,0,6 7,0,11,,4811,36,,,0,16,,4762,36,,,0,55,,4763,36,,,0,15,,4764,36,,,0,15,,4765,36,,,0,15,,4766,36,,,0,55,,4767,36,,,0,15,,4768,36,,,0,30,,4770,36,,,0,14,,4771,36,,,0,55,,4772,36,,,0,31,,4774,36,,,0,55,,4775,36,,,0,15,,4776,36,,,0,30,,4778,36,,,0,55,,4779,36,,,0,15,,4780,36,,,0,14,,4781,36,,,0,15,,4782,36,,,0,15,,4783,36,,,0,55,,4784,36,,,0,14,,4785,36,,,0,15,,4786,36,,,0,14,,4787,36,,,0,56,,4788,36,,,0,15,,4789,36,,,0,30,,4792,36,,,0,70,,4794,36,,,0,15,,4795,36,,,0,87,,4798,36,,,0,15,,4796,36,,,0,72,,4800,36,,,0,20,,4801,36,,,0,20,,4802,36,,,0,354,,4758,36,,,0,29,,4761,36,,,0,71,,4757,36,,,0
4000,'4663',2039,,5581,36,,,0
4000,'4673',1919,,4816,36,,,0,120,,5582,36,,,0,102,,4815,36,,,0
4000,'5241',1919,,4819,36,,,0,222,,4818,36,,,0
4000,'5302',853,,4752,36,,,0,182,,4755,36,,,0,72,,4741,36,,,0,113,,4756,36,,,0,35,,4750,36,,,0,150,,4746,36,,,0,108,,4745,36,,,0
4000,'5303',813,,4809,36,,,0,217,,4769,36,,,0,100,,4773,36,,,0,100,,4777,36,,,0,313,,4790,36,,,0,70,,4793,36,,,0,87,,4797,36,,,0,15,,4791,36,,,0,85,,4799,36,,,0,139,,4803,36,,,0,70,,4760,36,,,0,30,,4817,36,,,0,72,,4759,36,,,0
4000,'5304',813,,5594,36,,,0,217,,5585,36,,,0,100,,5586,36,,,0,100,,5587,36,,,0,313,,5588,36,,,0,70,,5590,36,,,0,87,,5591,36,,,0,15,,5589,36,,,0,85,,5592,36,,,0,139,,5593,36,,,0,70,,5584,36,,,0,102,,5583,36,,,0
4000,'5306',816,,5598,36,,,0,294,,5595,36,,,0,110,,5597,36,,,0,296,,5602,36,,,0,109,,5599,36,,,0,221,,5600,36,,,0,74,,5603,36,,,0,290,,5596,36,,,0,99,,5601,36,,,0
4000,'5307',853,,5608,36,,,0,182,,5609,36,,,0,72,,5604,36,,,0,113,,5610,36,,,0,35,,5607,36,,,0,150,,5606,36,,,0,108,,5605,36,,,0
4000,'5308',2039,,5611,36,,,0
