3001,'4327',816,,2937,22,,,0,342,,2940,22,,,0,259,,2941,22,,,0,221,,2933,22,,,0,214,,4691,22,,,0,155,,2936,22,,,0
3001,'4332',859,,2952,22,,,0,77,,4706,22,,,0,113,,2951,22,,,0,297,,2943,22,,,0,106,,2950,22,,,0,188,,4704,22,,,0,108,,4702,22,,,0,110,,2947,22,,,0,75,,2949,22,,,0,108,,4708,22,,,0
3001,'4480',639,,4698,22,,,0,86,,4697,22,,,0,78,,2922,22,,,0,18,,2924,22,,,0,17,,2921,22,,,0,18,,2925,22,,,0,91,,2900,22,,,0,75,,2901,22,,,0,35,,2902,22,,,0,75,,2903,22,,,0,76,,2904,22,,,0,35,,2906,22,,,0,75,,2907,22,,,0,35,,2908,22,,,0,75,,4695,22,,,0,76,,2909,22,,,0,37,,2910,22,,,0,108,,2911,22,,,0,109,,2913,22,,,0,149,,2915,22,,,0,35,,2917,22,,,0,406,,2919,22,,,0
3001,'4663',1615,,5524,22,,,0,536,,5525,22,,,0
3001,'4673',2151,,5526,22,,,0
3001,'5302',937,,4692,22,,,0,110,,2931,22,,,0,260,,4693,22,,,0,222,,4694,22,,,0,220,,2935,22,,,0
3001,'5303',913,,2899,22,,,0,702,,2926,22,,,0,109,,2912,22,,,0,108,,2914,22,,,0,218,,2918,22,,,0,101,,4701,22,,,0,97,,4696,22,,,0
3001,'5304',913,,5527,22,,,0,811,,5528,22,,,0,108,,5529,22,,,0,218,,5531,22,,,0,198,,5530,22,,,0
3001,'5305',1615,,5532,22,,,0
3001,'5306',751,,5541,22,,,0,261,,5537,22,,,0,112,,5538,22,,,0,35,,5534,22,,,0,76,,5543,22,,,0,75,,5544,22,,,0,111,,5535,22,,,0,108,,5540,22,,,0,75,,5539,22,,,0,109,,5546,22,,,0,110,,5545,22,,,0,327,,5533,22,,,0,100,,5542,22,,,0,101,,5536,22,,,0
3001,'5307',937,,5548,22,,,0,110,,5547,22,,,0,260,,5550,22,,,0,222,,5551,22,,,0,220,,5549,22,,,0
3001,'5308',2151,,5552,22,,,0
