3001,'4327',823,,2937,32,,,0,11,,2937,43,,,0,371,,2940,32,,,0,11,,2940,43,,,0,208,,2941,32,,,0,12,,2941,43,,,0,208,,2933,32,,,0,11,,2933,43,,,0,203,,4691,32,,,0,50,,4691,43,,,0,105,,2936,32,,,0,10,,2936,43,,,0
3001,'4332',906,,2952,32,,,0,10,,2952,43,,,0,27,,4706,32,,,0,10,,4706,43,,,0,103,,2951,32,,,0,50,,2951,43,,,0,247,,2943,32,,,0,52,,2943,43,,,0,54,,2950,32,,,0,52,,2950,43,,,0,135,,4704,32,,,0,11,,4704,43,,,0,97,,4702,32,,,0,51,,4702,43,,,0,99,,2947,32,,,0,10,,2947,43,,,0,25,,2949,32,,,0,10,,2949,43,,,0,98,,4708,32,,,0,10,,4708,43,,,0
3001,'4480',646,,4698,32,,,0,10,,4698,43,,,0,76,,4697,32,,,0,11,,4697,43,,,0,68,,2922,32,,,0,11,,2922,43,,,0,7,,2924,32,,,0,11,,2924,43,,,0,5,,2921,32,,,0,11,,2921,43,,,0,47,,2925,32,,,0,10,,2925,43,,,0,41,,2900,32,,,0,51,,2900,43,,,0,24,,2901,32,,,0,11,,2901,43,,,0,64,,2902,32,,,0,11,,2902,43,,,0,24,,2903,32,,,0,11,,2903,43,,,0,65,,2904,32,,,0,11,,2904,43,,,0,24,,2906,32,,,0,51,,2906,43,,,0,24,,2907,32,,,0,11,,2907,43,,,0,65,,2908,32,,,0,11,,2908,43,,,0,24,,4695,32,,,0,12,,4695,43,,,0,64,,2909,32,,,0,12,,2909,43,,,0,25,,2910,32,,,0,52,,2910,43,,,0,56,,2911,32,,,0,51,,2911,43,,,0,97,,2913,32,,,0,11,,2913,43,,,0,98,,2915,32,,,0,10,,2915,43,,,0,25,,2917,32,,,0,10,,2917,43,,,0,396,,2919,32,,,0,49,,2919,43,,,0
3001,'4663',1623,,5524,32,,,0,12,,5524,43,,,0,523,,5525,32,,,0,49,,5525,43,,,0
3001,'4673',2158,,5526,32,,,0,49,,5526,43,,,0
3001,'5302',944,,4692,32,,,0,11,,4692,43,,,0,99,,2931,32,,,0,51,,2931,43,,,0,209,,4693,32,,,0,12,,4693,43,,,0,210,,4694,32,,,0,12,,4694,43,,,0,207,,2935,32,,,0,50,,2935,43,,,0
3001,'5303',920,,2899,32,,,0,10,,2899,43,,,0,693,,2926,32,,,0,12,,2926,43,,,0,96,,2912,32,,,0,11,,2912,43,,,0,97,,2914,32,,,0,11,,2914,43,,,0,207,,2918,32,,,0,50,,2918,43,,,0,51,,4701,32,,,0,49,,4701,43,,,0,48,,4696,32,,,0,49,,4696,43,,,0
3001,'5304',920,,5527,32,,,0,10,,5527,43,,,0,801,,5528,32,,,0,11,,5528,43,,,0,97,,5529,32,,,0,11,,5529,43,,,0,207,,5531,32,,,0,50,,5531,43,,,0,148,,5530,32,,,0,49,,5530,43,,,0
3001,'5305',1623,,5532,32,,,0,12,,5532,43,,,0
3001,'5306',758,,5541,32,,,0,50,,5541,43,,,0,211,,5537,32,,,0,10,,5537,43,,,0,102,,5538,32,,,0,10,,5538,43,,,0,65,,5534,32,,,0,12,,5534,43,,,0,24,,5543,32,,,0,12,,5543,43,,,0,63,,5544,32,,,0,12,,5544,43,,,0,99,,5535,32,,,0,12,,5535,43,,,0,96,,5540,32,,,0,12,,5540,43,,,0,63,,5539,32,,,0,12,,5539,43,,,0,96,,5546,32,,,0,11,,5546,43,,,0,99,,5545,32,,,0,11,,5545,43,,,0,316,,5533,32,,,0,50,,5533,43,,,0,50,,5542,32,,,0,50,,5542,43,,,0,51,,5536,32,,,0,50,,5536,43,,,0
3001,'5307',944,,5548,32,,,0,11,,5548,43,,,0,99,,5547,32,,,0,51,,5547,43,,,0,209,,5550,32,,,0,12,,5550,43,,,0,210,,5551,32,,,0,12,,5551,43,,,0,207,,5549,32,,,0,50,,5549,43,,,0
3001,'5308',2158,,5552,32,,,0,49,,5552,43,,,0
