701,'4327',726,,2454,18,,,0,109,,3860,18,,,0,121,,2459,18,,,0,144,,2455,18,,,0,111,,3859,18,,,0,106,,2452,18,,,0,109,,2456,18,,,0,112,,2450,18,,,0,111,,2458,18,,,0,106,,2457,18,,,0,150,,2451,18,,,0,105,,2449,18,,,0
701,'4332',725,,2466,18,,,0,110,,3866,18,,,0,110,,2471,18,,,0,111,,3861,18,,,0,152,,3867,18,,,0,109,,3868,18,,,0,112,,3862,18,,,0,104,,3864,18,,,0,120,,3865,18,,,0,102,,2472,18,,,0,150,,3863,18,,,0,105,,3869,18,,,0,105,,3870,18,,,0,108,,2470,18,,,0,127,,2475,18,,,0
701,'4480',719,,2444,18,,,0,104,,2428,18,,,0,616,,2435,18,,,0,105,,2429,18,,,0,279,,2438,18,,,0,80,,2443,18,,,0,301,,2441,18,,,0,152,,2426,18,,,0
701,'4663',1749,,2445,18,,,0
701,'4673',1749,,2447,18,,,0
701,'4681',1749,,2448,18,,,0
701,'5135',1634,,3871,18,,,0
701,'5214',619,,2433,5,,,0,84,,2440,18,,,0,45,,2432,18,,,0,188,,2430,18,,,0,115,,2439,18,,,0,158,,2427,18,,,0,115,,2431,18,,,0,310,,2446,18,,,0,75,,2436,18,,,0,229,,2434,18,,,0,115,,2437,18,,,0,270,,2442,18,,,0
701,'5216',619,,3876,5,,,0,84,,3881,18,,,0,45,,3875,18,,,0,188,,3873,18,,,0,115,,3880,18,,,0,158,,3872,18,,,0,115,,3874,18,,,0,385,,3878,18,,,0,229,,3877,18,,,0,115,,3879,18,,,0,270,,3882,18,,,0
701,'5219',1634,,3883,18,,,0
