4001,'4327',652,,3226,3,,,0,106,,3214,3,,,0,268,,3223,3,,,0,111,,3210,3,,,0,109,,4848,3,,,0,110,,3211,3,,,0,75,,3219,3,,,0,77,,3215,3,,,0,110,,3209,3,,,0,111,,4852,3,,,0,75,,4856,3,,,0,110,,4849,3,,,0,35,,4851,3,,,0
4001,'4332',731,,3243,3,,,0,107,,3248,3,,,0,113,,4917,3,,,0,76,,4906,3,,,0,74,,4918,3,,,0,36,,4909,3,,,0,75,,3237,3,,,0,35,,3238,3,,,0,182,,3245,3,,,0,78,,3239,3,,,0,35,,4916,3,,,0,75,,4910,3,,,0,109,,4915,3,,,0,110,,4911,3,,,0,110,,3252,3,,,0,110,,4919,3,,,0,75,,4914,3,,,0,101,,4907,3,,,0
4001,'4480',622,,3199,3,,,0,30,,4898,3,,,0,71,,4902,3,,,0,16,,4899,3,,,0,15,,4900,3,,,0,55,,4901,3,,,0,18,,4865,3,,,0,30,,4869,3,,,0,55,,4870,3,,,0,15,,4866,3,,,0,15,,4867,3,,,0,70,,4872,3,,,0,15,,4873,3,,,0,15,,4874,3,,,0,15,,4875,3,,,0,55,,4876,3,,,0,15,,4877,3,,,0,15,,3172,3,,,0,16,,4878,3,,,0,85,,4879,3,,,0,70,,4880,3,,,0,15,,4881,3,,,0,15,,4882,3,,,0,70,,4884,3,,,0,15,,4885,3,,,0,15,,4886,3,,,0,15,,4887,3,,,0,55,,4888,3,,,0,15,,4889,3,,,0,30,,4890,3,,,0,55,,4891,3,,,0,15,,3191,3,,,0,30,,4903,3,,,0,55,,4895,3,,,0,15,,3196,3,,,0,30,,4894,3,,,0,55,,4896,3,,,0,92,,4864,3,,,0,20,,4860,3,,,0,108,,3151,3,,,0,101,,4859,3,,,0,70,,4862,3,,,0,30,,4858,3,,,0,70,,4861,3,,,0,30,,4857,3,,,0
4001,'4673',2004,,4904,3,,,0
4001,'5241',2004,,4905,3,,,0
4001,'5302',916,,4853,3,,,0,186,,4850,3,,,0,112,,4847,3,,,0,107,,4855,3,,,0,216,,3218,3,,,0,116,,4854,3,,,0,180,,3212,3,,,0
4001,'5303',842,,4868,3,,,0,115,,4871,3,,,0,256,,3174,3,,,0,15,,3175,3,,,0,30,,3177,3,,,0,100,,4883,3,,,0,185,,3188,3,,,0,100,,4892,3,,,0,100,,4893,3,,,0,85,,4897,3,,,0,17,,3158,3,,,0,100,,4863,3,,,0,158,,3155,3,,,0
4001,'5304',842,,5615,3,,,0,115,,5616,3,,,0,256,,5617,3,,,0,15,,5618,3,,,0,30,,5619,3,,,0,100,,5620,3,,,0,185,,5621,3,,,0,100,,5622,3,,,0,100,,5623,3,,,0,85,,5624,3,,,0,17,,5614,3,,,0,100,,5613,3,,,0,158,,5612,3,,,0
4001,'5306',648,,5634,3,,,0,157,,5633,3,,,0,109,,5630,3,,,0,409,,5632,3,,,0,35,,5625,3,,,0,293,,5631,3,,,0,151,,5627,3,,,0,109,,5626,3,,,0,110,,5628,3,,,0,312,,5629,3,,,0
4001,'5307',916,,5639,3,,,0,186,,5637,3,,,0,112,,5635,3,,,0,107,,5641,3,,,0,216,,5638,3,,,0,116,,5640,3,,,0,180,,5636,3,,,0
