500,'4327',858,,2215,13,,,0,150,,3747,13,,,0,112,,3745,13,,,0,100,,3746,13,,,0,130,,3748,13,,,0,104,,2214,13,,,0,156,,2221,13,,,0,110,,2220,13,,,0,110,,2222,13,,,0,110,,2218,13,,,0
500,'4332',811,,3749,13,,,0,196,,3750,13,,,0,110,,3751,13,,,0,116,,3752,13,,,0,117,,3753,13,,,0,109,,3754,13,,,0,150,,3755,13,,,0,109,,3756,13,,,0,112,,3757,13,,,0,109,,3758,13,,,0,105,,3759,13,,,0,107,,3760,13,,,0,149,,3761,13,,,0
500,'4480',623,,2193,13,,,0,86,,2192,13,,,0,109,,3768,13,0,6 7,0,6,,2196,13,,,0,107,,2187,13,,,0,110,,2191,13,,,0,101,,2189,13,,,0,99,,2190,13,,,0,168,,3770,13,,,0,99,,3769,13,,,0,503,,2195,13,,,0,108,,3771,13,,,0,109,,2197,13,,,0,89,,2199,13,,,0
500,'4661',1856,,2201,13,,,0
500,'4663',1529,,3762,13,0,6 7,0,94,,3764,13,,,0,119,,3763,13,,,0,114,,2204,13,,,0
500,'4673',1529,,3773,13,0,6 7,0,94,,3775,13,,,0,119,,3774,13,,,0
500,'4681',1529,,3765,13,0,6 7,0,94,,3767,13,,,0,119,,3766,13,,,0
1500,'4327',801,,2682,15,,,0,113,,2681,15,,,0,110,,2679,15,,,0,111,,2677,15,,,0,109,,2683,15,,,0,109,,2675,15,,,0,150,,2678,15,,,0,110,,2674,15,,,0,110,,2684,15,,,0,109,,2680,15,,,0,111,,2676,15,,,0
1500,'4332',801,,2692,15,,,0,110,,2687,15,,,0,110,,2695,15,,,0,108,,2691,15,,,0,119,,3941,15,,,0,105,,2688,15,,,0,150,,3942,15,,,0,110,,2694,15,,,0,114,,3938,15,,,0,106,,3939,15,,,0,110,,3940,15,,,0,107,,3943,15,,,0
1500,'4480',923,,2659,15,,,0,30,,2658,15,,,0,70,,2660,15,,,0,30,,3947,15,,,0,69,,3946,15,,,0,31,,3945,15,,,0,69,,3944,15,,,0,100,,2668,15,,,0,30,,2667,15,,,0,75,,2666,15,,,0,74,,2665,15,,,0,331,,3948,15,,,0,219,,3949,15,,,0
1500,'4663',1941,,2671,15,,,0
1500,'4673',1941,,2672,15,,,0
1500,'4681',1941,,2673,15,,,0
1001500,'4480',705,,3558,20,,,0,36,,3555,20,,,0,77,,3557,20,,,0,32,,3556,20,,,0,402,,4335,20,,,0,285,,3562,20,,,0,76,,3563,20,,,0,37,,3560,20,,,0,76,,3561,20,,,0
1001500,'4673',1801,,4336,20,,,0
1001500,'5135',1801,,4334,20,,,0
