3000,'4327',738,,2869,42,,,0,117,,4678,42,,,0,146,,4677,42,,,0,108,,2872,42,,,0,114,,2863,42,,,0,110,,2865,42,,,0,110,,2871,42,,,0,109,,2866,42,,,0,150,,4676,42,,,0,110,,2864,42,,,0
3000,'4332',819,,2896,42,,,0,37,,4687,42,,,0,72,,2887,42,,,0,74,,4686,42,,,0,145,,2895,42,,,0,76,,2894,42,,,0,110,,2881,42,,,0,75,,2876,42,,,0,35,,4685,42,,,0,75,,2890,42,,,0,38,,4683,42,,,0,146,,2884,42,,,0,109,,2883,42,,,0,298,,2878,42,,,0,104,,4690,42,,,0
3000,'4480',643,,4680,42,,,0,93,,2855,42,,,0,19,,2850,42,,,0,58,,2856,42,,,0,34,,2857,42,,,0,58,,2851,42,,,0,34,,2832,42,,,0,75,,2833,42,,,0,35,,2834,42,,,0,75,,2835,42,,,0,35,,2836,42,,,0,75,,2837,42,,,0,75,,2838,42,,,0,35,,2839,42,,,0,74,,2840,42,,,0,36,,2841,42,,,0,150,,2842,42,,,0,110,,2843,42,,,0,113,,2844,42,,,0,75,,2845,42,,,0,211,,4679,42,,,0,201,,2849,42,,,0
3000,'4663',1529,,5506,42,,,0,223,,5507,42,,,0
3000,'4673',1639,,4681,42,,,0
3000,'5241',1639,,4682,42,,,0
3000,'5302',1921,,2870,42,,,0
3000,'5303',719,,2854,42,,,0,111,,2853,42,,,0,699,,2858,42,,,0,223,,2859,42,,,0,259,,2846,42,,,0,202,,2848,42,,,0
3000,'5304',719,,5511,42,,,0,111,,5510,42,,,0,1181,,5508,42,,,0,202,,5509,42,,,0
3000,'5305',1529,,5512,42,,,0,223,,5513,42,,,0
3000,'5306',713,,5519,42,,,0,326,,5518,42,,,0,73,,5517,42,,,0,146,,5522,42,,,0,369,,5521,42,,,0,114,,5514,42,,,0,106,,5515,42,,,0,110,,5520,42,,,0,355,,5516,42,,,0
3000,'5307',1921,,5523,42,,,0
