700,'4327',743,,2403,19,,,0,110,,4524,19,,,0,265,,2404,19,,,0,111,,4523,19,,,0,106,,2401,19,,,0,221,,2399,19,,,0,257,,2406,19,,,0,215,,2398,19,,,0
700,'4332',853,,4542,19,,,0,150,,2420,19,,,0,111,,4538,19,,,0,437,,4540,19,,,0,160,,4541,19,,,0,695,,2424,19,,,0
700,'4480',638,,4528,19,,,0,85,,4533,19,,,0,87,,4529,19,,,0,147,,4527,19,,,0,155,,4532,19,,,0,115,,4525,19,,,0,115,,4526,19,,,0,115,,2384,19,,,0,145,,2385,19,,,0,237,,2382,19,,,0,115,,4531,19,,,0,155,,4534,19,,,0,111,,2389,19,,,0,192,,2375,19,,,0
700,'4663',1805,,5275,19,,,0
700,'4673',1650,,4536,19,,,0,155,,5276,19,,,0
700,'5241',1650,,4537,19,,,0
700,'5302',1014,,2408,19,,,0,430,,2405,19,,,0,263,,2407,19,,,0,216,,2400,19,,,0
700,'5303',741,,2393,19,,,0,103,,2377,19,,,0,881,,4530,19,,,0,80,,2397,19,,,0,114,,2392,19,,,0,420,,4535,19,,,0
700,'5304',741,,5281,19,,,0,103,,5277,19,,,0,881,,5278,19,,,0,194,,5280,19,,,0,420,,5279,19,,,0
700,'5306',743,,5284,19,,,0,483,,5285,19,,,0,109,,5286,19,,,0,112,,5282,19,,,0,366,,5288,19,,,0,110,,5283,19,,,0,105,,5289,19,,,0,105,,5290,19,,,0,107,,5287,19,,,0
700,'5307',1014,,5294,19,,,0,430,,5292,19,,,0,263,,5293,19,,,0,216,,5291,19,,,0
700,'5308',1805,,5295,19,,,0
