2500,'4327',814,,3989,26,0,5,0,210,,3990,26,,,0,215,,2807,26,,,0,515,,2808,26,0,5,0,260,,2809,26,,,0
2500,'4332',814,,3992,26,0,5,0,210,,3994,26,,,0,215,,3993,26,,,0,515,,3995,26,0,5,0,260,,3991,26,,,0
2500,'4480',818,,2800,26,0,5,0,207,,2801,26,,,0,226,,2802,26,0,5,0,498,,2804,26,,,0
2500,'5214',1416,,2803,26,,,0
2500,'5216',1416,,3996,26,,,0
4000,'4327',750,,4080,51,,,0,158,,4090,51,,,0,108,,4077,51,,,0,35,,4093,51,,,0,72,,4079,51,,,0,85,,4075,51,,,0,28,,4094,51,,,0,75,,4088,51,,,0,35,,4089,51,,,0,75,,4084,51,,,0,35,,4081,51,,,0,73,,4083,51,,,0,77,,4078,51,,,0,35,,4086,51,,,0,75,,4085,51,,,0,35,,4092,51,,,0,75,,4076,51,,,0,74,,4087,51,,,0,34,,4082,51,,,0,75,,4091,51,,,0
4000,'4332',725,,4114,51,,,0,32,,4119,51,,,0,75,,4107,51,,,0,77,,4099,51,,,0,33,,4115,51,,,0,75,,4096,51,,,0,37,,4112,51,,,0,73,,4097,51,,,0,75,,4103,51,,,0,35,,4106,51,,,0,76,,4095,51,,,0,35,,4100,51,,,0,75,,4104,51,,,0,35,,4113,51,,,0,75,,4118,51,,,0,77,,4102,51,,,0,32,,4108,51,,,0,75,,4117,51,,,0,39,,4116,51,,,0,71,,4105,51,,,0,75,,4109,51,,,0,34,,4120,51,,,0,75,,4098,51,,,0,36,,4121,51,,,0,75,,4110,51,,,0,104,,4101,51,,,0,99,,4111,51,,,0
4000,'4663',2055,,4122,51,,,0
4000,'4681',2055,,4123,51,,,0
4000,'5135',1935,,4125,51,,,0,221,,4124,51,,,0
4000,'5214',644,,3085,51,,,0,70,,3086,51,,,0,16,,3093,51,,,0,14,,3087,51,,,0,15,,3088,51,,,0,57,,3089,51,,,0,15,,3090,51,,,0,15,,3092,51,,,0,55,,3043,51,,,0,15,,3044,51,,,0,15,,3045,51,,,0,15,,3046,51,,,0,55,,3047,51,,,0,15,,3048,51,,,0,15,,3049,51,,,0,15,,3050,51,,,0,55,,3051,51,,,0,15,,3052,51,,,0,15,,3053,51,,,0,16,,3054,51,,,0,55,,3055,51,,,0,15,,3056,51,,,0,15,,3057,51,,,0,15,,3058,51,,,0,55,,3059,51,,,0,15,,3060,51,,,0,15,,3061,51,,,0,15,,3062,51,,,0,55,,3063,51,,,0,15,,3064,51,,,0,15,,3065,51,,,0,15,,3066,51,,,0,55,,3067,51,,,0,15,,3068,51,,,0,15,,3069,51,,,0,15,,3070,51,,,0,55,,3071,51,,,0,15,,3073,51,,,0,15,,3074,51,,,0,15,,3075,51,,,0,55,,3076,51,,,0,15,,3078,51,,,0,15,,3072,51,,,0,15,,3079,51,,,0,55,,3077,51,,,0,15,,3080,51,,,0,17,,3081,51,,,0,20,,3082,51,,,0,60,,3083,51,,,0,21,,3097,51,,,0,20,,3084,51,,,0,70,,3041,51,,,0,30,,3095,51,,,0,72,,3040,51,,,0,29,,3096,51,,,0,70,,3039,51,,,0,29,,3042,51,,,0,71,,3038,51,,,0
4000,'5216',644,,4173,51,,,0,70,,4174,51,,,0,16,,4181,51,,,0,14,,4175,51,,,0,15,,4176,51,,,0,57,,4177,51,,,0,15,,4178,51,,,0,15,,4180,51,,,0,55,,4131,51,,,0,15,,4132,51,,,0,15,,4133,51,,,0,15,,4134,51,,,0,55,,4135,51,,,0,15,,4136,51,,,0,15,,4137,51,,,0,15,,4138,51,,,0,55,,4139,51,,,0,15,,4140,51,,,0,15,,4141,51,,,0,16,,4142,51,,,0,55,,4143,51,,,0,15,,4144,51,,,0,15,,4145,51,,,0,15,,4146,51,,,0,55,,4147,51,,,0,15,,4148,51,,,0,15,,4149,51,,,0,15,,4150,51,,,0,55,,4151,51,,,0,15,,4152,51,,,0,15,,4153,51,,,0,15,,4154,51,,,0,55,,4155,51,,,0,15,,4156,51,,,0,15,,4157,51,,,0,15,,4158,51,,,0,55,,4159,51,,,0,15,,4161,51,,,0,15,,4162,51,,,0,15,,4163,51,,,0,55,,4164,51,,,0,15,,4166,51,,,0,15,,4160,51,,,0,15,,4167,51,,,0,55,,4165,51,,,0,15,,4168,51,,,0,17,,4169,51,,,0,20,,4170,51,,,0,60,,4171,51,,,0,41,,4172,51,,,0,70,,4129,51,,,0,102,,4128,51,,,0,99,,4127,51,,,0,29,,4130,51,,,0,71,,4126,51,,,0
4000,'5219',1935,,4184,51,,,0,120,,4182,51,,,0,101,,4183,51,,,0
