2001,'4332',914,,5485,5,,,0,88,,2799,5,,,0,105,,4660,5,,,0,127,,5481,5,,,0,115,,5486,5,,,0,102,,5483,5,,,0,107,,2797,5,,,0,144,,5484,5,,,0,111,,2790,5,,,0,324,,2794,5,0,9 10 11,0,200,,5482,5,0,9 10 11,0
2001,'4480',643,,5480,5,,,0,86,,4659,5,0,9 10 11,0,71,,2777,5,0,9 10 11,0,105,,2766,5,,,0,109,,4653,5,,,0,110,,4654,5,,,0,110,,4655,5,,,0,220,,5477,5,0,9 10 11,0,150,,2771,5,,,0,110,,2772,5,,,0,220,,5478,5,,,0,404,,5479,5,0,9 10 11,0
2001,'4661',1820,,5475,5,0,9 10 11,0,319,,5476,5,0,9 10 11,0
2001,'4663',1820,,5473,5,0,9 10 11,0,319,,5474,5,0,9 10 11,0
2501,'4332',819,,4673,5,,,0,220,,5502,6,,,0,215,,5501,6,,,0,505,,4675,5,,,0,270,,5500,6,,,0
2501,'4480',823,,2815,5,,,0,216,,2816,6,,,0,217,,4669,5,,,0,174,,4670,6,,,0,373,,5499,6,,,0
2501,'4661',2028,,4671,5,,,0
2501,'4663',2028,,4672,5,,,0
1002001,'4332',715,,5745,5,,,0,113,,5746,5,,,0,111,,5743,5,,,0,111,,5744,5,,,0,103,,5016,5,,,0,156,,5749,5,,,0,110,,3632,5,,,0,104,,5747,5,,,0,117,,3633,5,,,0,109,,5748,5,,,0,164,,5013,5,,,0,103,,5750,5,,,0,219,,5015,5,,,0
1002001,'4480',718,,5004,5,,,0,111,,5005,5,,,0,94,,5006,5,,,0,126,,5738,5,,,0,110,,5739,5,,,0,150,,3616,5,,,0,35,,5740,5,,,0,75,,5008,5,,,0,110,,5741,5,,,0,110,,5009,5,,,0,112,,5742,5,,,0,108,,3622,5,,,0,178,,5011,5,,,0,201,,3624,5,,,0
