4001,'4327',710,,3226,18,,,0,106,,3214,18,,,0,229,,3223,18,,,0,111,,3210,18,,,0,149,,4848,18,,,0,110,,3211,18,,,0,35,,3219,18,,,0,77,,3215,18,,,0,110,,3209,18,,,0,110,,4852,18,,,0,75,,4856,18,,,0,110,,4849,18,,,0,75,,4851,18,,,0
4001,'4332',750,,3243,18,,,0,107,,3248,18,,,0,153,,4917,18,,,0,36,,4906,18,,,0,75,,4918,18,,,0,36,,4909,18,,,0,75,,3237,18,,,0,75,,3238,18,,,0,142,,3245,18,,,0,78,,3239,18,,,0,75,,4916,18,,,0,35,,4910,18,,,0,109,,4915,18,,,0,110,,4911,18,,,0,150,,3252,18,,,0,108,,4919,18,,,0,35,,4914,18,,,0,100,,4907,18,,,0
4001,'4480',638,,3199,18,,,0,72,,4898,18,,,0,31,,4902,18,,,0,16,,4899,18,,,0,55,,4900,18,,,0,18,,4901,18,,,0,16,,4865,18,,,0,69,,4869,18,,,0,15,,4870,18,,,0,15,,4866,18,,,0,55,,4867,18,,,0,30,,4872,18,,,0,15,,4873,18,,,0,55,,4874,18,,,0,15,,4875,18,,,0,15,,4876,18,,,0,15,,4877,18,,,0,55,,3172,18,,,0,17,,4878,18,,,0,85,,4879,18,,,0,30,,4880,18,,,0,15,,4881,18,,,0,55,,4882,18,,,0,30,,4884,18,,,0,15,,4885,18,,,0,55,,4886,18,,,0,15,,4887,18,,,0,15,,4888,18,,,0,15,,4889,18,,,0,70,,4890,18,,,0,15,,4891,18,,,0,15,,3191,18,,,0,70,,4903,18,,,0,15,,4895,18,,,0,15,,3196,18,,,0,69,,4894,18,,,0,15,,4896,18,,,0,92,,4864,18,,,0,20,,4860,18,,,0,108,,3151,18,,,0,100,,4859,18,,,0,69,,4862,18,,,0,29,,4858,18,,,0,70,,4861,18,,,0,30,,4857,18,,,0
4001,'4673',2022,,4904,18,,,0
4001,'5241',2022,,4905,18,,,0
4001,'5302',935,,4853,18,,,0,186,,4850,18,,,0,112,,4847,18,,,0,107,,4855,18,,,0,216,,3218,18,,,0,156,,4854,18,,,0,139,,3212,18,,,0
4001,'5303',901,,4868,18,,,0,114,,4871,18,,,0,217,,3174,18,,,0,15,,3175,18,,,0,70,,3177,18,,,0,100,,4883,18,,,0,185,,3188,18,,,0,100,,4892,18,,,0,99,,4893,18,,,0,45,,4897,18,,,0,57,,3158,18,,,0,100,,4863,18,,,0,118,,3155,18,,,0
4001,'5304',901,,5615,18,,,0,114,,5616,18,,,0,217,,5617,18,,,0,15,,5618,18,,,0,70,,5619,18,,,0,100,,5620,18,,,0,185,,5621,18,,,0,100,,5622,18,,,0,99,,5623,18,,,0,45,,5624,18,,,0,57,,5614,18,,,0,100,,5613,18,,,0,118,,5612,18,,,0
4001,'5306',707,,5634,18,,,0,117,,5633,18,,,0,109,,5630,18,,,0,410,,5632,18,,,0,75,,5625,18,,,0,293,,5631,18,,,0,111,,5627,18,,,0,109,,5626,18,,,0,109,,5628,18,,,0,310,,5629,18,,,0
4001,'5307',935,,5639,18,,,0,186,,5637,18,,,0,112,,5635,18,,,0,107,,5641,18,,,0,216,,5638,18,,,0,156,,5640,18,,,0,139,,5636,18,,,0
