2001,'4327',931,,2784,40,,,0,228,,2786,40,,,0,258,,2785,40,,,0,208,,2787,40,,,0,224,,2788,40,,,0
2001,'4332',941,,2795,40,,,0,88,,2799,40,,,0,105,,3980,40,,,0,168,,2789,40,,,0,115,,3981,40,,,0,102,,2792,40,,,0,106,,2797,40,,,0,103,,2793,40,,,0,110,,2790,40,,,0,377,,2794,57,,,0,197,,3979,57,,,0
2001,'4480',845,,2777,57,,,0,87,,2766,40,,,0,700,,2771,40,,,0,110,,2772,40,,,0,673,,2774,57,,,0
2001,'4663',1900,,2778,57,,,0,318,,2779,57,,,0
2001,'4673',1900,,2780,57,,,0,318,,2781,57,,,0
2001,'4681',1900,,2782,57,,,0,318,,2783,57,,,0
2001,'5214',709,,2775,40,,,0,105,,2776,57,,,0,227,,2767,40,,,0,110,,2768,40,,,0,151,,2769,40,,,0,240,,2770,57,,,0,417,,2773,40,,,0
2001,'5216',709,,3987,40,,,0,105,,3988,57,,,0,227,,3982,40,,,0,110,,3983,40,,,0,151,,3984,40,,,0,240,,3985,57,,,0,417,,3986,40,,,0
1002001,'4327',828,,3630,57,,,0,214,,3629,57,,,0,271,,4350,57,,,0,222,,4351,57,,,0,217,,3626,57,,,0,304,,3628,57,,,0
1002001,'4332',752,,4353,57,,,0,153,,4354,57,,,0,112,,3631,57,,,0,111,,4352,57,,,0,103,,4360,57,,,0,117,,4359,57,,,0,110,,3632,57,,,0,144,,4356,57,,,0,116,,3633,57,,,0,109,,4357,57,,,0,124,,4355,57,,,0,102,,4361,57,,,0,259,,4358,57,,,0
1002001,'4480',1114,,3614,40,,,0,221,,3616,40,,,0,96,,3617,57,,,0,182,,3619,57,,,0,310,,3622,40,,,0,392,,3624,57,,,0
1002001,'5214',743,,3611,40,,,0,111,,3612,40,,,0,150,,3613,57,,,0,220,,3615,40,,,0,283,,3618,57,,,0,214,,3620,57,,,0,95,,3621,40,,,0,299,,3623,57,,,0
1002001,'5216',743,,4362,40,,,0,111,,4363,40,,,0,150,,4364,57,,,0,220,,4365,40,,,0,283,,4366,57,,,0,214,,4367,57,,,0,95,,4368,40,,,0,299,,4369,57,,,0
