501,'4327',838,,2264,12,,,0,110,,4480,12,,,0,152,,4478,12,,,0,100,,4479,12,,,0,130,,4481,12,,,0,104,,2263,12,,,0,116,,2270,12,,,0,150,,2269,12,,,0,110,,2271,12,,,0,110,,2267,12,,,0,110,,2265,12,,,0
501,'4332',751,,3781,11,,,0,196,,3782,11,,,0,109,,3783,11,,,0,156,,3784,11,,,0,226,,3786,11,,,0,219,,3788,11,,,0,152,,3789,11,,,0,322,,3792,11,,,0,109,,3780,11,,,0
501,'4480',648,,2241,12,,,0,111,,2245,12,,,0,150,,2237,12,,,0,110,,2242,12,,,0,101,,2239,12,,,0,99,,2240,12,,,0,128,,4483,12,,,0,98,,4482,12,,,0,504,,2243,12,,,0,109,,4484,12,,,0,150,,2246,12,,,0,49,,2248,12,,,0
501,'4661',1834,,2250,12,,,0
501,'4663',1600,,4487,12,,,0,119,,4488,12,,,0,115,,2252,12,,,0
501,'4673',1600,,4490,12,,,0,119,,4491,12,,,0
501,'4681',1600,,4493,12,,,0,119,,4494,12,,,0
501,'5244',1329,,4495,11,,,0,219,,4496,11,,,0,371,,4497,11,,,0,105,,4498,11,,,0
800,'4327',749,,2497,28,,,0,110,,2498,28,,,0,161,,2499,28,,,0,104,,2500,28,,,0,111,,2501,28,,,0,117,,2502,28,,,0,149,,2503,28,,,0,112,,2496,28,,,0,111,,2494,28,,,0,106,,2495,28,,,0,110,,2504,28,,,0,105,,2505,28,,,0
800,'4332',749,,2508,28,,,0,110,,2507,28,,,0,150,,2509,28,,,0,111,,2510,28,,,0,123,,2518,28,,,0,261,,2511,28,,,0,224,,2513,28,,,0,317,,3887,28,,,0,105,,3889,28,,,0
800,'4480',616,,4572,28,,,0,131,,2478,28,,,0,103,,2481,28,,,0,153,,2486,28,,,0,115,,2477,28,,,0,125,,2485,28,,,0,115,,4569,28,,,0,157,,2479,28,,,0,229,,2482,28,,,0,113,,4571,28,,,0,154,,4570,28,,,0,114,,2488,28,,,0,111,,4573,28,,,0,118,,2490,28,,,0
800,'4663',1620,,2491,28,,,0
800,'4673',1620,,2492,28,,,0
800,'4681',1620,,2493,28,,,0
800,'5244',1352,,4578,28,,,0,256,,4575,28,,,0,222,,4576,28,,,0,110,,4574,28,,,0,318,,4577,28,,,0
