800,'4327',2047,,2505,30,4,,0
800,'4663',1622,,5317,30,4,,0
800,'4673',1622,,5318,30,4,,0
800,'5302',751,,2497,30,4,,0,150,,2498,30,4,,0,121,,2499,30,4,,0,104,,2500,30,4,,0,111,,2501,30,4,,0,117,,2502,30,4,,0,149,,2503,30,4,,0,112,,2496,30,4,,0,111,,2494,30,4,,0,106,,2495,30,4,,0,110,,2504,30,4,,0
800,'5303',618,,4572,30,4,,0,132,,2478,30,4,,0,102,,2481,30,4,,0,153,,2486,30,4,,0,115,,2477,30,4,,0,125,,2485,30,4,,0,155,,4569,30,4,,0,117,,2479,30,4,,0,105,,2493,30,4,,0,124,,2482,30,4,,0,113,,4571,30,4,,0,154,,4570,30,4,,0,114,,2488,30,4,,0,111,,4573,30,4,,0,118,,2490,30,4,,0
800,'5304',618,,5329,30,4,,0,132,,5320,30,4,,0,102,,5323,30,4,,0,153,,5328,30,4,,0,115,,5319,30,4,,0,125,,5327,30,4,,0,155,,5322,30,4,,0,117,,5321,30,4,,0,229,,5324,30,4,,0,113,,5326,30,4,,0,154,,5325,30,4,,0,114,,5330,30,4,,0,111,,5331,30,4,,0,118,,5332,30,4,,0
800,'5306',751,,5335,30,4,,0,150,,5334,30,4,,0,110,,5336,30,4,,0,111,,5337,30,4,,0,123,,5345,30,4,,0,109,,5346,30,4,,0,152,,5338,30,4,,0,104,,5339,30,4,,0,120,,5340,30,4,,0,102,,5341,30,4,,0,110,,5333,30,4,,0,105,,5342,30,4,,0,105,,5344,30,4,,0,148,,5343,30,4,,0
800,'5307',751,,5350,30,4,,0,150,,5351,30,4,,0,121,,5352,30,4,,0,104,,5353,30,4,,0,111,,5354,30,4,,0,117,,5355,30,4,,0,149,,5356,30,4,,0,112,,5349,30,4,,0,111,,5347,30,4,,0,106,,5348,30,4,,0,110,,5357,30,4,,0
800,'5308',1622,,5358,30,4,,0
801,'4327',1953,,2547,1,,,0
801,'4663',1523,,5359,1,,,0
801,'4673',1523,,5360,1,,,0
801,'5302',807,,2542,1,,,0,121,,2540,1,,,0,104,,2544,1,,,0,111,,2543,1,,,0,116,,2545,1,,,0,149,,2546,1,,,0,112,,2539,1,,,0,111,,2537,1,,,0,106,,2538,1,,,0,110,,2548,1,,,0
801,'5303',525,,4582,1,,,0,129,,2521,1,,,0,102,,2524,1,,,0,154,,2530,1,,,0,115,,2520,1,,,0,125,,2529,1,,,0,154,,4579,1,,,0,114,,2522,1,,,0,105,,2536,1,,,0,126,,2525,1,,,0,155,,4580,1,,,0,115,,4581,1,,,0,116,,2526,1,,,0,112,,4583,1,,,0,159,,2533,1,,,0
801,'5304',525,,5372,1,,,0,129,,5362,1,,,0,102,,5365,1,,,0,154,,5371,1,,,0,115,,5361,1,,,0,125,,5370,1,,,0,154,,5364,1,,,0,114,,5363,1,,,0,231,,5366,1,,,0,155,,5368,1,,,0,115,,5369,1,,,0,116,,5367,1,,,0,112,,5373,1,,,0,159,,5374,1,,,0
801,'5306',657,,5376,1,,,0,150,,5377,1,,,0,110,,5378,1,,,0,111,,5379,1,,,0,123,,5387,1,,,0,108,,5388,1,,,0,152,,5380,1,,,0,104,,5381,1,,,0,120,,5382,1,,,0,102,,5383,1,,,0,110,,5375,1,,,0,105,,5384,1,,,0,105,,5385,1,,,0,149,,5386,1,,,0
801,'5307',807,,5394,1,,,0,121,,5392,1,,,0,104,,5396,1,,,0,111,,5395,1,,,0,116,,5397,1,,,0,149,,5398,1,,,0,112,,5391,1,,,0,111,,5389,1,,,0,106,,5390,1,,,0,110,,5399,1,,,0
801,'5308',1523,,5400,1,,,0
1500,'4327',1947,,2676,18,4,,0
1500,'4480',927,,2659,18,4,,0,30,,2658,18,4,,0,70,,2660,18,4,,0,30,,4620,18,4,,0,69,,4619,18,4,,0,31,,4618,18,4,,0,70,,4617,18,4,,0,100,,2668,18,4,,0,105,,2666,18,4,,0,74,,2665,18,4,,0,549,,4622,18,4,,0
1500,'4663',1945,,5411,18,4,,0
1500,'4673',1945,,5412,18,4,,0
1500,'5302',804,,2682,18,4,,0,113,,2681,18,4,,0,110,,2679,18,4,,0,111,,2677,18,4,,0,109,,2683,18,4,,0,110,,2675,18,4,,0,150,,2678,18,4,,0,110,,2674,18,4,,0,110,,2684,18,4,,0,109,,2680,18,4,,0
1500,'5303',1357,,2667,18,4,,0,480,,4621,18,4,,0,108,,2673,18,4,,0
1500,'5304',1357,,5413,18,4,,0,480,,5414,18,4,,0
1500,'5306',804,,5422,18,4,,0,110,,5417,18,4,,0,111,,5425,18,4,,0,108,,5421,18,4,,0,119,,5420,18,4,,0,105,,5418,18,4,,0,150,,5423,18,4,,0,110,,5424,18,4,,0,114,,5415,18,4,,0,106,,5416,18,4,,0,110,,5419,18,4,,0,107,,5426,18,4,,0
1500,'5307',804,,5434,18,4,,0,113,,5433,18,4,,0,110,,5431,18,4,,0,111,,5429,18,4,,0,109,,5435,18,4,,0,110,,5428,18,4,,0,150,,5430,18,4,,0,110,,5427,18,4,,0,110,,5436,18,4,,0,109,,5432,18,4,,0
1500,'5308',1945,,5437,18,4,,0
1501,'4327',1301,,4628,1,,,0,330,,4627,1,,,0
1501,'4480',830,,2698,1,,,0,70,,2699,1,,,0,30,,2700,1,,,0,70,,2697,1,,,0,30,,4634,1,,,0,70,,4635,1,,,0,29,,4636,1,,,0,71,,4637,1,,,0,130,,2705,1,,,0,770,,4639,1,,,0
1501,'4663',1950,,5438,1,,,0
1501,'4673',1950,,5439,1,,,0
1501,'5302',821,,4629,1,,,0,110,,4633,1,,,0,110,,2712,1,,,0,110,,4630,1,,,0,260,,2715,1,,,0,110,,2718,1,,,0,220,,4632,1,,,0,110,,4631,1,,,0
1501,'5303',1303,,2706,1,,,0,537,,4638,1,,,0,110,,2711,1,,,0
1501,'5304',1303,,5440,1,,,0,537,,5441,1,,,0
1501,'5306',747,,5450,1,,,0,184,,5451,1,,,0,102,,5448,1,,,0,118,,5452,1,,,0,151,,5449,1,,,0,110,,5447,1,,,0,110,,5442,1,,,0,109,,5444,1,,,0,111,,5445,1,,,0,109,,5446,1,,,0,152,,5443,1,,,0,107,,5453,1,,,0
1501,'5307',821,,5456,1,,,0,110,,5461,1,,,0,110,,5454,1,,,0,110,,5457,1,,,0,260,,5455,1,,,0,110,,5458,1,,,0,220,,5460,1,,,0,110,,5459,1,,,0
1501,'5308',1950,,5462,1,,,0
1001500,'4480',709,,3558,23,4,,0,38,,3555,23,4,,0,79,,3557,23,4,,0,29,,3556,23,4,,0,687,,3562,23,4,,0,76,,3563,23,4,,0,37,,3560,23,4,,0,76,,3561,23,4,,0
1001500,'4673',1806,,4990,23,4,,0
1001500,'5241',1806,,4991,23,4,,0
1001500,'5303',1257,,4989,23,4,,0
1001500,'5304',1257,,5717,23,4,,0
1001501,'4480',712,,3567,1,,,0,38,,3566,1,,,0,480,,4992,1,,,0,205,,3569,1,,,0,75,,3572,1,,,0,38,,3575,1,,,0,77,,3574,1,,,0,75,,3571,1,,,0,35,,3573,1,,,0
1001501,'4673',1810,,4993,1,,,0
1001501,'5241',1810,,4994,1,,,0
1001501,'5303',1400,,3568,1,,,0
1001501,'5304',1400,,5718,1,,,0
