600,'4327',710,,3806,17,,,0,110,,2315,17,,,0,110,,2314,17,,,0,111,,2312,17,,,0,111,,2309,17,,,0,149,,2316,17,,,0,110,,2306,17,,,0,111,,2313,17,,,0,111,,2311,17,,,0,111,,2317,17,,,0,107,,2310,17,,,0,151,,2308,17,,,0
600,'4332',711,,2323,17,,,0,110,,2326,17,,,0,109,,2320,17,,,0,110,,2330,17,,,0,108,,2321,17,,,0,159,,2324,17,,,0,106,,3809,17,,,0,112,,2327,17,,,0,108,,3810,17,,,0,116,,2318,17,,,0,104,,3808,17,,,0,148,,3807,17,,,0,109,,3811,17,,,0,110,,3812,17,,,0,100,,2328,17,,,0
600,'4480',723,,2293,17,,,0,28,,2288,17,,,0,74,,2286,17,,,0,84,,2292,17,,,0,113,,2297,17,,,0,282,,2298,17,,,0,211,,2291,17,,,0,23,,2290,17,,,0,268,,2295,17,,,0,338,,2300,17,,,0,201,,2302,17,,,0
600,'4663',1652,,2303,17,,,0
600,'4673',1652,,2304,17,,,0
600,'4681',1652,,2305,17,,,0
600,'5214',635,,2299,17,,,0,507,,2287,17,,,0,279,,2289,17,,,0,497,,2294,17,,,0,114,,2296,17,,,0,223,,2301,17,,,0
600,'5216',635,,3817,17,,,0,507,,3813,17,,,0,279,,3814,17,,,0,497,,3815,17,,,0,114,,3816,17,,,0,223,,3818,17,,,0
800,'4327',744,,2497,22,,,0,110,,2498,22,,,0,161,,2499,22,,,0,104,,2500,22,,,0,111,,2501,22,,,0,117,,2502,22,,,0,109,,2503,22,,,0,152,,2496,22,,,0,111,,2494,22,,,0,106,,2495,22,,,0,110,,2504,22,,,0,105,,2505,22,,,0
800,'4332',744,,2508,22,,,0,110,,2507,22,,,0,150,,2509,22,,,0,111,,2510,22,,,0,123,,2518,22,,,0,109,,3890,22,,,0,112,,2511,22,,,0,144,,3885,22,,,0,120,,2513,22,,,0,102,,3886,22,,,0,110,,3884,22,,,0,105,,3887,22,,,0,105,,3889,22,,,0,108,,3888,22,,,0
800,'4480',741,,2478,22,,,0,103,,2481,22,,,0,113,,2486,22,,,0,155,,2477,22,,,0,125,,2485,22,,,0,272,,2479,22,,,0,230,,2482,22,,,0,381,,2488,22,,,0,229,,2490,22,,,0
800,'4663',1614,,2491,22,,,0
800,'4673',1614,,2492,22,,,0
800,'4681',1614,,2493,22,,,0
800,'5214',610,,2487,22,,,0,742,,2480,22,,,0,500,,2484,22,,,0,154,,2483,22,,,0,225,,2489,22,,,0
800,'5216',610,,3894,22,,,0,742,,3891,22,,,0,500,,3893,22,,,0,154,,3892,22,,,0,225,,3895,22,,,0
