4000,'4327',732,,4742,33,,,0,224,,4739,33,,,0,192,,4737,33,,,0,178,,4751,33,,,0,110,,4743,33,,,0,110,,4740,33,,,0,75,,4748,33,,,0,35,,4747,33,,,0,75,,4754,33,,,0,75,,4738,33,,,0,35,,4749,33,,,0,74,,4744,33,,,0,35,,4753,33,,,0
4000,'4332',706,,4839,33,,,0,32,,4844,33,,,0,111,,4824,33,,,0,73,,4840,33,,,0,34,,4821,33,,,0,77,,4837,33,,,0,108,,4828,33,,,0,110,,4820,33,,,0,75,,4825,33,,,0,75,,4829,33,,,0,35,,4838,33,,,0,112,,4827,33,,,0,107,,4842,33,,,0,79,,4841,33,,,0,71,,4830,33,,,0,145,,4823,33,,,0,77,,4846,33,,,0,75,,4835,33,,,0
4000,'4480',624,,4804,33,,,0,30,,4805,33,,,0,56,,4812,33,,,0,13,,4806,33,,,0,15,,4807,33,,,0,15,,4808,33,,,0,58,,4810,33,0,6 7,0,12,,4811,33,,,0,16,,4762,33,,,0,15,,4763,33,,,0,55,,4764,33,,,0,15,,4765,33,,,0,15,,4766,33,,,0,16,,4767,33,,,0,55,,4768,33,,,0,30,,4770,33,,,0,14,,4771,33,,,0,55,,4772,33,,,0,31,,4774,33,,,0,15,,4775,33,,,0,55,,4776,33,,,0,30,,4778,33,,,0,15,,4779,33,,,0,55,,4780,33,,,0,14,,4781,33,,,0,14,,4782,33,,,0,15,,4783,33,,,0,55,,4784,33,,,0,14,,4785,33,,,0,15,,4786,33,,,0,14,,4787,33,,,0,56,,4788,33,,,0,15,,4789,33,,,0,30,,4792,33,,,0,70,,4794,33,,,0,15,,4795,33,,,0,88,,4798,33,,,0,15,,4796,33,,,0,72,,4800,33,,,0,20,,4801,33,,,0,20,,4802,33,,,0,354,,4758,33,,,0,30,,4761,33,,,0,71,,4757,33,,,0
4000,'4663',2034,,5581,33,,,0
4000,'4673',1914,,4816,33,,,0,120,,5582,33,,,0,102,,4815,33,,,0
4000,'5241',1914,,4819,33,,,0,222,,4818,33,,,0
4000,'5302',849,,4752,33,,,0,182,,4755,33,,,0,72,,4741,33,,,0,113,,4756,33,,,0,35,,4750,33,,,0,150,,4746,33,,,0,108,,4745,33,,,0
4000,'5303',806,,4809,33,,,0,219,,4769,33,,,0,100,,4773,33,,,0,100,,4777,33,,,0,312,,4790,33,,,0,70,,4793,33,,,0,47,,4797,33,,,0,56,,4791,33,,,0,45,,4799,33,,,0,179,,4803,33,,,0,70,,4760,33,,,0,30,,4817,33,,,0,72,,4759,33,,,0
4000,'5304',806,,5594,33,,,0,219,,5585,33,,,0,100,,5586,33,,,0,100,,5587,33,,,0,312,,5588,33,,,0,70,,5590,33,,,0,47,,5591,33,,,0,56,,5589,33,,,0,45,,5592,33,,,0,179,,5593,33,,,0,70,,5584,33,,,0,102,,5583,33,,,0
4000,'5306',812,,5598,33,,,0,294,,5595,33,,,0,110,,5597,33,,,0,295,,5602,33,,,0,109,,5599,33,,,0,221,,5600,33,,,0,74,,5603,33,,,0,291,,5596,33,,,0,99,,5601,33,,,0
4000,'5307',849,,5608,33,,,0,182,,5609,33,,,0,72,,5604,33,,,0,113,,5610,33,,,0,35,,5607,33,,,0,150,,5606,33,,,0,108,,5605,33,,,0
4000,'5308',2034,,5611,33,,,0
