3000,'4327',728,,2869,27,,,0,117,,4678,27,,,0,106,,4677,27,,,0,108,,2872,27,,,0,154,,2863,27,,,0,110,,2865,27,,,0,110,,2871,27,,,0,109,,2866,27,,,0,110,,4676,27,,,0,150,,2864,27,,,0
3000,'4332',808,,2896,27,,,0,37,,4687,27,,,0,72,,2887,27,,,0,34,,4686,27,,,0,185,,2895,27,,,0,76,,2894,27,,,0,110,,2881,27,,,0,35,,2876,27,,,0,75,,4685,27,,,0,75,,2890,27,,,0,38,,4683,27,,,0,106,,2884,27,,,0,149,,2883,27,,,0,258,,2878,27,,,0,144,,4690,27,,,0
3000,'4480',633,,4680,27,,,0,92,,2855,27,,,0,18,,2850,27,,,0,58,,2856,27,,,0,34,,2857,27,,,0,18,,2851,27,,,0,75,,2832,27,,,0,75,,2833,27,,,0,35,,2834,27,,,0,75,,2835,27,,,0,34,,2836,27,,,0,75,,2837,27,,,0,35,,2838,27,,,0,74,,2839,27,,,0,74,,2840,27,,,0,35,,2841,27,,,0,111,,2842,27,,,0,151,,2843,27,,,0,115,,2844,27,,,0,35,,2845,27,,,0,251,,4679,27,,,0,201,,2849,27,,,0
3000,'4663',1516,,5506,27,,,0,225,,5507,27,,,0
3000,'4673',1627,,4681,27,,,0
3000,'5241',1627,,4682,27,,,0
3000,'5302',1911,,2870,27,,,0
3000,'5303',709,,2854,27,,,0,109,,2853,27,,,0,698,,2858,27,,,0,225,,2859,27,,,0,260,,2846,27,,,0,202,,2848,27,,,0
3000,'5304',709,,5511,27,,,0,109,,5510,27,,,0,1183,,5508,27,,,0,202,,5509,27,,,0
3000,'5305',1516,,5512,27,,,0,225,,5513,27,,,0
3000,'5306',702,,5519,27,,,0,326,,5518,27,,,0,73,,5517,27,,,0,146,,5522,27,,,0,369,,5521,27,,,0,114,,5514,27,,,0,106,,5515,27,,,0,110,,5520,27,,,0,355,,5516,27,,,0
3000,'5307',1911,,5523,27,,,0
