4000,'4327',737,,4742,37,,,0,264,,4739,37,,,0,152,,4737,37,,,0,178,,4751,37,,,0,110,,4743,37,,,0,110,,4740,37,,,0,75,,4748,37,,,0,75,,4747,37,,,0,35,,4754,37,,,0,75,,4738,37,,,0,35,,4749,37,,,0,74,,4744,37,,,0,35,,4753,37,,,0
4000,'4332',711,,4839,37,,,0,32,,4844,37,,,0,111,,4824,37,,,0,73,,4840,37,,,0,74,,4821,37,,,0,37,,4837,37,,,0,108,,4828,37,,,0,110,,4820,37,,,0,75,,4825,37,,,0,75,,4829,37,,,0,35,,4838,37,,,0,112,,4827,37,,,0,147,,4842,37,,,0,39,,4841,37,,,0,71,,4830,37,,,0,145,,4823,37,,,0,77,,4846,37,,,0,75,,4835,37,,,0
4000,'4480',629,,4804,37,,,0,30,,4805,37,,,0,56,,4812,37,,,0,14,,4806,37,,,0,15,,4807,37,,,0,15,,4808,37,,,0,60,,4810,37,0,6 7,0,11,,4811,37,,,0,15,,4762,37,,,0,55,,4763,37,,,0,15,,4764,37,,,0,15,,4765,37,,,0,15,,4766,37,,,0,56,,4767,37,,,0,15,,4768,37,,,0,30,,4770,37,,,0,54,,4771,37,,,0,15,,4772,37,,,0,31,,4774,37,,,0,55,,4775,37,,,0,15,,4776,37,,,0,30,,4778,37,,,0,55,,4779,37,,,0,15,,4780,37,,,0,14,,4781,37,,,0,14,,4782,37,,,0,15,,4783,37,,,0,55,,4784,37,,,0,14,,4785,37,,,0,15,,4786,37,,,0,15,,4787,37,,,0,55,,4788,37,,,0,15,,4789,37,,,0,30,,4792,37,,,0,70,,4794,37,,,0,15,,4795,37,,,0,88,,4798,37,,,0,15,,4796,37,,,0,72,,4800,37,,,0,20,,4801,37,,,0,20,,4802,37,,,0,353,,4758,37,,,0,30,,4761,37,,,0,71,,4757,37,,,0
4000,'4663',2039,,5581,37,,,0
4000,'4673',1919,,4816,37,,,0,120,,5582,37,,,0,102,,4815,37,,,0
4000,'5241',1919,,4819,37,,,0,222,,4818,37,,,0
4000,'5302',854,,4752,37,,,0,182,,4755,37,,,0,72,,4741,37,,,0,113,,4756,37,,,0,35,,4750,37,,,0,150,,4746,37,,,0,108,,4745,37,,,0
4000,'5303',814,,4809,37,,,0,217,,4769,37,,,0,100,,4773,37,,,0,100,,4777,37,,,0,312,,4790,37,,,0,70,,4793,37,,,0,87,,4797,37,,,0,16,,4791,37,,,0,85,,4799,37,,,0,138,,4803,37,,,0,70,,4760,37,,,0,30,,4817,37,,,0,72,,4759,37,,,0
4000,'5304',814,,5594,37,,,0,217,,5585,37,,,0,100,,5586,37,,,0,100,,5587,37,,,0,312,,5588,37,,,0,70,,5590,37,,,0,87,,5591,37,,,0,16,,5589,37,,,0,85,,5592,37,,,0,138,,5593,37,,,0,70,,5584,37,,,0,102,,5583,37,,,0
4000,'5306',817,,5598,37,,,0,294,,5595,37,,,0,110,,5597,37,,,0,295,,5602,37,,,0,109,,5599,37,,,0,221,,5600,37,,,0,74,,5603,37,,,0,291,,5596,37,,,0,99,,5601,37,,,0
4000,'5307',854,,5608,37,,,0,182,,5609,37,,,0,72,,5604,37,,,0,113,,5610,37,,,0,35,,5607,37,,,0,150,,5606,37,,,0,108,,5605,37,,,0
4000,'5308',2039,,5611,37,,,0
