3101,'4327',947,,3019,6,,,0,160,,4725,6,,,0,130,,3020,6,,,0,165,,4724,6,,,0,130,,3026,6,,,0,425,,3024,6,,,0
3101,'4332',733,,3031,6,,,0,375,,3036,6,,,0,330,,3027,6,,,0,100,,3028,6,,,0,100,,3033,6,,,0,200,,4736,6,,,0
3101,'4480',834,,3004,6,,,0,90,,3005,6,,,0,109,,4726,6,,,0,100,,3008,6,,,0,100,,3009,6,,,0,100,,4727,6,,,0,100,,3007,6,,,0,98,,3011,6,,,0,102,,4728,6,,,0,100,,4729,6,,,0
3101,'4663',1938,,5567,6,,,0
3101,'4673',1938,,5568,6,,,0
3101,'5302',822,,3023,6,,,0,830,,3018,6,,,0,166,,3021,6,,,0
3101,'5303',628,,3002,6,,,0,94,,3003,6,,,0,1116,,4730,6,,,0,100,,4733,6,,,0
3101,'5304',628,,5569,6,,,0,94,,5570,6,,,0,1116,,5571,6,,,0
3101,'5306',838,,5575,6,,,0,98,,5576,6,,,0,302,,5572,6,,,0,100,,5574,6,,,0,400,,5573,6,,,0
3101,'5307',822,,5579,6,,,0,830,,5577,6,,,0,166,,5578,6,,,0
3101,'5308',1938,,5580,6,,,0
