501,'4663',1552,,5139,3,,,0,160,,5140,3,,,0,115,,5138,3,,,0
501,'4673',1552,,5142,3,,,0,160,,5143,3,,,0
501,'5302',832,,2264,4,,,0,110,,4480,4,,,0,110,,4478,4,,,0,100,,4479,4,,,0,170,,4481,4,,,0,104,,2263,4,,,0,116,,2270,4,,,0,110,,2269,4,,,0,150,,2271,4,,,0,110,,2267,4,,,0,110,,2265,4,,,0
501,'5303',642,,2241,4,,,0,110,,2245,4,,,0,150,,2237,4,,,0,110,,2242,4,,,0,101,,2239,4,,,0,99,,2240,4,,,0,128,,4483,4,,,0,97,,4482,4,,,0,115,,4493,4,,,0,160,,4494,4,,,0,115,,2250,4,,,0,115,,2243,4,,,0,109,,4484,4,,,0,151,,2246,4,,,0,49,,2248,4,,,0
501,'5304',642,,5148,3,,,0,110,,5152,3,,,0,150,,5144,3,,,0,110,,5149,3,,,0,101,,5146,3,,,0,99,,5147,3,,,0,128,,5151,3,,,0,97,,5145,3,,,0,505,,5150,3,,,0,109,,5154,3,,,0,151,,5153,3,,,0,49,,5155,3,,,0
501,'5305',1827,,5157,3,,,0
501,'5306',745,,5160,3,,,0,196,,5161,3,,,0,108,,5162,3,,,0,156,,5163,3,,,0,117,,5164,3,,,0,109,,5165,3,,,0,110,,5166,3,,,0,109,,5167,3,,,0,152,,5168,3,,,0,110,,5169,3,,,0,105,,5170,3,,,0,107,,5171,3,,,0,110,,5159,3,,,0
501,'5307',832,,5175,3,,,0,110,,5177,3,,,0,110,,5172,3,,,0,100,,5173,3,,,0,170,,5179,3,,,0,104,,5174,3,,,0,116,,5181,3,,,0,110,,5180,3,,,0,150,,5182,3,,,0,110,,5178,3,,,0,110,,5176,3,,,0
501,'5308',1552,,5184,3,,,0,160,,5185,3,,,0
601,'5302',802,,4511,4,,,0,110,,4515,4,,,0,110,,2349,4,,,0,110,,4512,4,,,0,110,,2350,4,,,0,110,,2352,4,,,0,150,,2356,4,,,0,110,,4510,4,,,0,110,,4514,4,,,0,110,,4513,4,,,0,110,,2354,4,,,0
601,'5303',652,,2338,4,,,0,80,,2337,4,,,0,70,,2333,4,,,0,46,,2345,4,,,0,155,,2334,4,,,0,125,,2344,4,,,0,113,,2336,4,,,0,114,,2335,4,,,0,155,,2339,4,,,0,116,,2341,4,,,0,115,,4517,4,,,0,118,,4516,4,,,0,157,,2343,4,,,0,112,,4518,4,,,0,120,,2347,4,,,0,90,,4519,4,,,0
601,'5304',652,,5238,3,,,0,80,,5237,3,,,0,70,,5233,3,,,0,46,,5245,3,,,0,155,,5234,3,,,0,125,,5244,3,,,0,113,,5236,3,,,0,114,,5235,3,,,0,155,,5239,3,,,0,116,,5241,3,,,0,115,,5242,3,,,0,118,,5240,3,,,0,157,,5243,3,,,0,112,,5246,3,,,0,120,,5247,3,,,0,90,,5248,3,,,0
601,'5306',727,,5257,3,,,0,185,,5258,3,,,0,102,,5255,3,,,0,118,,5259,3,,,0,110,,5256,3,,,0,110,,5254,3,,,0,150,,5249,3,,,0,109,,5251,3,,,0,111,,5252,3,,,0,110,,5253,3,,,0,112,,5250,3,,,0,108,,5262,3,,,0,96,,5263,3,,,0,104,,5260,3,,,0,85,,5261,3,,,0
601,'5307',802,,5268,3,,,0,110,,5274,3,,,0,110,,5264,3,,,0,110,,5270,3,,,0,110,,5265,3,,,0,110,,5267,3,,,0,150,,5271,3,,,0,110,,5266,3,,,0,110,,5273,3,,,0,110,,5272,3,,,0,110,,5269,3,,,0
