501,'4327',838,,2264,11,,,0,110,,2266,11,,,0,111,,2261,11,,,0,100,,2262,11,,,0,170,,2268,11,,,0,104,,2263,11,,,0,116,,2270,11,,,0,110,,2269,11,,,0,150,,2271,11,,,0,110,,2267,11,,,0,110,,2265,11,,,0
501,'4332',751,,2274,11,,,0,196,,2275,11,,,0,109,,2276,11,,,0,156,,2277,11,,,0,117,,2278,11,,,0,109,,2279,11,,,0,110,,2280,11,,,0,109,,2281,11,,,0,152,,2282,11,,,0,110,,2283,11,,,0,105,,2284,11,,,0,107,,2285,11,,,0,109,,2273,11,,,0
501,'4480',648,,2241,11,,,0,110,,2245,11,,,0,150,,2237,11,,,0,110,,2242,11,,,0,101,,2239,11,,,0,99,,2240,11,,,0,128,,2244,11,,,0,98,,2238,11,,,0,504,,2243,11,,,0,109,,2247,11,,,0,151,,2246,11,,,0,49,,2248,11,,,0
501,'4661',1833,,2250,11,,,0
501,'4663',1559,,2253,11,,,0,159,,2254,11,,,0,115,,2252,11,,,0
501,'4673',1559,,2256,11,,,0,159,,2257,11,,,0
501,'4681',1559,,2259,11,,,0,159,,2260,11,,,0
600,'4327',703,,2307,4,,,0,110,,2315,4,,,0,110,,2314,4,,,0,110,,2312,4,,,0,111,,2309,4,,,0,109,,2316,4,,,0,150,,2306,4,,,0,111,,2313,4,,,0,111,,2311,4,,,0,111,,2317,4,,,0,107,,2310,4,,,0,111,,2308,4,,,0
600,'4332',703,,2323,4,,,0,110,,2326,4,,,0,109,,2320,4,,,0,110,,2330,4,,,0,108,,2321,4,,,0,119,,2324,4,,,0,145,,2325,4,,,0,112,,2327,4,,,0,108,,2329,4,,,0,116,,2318,4,,,0,104,,2322,4,,,0,109,,2319,4,,,0,150,,2331,4,,,0,110,,2332,4,,,0,100,,2328,4,,,0
600,'4480',627,,2299,4,,,0,88,,2293,4,,,0,28,,2288,4,,,0,72,,2286,4,,,0,86,,2292,4,,,0,113,,2297,4,,,0,119,,2287,4,,,0,122,,2298,4,,,0,155,,2289,4,,,0,94,,2291,4,,,0,23,,2290,4,,,0,229,,2295,4,,,0,153,,2294,4,,,0,114,,2296,4,,,0,113,,2300,4,,,0,111,,2301,4,,,0,92,,2302,4,,,0
600,'4663',1642,,2303,4,,,0
600,'4673',1642,,2304,4,,,0
600,'4681',1642,,2305,4,,,0
