2000,'4327',826,,2749,22,,,0,218,,2752,22,,,0,480,,2753,22,,,0,225,,2750,22,,,0
2000,'4332',1147,,2754,22,,,0,481,,4651,22,,,0,103,,4652,22,,,0,422,,2765,22,0,9 12 2 5,0,102,,2761,22,0,9 12 2 5,0
2000,'4480',601,,4649,22,0,9 12 2 5,0,108,,2747,22,0,9 12 2 5,0,106,,4650,22,0,9 12 2 5,0,39,,4642,22,,,0,149,,2735,22,,,0,110,,4643,22,,,0,105,,4644,22,0,9 12 2 5,0,115,,4645,22,,,0,188,,4646,22,,,0,20,,4647,22,0,9 12 2 5,0,160,,2742,22,0,9 12 2 5,0,253,,2744,22,0,9 12 2 5,0,203,,4648,22,0,9 12 2 5,0
2000,'5302',1303,,2751,22,,,0
2000,'5303',1411,,2739,22,,,0,407,,2743,22,,,0
2000,'5304',1411,,5463,22,,,0,407,,5464,22,,,0
2000,'5306',817,,5470,22,,,0,112,,5469,22,,,0,100,,5471,22,,,0,226,,5465,22,,,0,151,,5466,22,,,0,111,,5467,22,,,0,418,,5468,22,0,9 12 2 5,0
2000,'5307',1303,,5472,22,,,0
9200,'4663',1409,,5709,18,,,0,2,,5710,18,,,0
9200,'4673',1528,,4987,18,,,0,2,,4986,18,,,0
9200,'5303',1429,,4988,18,,,0,2,,3500,18,,,0
9200,'5308',1429,,5711,18,,,0,2,,5712,18,,,0
1002000,'4327',928,,3594,28,,,0,481,,3598,28,,,0,496,,3596,28,,,0
1002000,'4332',1003,,3607,28,,,0,220,,3606,28,,,0,212,,3609,28,,,0,393,,3603,28,,,0
1002000,'4480',743,,4996,28,,,0,93,,4997,28,,,0,91,,4998,28,,,0,700,,3586,28,,,0,113,,3587,28,,,0,112,,3588,28,,,0,405,,3589,28,,,0
1002000,'4663',2057,,5719,28,,,0
1002000,'4673',2057,,5720,28,,,0
1002000,'5302',710,,4995,28,,,0,427,,3593,28,,,0,490,,3595,28,,,0
1002000,'5303',635,,3578,28,,,0,402,,3582,28,,,0,110,,3583,28,,,0,110,,4999,28,,,0,179,,3585,28,,,0,621,,3592,28,,,0
1002000,'5304',635,,5721,28,,,0,402,,5722,28,,,0,110,,5723,28,,,0,110,,5724,28,,,0,179,,5725,28,,,0
1002000,'5306',634,,5730,28,,,0,112,,5731,28,,,0,110,,5727,28,,,0,261,,5732,28,,,0,206,,5728,28,,,0,230,,5729,28,,,0,150,,5733,28,,,0,350,,5726,28,,,0
1002000,'5307',710,,5736,28,,,0,427,,5734,28,,,0,490,,5735,28,,,0
1002000,'5308',2057,,5737,28,,,0
