2001,'4327',923,,2784,31,,,0,228,,2786,31,,,0,258,,2785,31,,,0,209,,2787,31,,,0,224,,2788,31,,,0
2001,'4332',933,,2795,31,,,0,88,,2799,31,,,0,105,,3980,31,,,0,128,,2789,31,,,0,155,,3981,31,,,0,102,,2792,31,,,0,107,,2797,31,,,0,103,,2793,31,,,0,110,,2790,31,,,0,377,,2794,48,,,0,198,,3979,48,,,0
2001,'4480',837,,2777,48,,,0,87,,2766,31,,,0,700,,2771,31,,,0,110,,2772,31,,,0,674,,2774,48,,,0
2001,'4663',1853,,2778,48,,,0,358,,2779,48,,,0
2001,'4673',1853,,2780,48,,,0,358,,2781,48,,,0
2001,'4681',1853,,2782,48,,,0,358,,2783,48,,,0
2001,'5214',701,,2775,31,,,0,104,,2776,48,,,0,228,,2767,31,,,0,110,,2768,31,,,0,111,,2769,31,,,0,280,,2770,48,,,0,418,,2773,31,,,0
2001,'5216',701,,3987,31,,,0,104,,3988,48,,,0,228,,3982,31,,,0,110,,3983,31,,,0,111,,3984,31,,,0,280,,3985,48,,,0,418,,3986,31,,,0
1002001,'4327',822,,3630,48,,,0,214,,3629,48,,,0,271,,4350,48,,,0,222,,4351,48,,,0,217,,3626,48,,,0,304,,3628,48,,,0
1002001,'4332',746,,4353,48,,,0,113,,4354,48,,,0,152,,3631,48,,,0,111,,4352,48,,,0,103,,4360,48,,,0,117,,4359,48,,,0,110,,3632,48,,,0,104,,4356,48,,,0,156,,3633,48,,,0,109,,4357,48,,,0,124,,4355,48,,,0,102,,4361,48,,,0,259,,4358,48,,,0
1002001,'4480',1108,,3614,31,,,0,221,,3616,31,,,0,95,,3617,48,,,0,182,,3619,48,,,0,311,,3622,31,,,0,392,,3624,48,,,0
1002001,'5214',737,,3611,31,,,0,111,,3612,31,,,0,110,,3613,48,,,0,260,,3615,31,,,0,282,,3618,48,,,0,215,,3620,48,,,0,95,,3621,31,,,0,299,,3623,48,,,0
1002001,'5216',737,,4362,31,,,0,111,,4363,31,,,0,110,,4364,48,,,0,260,,4365,31,,,0,282,,4366,48,,,0,215,,4367,48,,,0,95,,4368,31,,,0,299,,4369,48,,,0
