3000,'4327',724,2,2869,21,,,0,117,2,4678,21,,,0,106,2,4677,21,,,0,107,2,2872,21,,,0,153,2,2863,21,,,0,110,2,2865,21,,,0,110,2,2871,21,,,0,110,2,2866,21,,,0,110,2,4676,21,,,0,110,2,2864,21,,,0
3000,'4332',804,2,2896,21,,,0,37,2,4687,21,,,0,72,2,2887,21,,,0,34,2,4686,21,,,0,184,2,2895,21,,,0,75,2,2894,21,,,0,110,2,2881,21,,,0,35,2,2876,21,,,0,75,2,4685,21,,,0,75,42,2890,21,,,0,38,2,4683,21,,,0,107,2,2884,21,,,0,110,2,2883,21,,,0,298,2,2878,21,,,0,104,2,4690,21,,,0
3000,'4480',629,2,4680,21,,,0,91,2,2855,21,,,0,17,2,2850,21,,,0,18,2,2856,21,,,0,74,2,2857,21,,,0,18,2,2851,21,,,0,75,2,2832,21,,,0,35,2,2833,21,,,0,75,2,2834,21,,,0,75,2,2835,21,,,0,34,2,2836,21,,,0,75,2,2837,21,,,0,35,2,2838,21,,,0,74,2,2839,21,,,0,34,2,2840,21,,,0,75,2,2841,21,,,0,111,2,2842,21,,,0,111,2,2843,21,,,0,155,2,2844,21,,,0,36,2,2845,21,,,0,211,2,4679,21,,,0,242,42,2849,21,,,0
3000,'4663',1510,2,5506,21,,,0,225,2,5507,21,,,0
3000,'4673',1621,2,4681,21,,,0
3000,'5241',1621,2,4682,21,,,0
3000,'5302',1907,2,2870,21,,,0
3000,'5303',704,2,2854,21,,,0,108,2,2853,21,,,0,698,2,2858,21,,,0,225,2,2859,21,,,0,221,2,2846,21,,,0,203,2,2848,21,,,0
3000,'5304',704,2,5511,21,,,0,108,2,5510,21,,,0,1144,2,5508,21,,,0,203,2,5509,21,,,0
3000,'5305',1510,2,5512,21,,,0,225,2,5513,21,,,0
3000,'5306',658,2,5519,21,,,0,366,2,5518,21,,,0,32,2,5517,21,,,0,185,2,5522,21,,,0,370,2,5521,21,,,0,114,2,5514,21,,,0,107,2,5515,21,,,0,110,2,5520,21,,,0,315,2,5516,21,,,0
3000,'5307',1907,2,5523,21,,,0
