2001,'4730',700,,812,29,,,0,103,,813,46,,,0,33,,814,46,,,0,87,,838,29,,,0,109,,804,29,,,0,110,,805,29,,,0,111,,806,29,,,0,280,,807,46,,,0,90,,808,29,,,0,110,,809,29,,,0,218,,810,29,,,0,456,,811,46,,,0
2001,'4737',1852,,815,46,,,0,358,,816,46,,,0
2001,'4738',932,,823,29,,,0,88,,827,29,,,0,105,,824,29,,,0,128,,817,29,,,0,155,,826,29,,,0,102,,820,29,,,0,107,,825,29,,,0,103,,821,29,,,0,110,,818,29,,,0,377,,822,46,,,0,198,,819,46,,,0
2001,'4781',922,,828,29,,,0,228,,830,29,,,0,258,,829,29,,,0,209,,831,29,,,0,224,,839,29,,,0
2001,'4783',1852,,832,46,,,0,358,,833,46,,,0
2001,'4784',1852,,834,46,,,0,358,,835,46,,,0
1002001,'4730',736,,1701,29,,,0,111,,1702,29,,,0,110,,1703,46,,,0,150,,1733,29,,,0,110,,1704,29,,,0,111,,1705,29,,,0,94,,1734,46,,,0,36,,1735,46,,,0,147,,1706,46,,,0,109,,1707,46,,,0,95,,1708,29,,,0,107,,1709,29,,,0,192,,1710,46,,,0
1002001,'4738',745,,1713,46,,,0,113,,1714,46,,,0,152,,1711,46,,,0,111,,1738,46,,,0,103,,1720,46,,,0,117,,1719,46,,,0,110,,1737,46,,,0,104,,1716,46,,,0,156,,1712,46,,,0,109,,1717,46,,,0,124,,1715,46,,,0,102,,1721,46,,,0,259,,1718,46,,,0
1002001,'4781',821,,1727,46,,,0,214,,1726,46,,,0,271,,1722,46,,,0,222,,1724,46,,,0,217,,1723,46,,,0,304,,1725,46,,,0
1002001,'4782',2308,,1736,46,,,0
1002001,'4784',2308,,1728,46,,,0
