1500,'4327',746,,2682,4,,,0,113,,2681,4,,,0,150,,2679,4,,,0,111,,2677,4,,,0,109,,2683,4,,,0,109,,2675,4,,,0,110,,2678,4,,,0,110,,2674,4,,,0,150,,2684,4,,,0,109,,2680,4,,,0,111,,2676,4,,,0
1500,'4332',746,,2692,4,,,0,110,,2687,4,,,0,150,,2695,4,,,0,108,,2691,4,,,0,119,,3941,4,,,0,105,,2688,4,,,0,110,,3942,4,,,0,110,,2694,4,,,0,154,,3938,4,,,0,106,,3939,4,,,0,110,,3940,4,,,0,107,,3943,4,,,0
1500,'4480',907,,2659,4,,,0,30,,2658,4,,,0,70,,2660,4,,,0,299,,2668,4,,,0,30,,2667,4,,,0,74,,2666,4,,,0,33,,2665,4,,,0
1500,'4663',1925,,2671,4,,,0
1500,'4673',1925,,2672,4,,,0
1500,'4681',1925,,2673,4,,,0
1500,'5214',1037,,2664,4,,,0,69,,2663,4,,,0,31,,2662,4,,,0,69,,2661,4,,,0,609,,2669,4,,,0,220,,2670,4,,,0
1500,'5216',1037,,3947,4,,,0,69,,3946,4,,,0,31,,3945,4,,,0,69,,3944,4,,,0,609,,3948,4,,,0,220,,3949,4,,,0
3000,'4327',708,,2869,5,,,0,117,,4010,5,,,0,104,,4009,5,,,0,107,,2872,5,,,0,113,,2863,5,,,0,108,,2865,5,,,0,150,,2871,5,,,0,110,,2866,5,,,0,110,,4008,5,,,0,111,,2864,5,,,0,112,,2870,5,,,0
3000,'4332',643,,4017,5,,,0,105,,2896,5,,,0,77,,4016,5,,,0,31,,2887,5,,,0,73,,4015,5,,,0,77,,4013,5,,,0,32,,2880,5,,,0,75,,2895,5,,,0,35,,2894,5,,,0,74,,2897,5,,,0,34,,2881,5,,,0,75,,2876,5,,,0,75,,4014,5,,,0,35,,2890,5,,,0,79,,4011,5,,,0,32,,4019,5,,,0,75,,2884,5,,,0,80,,2875,5,,,0,31,,2883,5,,,0,76,,4012,5,,,0,111,,4018,5,,,0,112,,2878,5,,,0,104,,4020,5,,,0,100,,2879,5,,,0
3000,'4480',647,,2854,5,,,0,56,,2855,5,,,0,17,,2850,5,,,0,17,,2856,5,,,0,17,,2853,5,,,0,57,,2857,5,,,0,18,,2851,5,,,0,76,,2832,5,,,0,35,,2833,5,,,0,74,,2834,5,,,0,35,,2835,5,,,0,74,,2836,5,,,0,34,,2837,5,,,0,75,,2838,5,,,0,74,,2839,5,,,0,34,,2840,5,,,0,75,,2841,5,,,0,111,,2842,5,,,0,110,,2843,5,,,0,116,,2844,5,,,0,76,,2845,5,,,0,110,,2846,5,,,0,204,,2848,5,,,0,102,,2849,5,,,0
3000,'4661',1450,,2858,5,,,0,266,,2859,5,,,0
3000,'4663',1450,,2860,5,,,0,266,,2861,5,,,0
3000,'5135',1602,,4021,5,,,0
3000,'5214',612,,2852,5,,,0,990,,2862,5,,,0,439,,2847,5,,,0
3000,'5216',612,,4023,5,,,0,1429,,4022,5,,,0
3000,'5219',1602,,4024,5,,,0
1001500,'4480',645,,3558,4,,,0,75,,3555,4,,,0,34,,3557,4,,,0,75,,3556,4,,,0,685,,3562,4,,,0,36,,3563,4,,,0,77,,3560,4,,,0,76,,3561,4,,,0
1001500,'5135',1738,,4334,4,,,0
1001500,'5214',1230,,3559,4,,,0,508,,3564,4,,,0
1001500,'5216',1230,,4335,4,,,0
1001500,'5219',1738,,4336,4,,,0
