2001,'4327',911,,2784,12,,,0,227,,2786,12,,,0,219,,2785,12,,,0,249,,2787,12,,,0,225,,2788,12,,,0
2001,'4332',921,,2795,12,,,0,88,,2799,12,,,0,105,,3980,12,,,0,128,,2789,12,,,0,115,,3981,12,,,0,102,,2792,12,,,0,147,,2797,12,,,0,103,,2793,12,,,0,111,,2790,12,,,0,324,,2794,12,0,9 10 11,0,199,,3979,12,0,9 10 11,0
2001,'4480',650,,3987,12,,,0,86,,3988,12,0,9 10 11,0,71,,2777,12,0,9 10 11,0,105,,2766,12,,,0,109,,3982,12,,,0,110,,3983,12,,,0,111,,3984,12,,,0,260,,3985,12,0,9 10 11,0,110,,2771,12,,,0,110,,2772,12,,,0,219,,3986,12,,,0,403,,2774,12,0,9 10 11,0
2001,'4663',1827,,2778,12,0,9 10 11,0,319,,2779,12,0,9 10 11,0
2001,'4673',1827,,2780,12,0,9 10 11,0,319,,2781,12,0,9 10 11,0
2001,'4681',1827,,2782,12,0,9 10 11,0,319,,2783,12,0,9 10 11,0
2501,'4327',832,,3997,12,,,0,220,,3998,13,,,0,255,,2823,13,,,0,505,,2824,12,,,0,230,,2825,13,,,0
2501,'4332',832,,4000,12,,,0,220,,4002,13,,,0,255,,4001,13,,,0,505,,4003,12,,,0,230,,3999,13,,,0
2501,'4480',835,,2815,12,,,0,216,,2816,13,,,0,257,,4005,12,,,0,134,,4006,13,,,0,373,,2819,13,,,0
2501,'4673',2040,,4007,12,,,0
2501,'5135',2040,,4004,12,,,0
1002001,'4327',758,,3630,12,,,0,252,,3629,12,,,0,232,,4350,12,,,0,262,,4351,12,,,0,217,,3626,12,,,0,305,,3628,12,,,0
1002001,'4332',722,,4353,12,,,0,113,,4354,12,,,0,111,,3631,12,,,0,111,,4352,12,,,0,143,,4360,12,,,0,117,,4359,12,,,0,110,,3632,12,,,0,104,,4356,12,,,0,116,,3633,12,,,0,109,,4357,12,,,0,164,,4355,12,,,0,103,,4361,12,,,0,219,,4358,12,,,0
1002001,'4480',725,,4362,12,,,0,111,,4363,12,,,0,94,,4364,12,,,0,126,,3614,12,,,0,150,,4365,12,,,0,111,,3616,12,,,0,35,,3617,12,,,0,75,,4366,12,,,0,110,,3619,12,,,0,110,,4367,12,,,0,111,,4368,12,,,0,148,,3622,12,,,0,138,,4369,12,,,0,201,,3624,12,,,0
