4001,'4327',728,,3226,39,,,0,107,,3214,39,,,0,271,,3223,39,,,0,111,,3210,39,,,0,110,,4848,39,,,0,110,,3211,39,,,0,75,,3219,39,,,0,37,,3215,39,,,0,108,,3209,39,,,0,150,,4852,39,,,0,33,,4856,39,,,0,109,,4849,39,,,0,75,,4851,39,,,0
4001,'4332',810,,3243,39,,,0,108,,3248,39,,,0,114,,4917,39,,,0,76,,4906,39,,,0,35,,4918,39,,,0,76,,4909,39,,,0,36,,3237,39,,,0,75,,3238,39,,,0,182,,3245,39,,,0,37,,3239,39,,,0,75,,4916,39,,,0,35,,4910,39,,,0,148,,4915,39,,,0,109,,4911,39,,,0,109,,3252,39,,,0,108,,4919,39,,,0,75,,4914,39,,,0,100,,4907,39,,,0
4001,'4480',657,,3199,39,,,0,72,,4898,39,,,0,74,,4902,39,,,0,16,,4899,39,,,0,15,,4900,39,,,0,18,,4901,39,,,0,55,,4865,39,,,0,28,,4869,39,,,0,14,,4870,39,,,0,55,,4866,39,,,0,15,,4867,39,,,0,30,,4872,39,,,0,55,,4873,39,,,0,16,,4874,39,,,0,15,,4875,39,,,0,15,,4876,39,,,0,56,,4877,39,,,0,15,,3172,39,,,0,17,,4878,39,,,0,85,,4879,39,,,0,30,,4880,39,,,0,56,,4881,39,,,0,16,,4882,39,,,0,30,,4884,39,,,0,55,,4885,39,,,0,15,,4886,39,,,0,15,,4887,39,,,0,14,,4888,39,,,0,55,,4889,39,,,0,30,,4890,39,,,0,15,,4891,39,,,0,54,,3191,39,,,0,29,,4903,39,,,0,15,,4895,39,,,0,54,,3196,39,,,0,29,,4894,39,,,0,15,,4896,39,,,0,91,,4864,39,,,0,60,,4860,39,,,0,108,,3151,39,,,0,100,,4859,39,,,0,27,,4862,39,,,0,69,,4858,39,,,0,30,,4861,39,,,0,70,,4857,39,,,0
4001,'4673',2040,,4904,39,,,0
4001,'5241',2040,,4905,39,,,0
4001,'5302',956,,4853,39,,,0,186,,4850,39,,,0,113,,4847,39,,,0,147,,4855,39,,,0,215,,3218,39,,,0,115,,4854,39,,,0,177,,3212,39,,,0
4001,'5303',921,,4868,39,,,0,113,,4871,39,,,0,219,,3174,39,,,0,55,,3175,39,,,0,30,,3177,39,,,0,102,,4883,39,,,0,184,,3188,39,,,0,98,,4892,39,,,0,98,,4893,39,,,0,85,,4897,39,,,0,16,,3158,39,,,0,100,,4863,39,,,0,118,,3155,39,,,0
4001,'5304',921,,5615,39,,,0,113,,5616,39,,,0,219,,5617,39,,,0,55,,5618,39,,,0,30,,5619,39,,,0,102,,5620,39,,,0,184,,5621,39,,,0,98,,5622,39,,,0,98,,5623,39,,,0,85,,5624,39,,,0,16,,5614,39,,,0,100,,5613,39,,,0,118,,5612,39,,,0
4001,'5306',726,,5634,39,,,0,118,,5633,39,,,0,111,,5630,39,,,0,451,,5632,39,,,0,35,,5625,39,,,0,291,,5631,39,,,0,110,,5627,39,,,0,109,,5626,39,,,0,108,,5628,39,,,0,349,,5629,39,,,0
4001,'5307',956,,5639,39,,,0,186,,5637,39,,,0,113,,5635,39,,,0,147,,5641,39,,,0,215,,5638,39,,,0,115,,5640,39,,,0,177,,5636,39,,,0
