2000,'4327',820,,2749,12,,,0,218,,2752,12,,,0,219,,2751,12,,,0,260,,2753,12,,,0,225,,2750,12,,,0
2000,'4332',811,,2763,12,,,0,112,,2762,12,,,0,100,,2764,12,,,0,118,,2754,12,,,0,108,,2755,12,,,0,151,,3968,12,,,0,111,,2758,12,,,0,418,,2759,12,0,9 12 2 5,0,218,,2765,12,0,9 12 2 5,0,102,,2761,12,0,9 12 2 5,0
2000,'4480',555,,4649,12,0,9 12 2 5,0,148,,2747,12,0,9 12 2 5,0,105,,4650,12,0,9 12 2 5,0,39,,4642,12,,,0,110,,2735,12,,,0,150,,4643,12,,,0,105,,4644,12,0,9 12 2 5,0,114,,4645,12,,,0,78,,2739,12,,,0,110,,4646,12,,,0,20,,4647,12,0,9 12 2 5,0,120,,2742,12,0,9 12 2 5,0,158,,2743,12,,,0,136,,2744,12,0,9 12 2 5,0,203,,4648,12,0,9 12 2 5,0
2000,'5244',1622,,4651,12,,,0,103,,4652,12,,,0
9200,'4663',1402,,4985,8,,,0,2,,3496,8,,,0
9200,'4673',1521,,4987,8,,,0,2,,4986,8,,,0
9200,'4681',1422,,4988,8,,,0,2,,3500,8,,,0
1002000,'4327',704,,4995,18,,,0,218,,3594,18,,,0,209,,3593,18,,,0,271,,3598,18,,,0,218,,3595,18,,,0,239,,3596,18,,,0
1002000,'4332',628,,4344,18,,,0,112,,3605,18,,,0,110,,3600,18,,,0,107,,3607,18,,,0,154,,3608,18,,,0,106,,3606,18,,,0,100,,4342,18,,,0,112,,3609,18,,,0,118,,4343,18,,,0,275,,3603,18,,,0
1002000,'4480',629,,3578,18,,,0,107,,4996,18,,,0,92,,4997,18,,,0,93,,4998,18,,,0,110,,3582,18,,,0,110,,3583,18,,,0,110,,4999,18,,,0,178,,3585,18,,,0,191,,3586,18,,,0,113,,3587,18,,,0,113,,3588,18,,,0,405,,3589,18,,,0
1002000,'4663',2051,,3590,18,,,0
1002000,'4673',2051,,3591,18,,,0
1002000,'4681',2051,,3592,18,,,0
1002000,'5244',1657,,5001,18,,,0,390,,5000,18,,,0
