7200,'4327',734,,3339,22,,,0,324,,3333,22,,,0,160,,3332,22,,,0,219,,3335,22,,,0,102,,3336,22,,,0,114,,3337,22,,,0,150,,3338,22,,,0,110,,3330,22,,,0
7200,'4332',715,,3363,22,,,0,96,,3340,22,,,0,48,,3348,22,,,0,149,,4947,22,,,0,110,,4948,22,,,0,110,,4949,22,,,0,110,,3352,22,,,0,110,,3354,22,,,0,84,,3355,22,,,0,26,,3356,22,,,0,188,,3358,22,,,0,72,,4950,22,,,0,35,,4951,22,,,0,147,,4952,22,,,0,116,,4953,22,,,0,102,,3346,22,,,0
7200,'4480',650,,3325,22,,,0,75,,4944,22,,,0,33,,3323,22,,,0,77,,3322,22,,,0,74,,3302,22,,,0,144,,4935,22,,,0,150,,4936,22,,,0,35,,3308,22,,,0,298,,3313,22,,,0,108,,4939,22,,,0,264,,3318,22,,,0,111,,4942,22,,,0,102,,4943,22,,,0,100,,3321,22,,,0
7200,'4661',1756,,3326,22,,,0
7200,'4663',1756,,3327,22,,,0
7200,'4673',2321,,4945,22,,,0
7200,'5241',2321,,4946,22,,,0
7200,'5302',839,,4934,22,,,0,114,,3331,22,,,0,364,,3334,22,,,0
7200,'5303',943,,3303,22,,,0,75,,3304,22,,,0,110,,3306,22,,,0,185,,4937,22,,,0,35,,3310,22,,,0,78,,4938,22,,,0,75,,3312,22,,,0,108,,3314,22,,,0,110,,4940,22,,,0,114,,4941,22,,,0
7200,'5304',943,,5656,22,,,0,75,,5657,22,,,0,110,,5658,22,,,0,185,,5659,22,,,0,35,,5660,22,,,0,78,,5661,22,,,0,75,,5662,22,,,0,108,,5663,22,,,0,110,,5664,22,,,0,114,,5665,22,,,0
7200,'5306',920,,5666,22,,,0,124,,5668,22,,,0,157,,5669,22,,,0,109,,5670,22,,,0,111,,5672,22,,,0,221,,5673,22,,,0,66,,5667,22,,,0,610,,5671,22,,,0
7200,'5307',839,,5674,22,,,0,114,,5675,22,,,0,364,,5676,22,,,0
