700,'4327',732,,2403,11,,,0,110,,3835,11,,,0,161,,2408,11,,,0,104,,2404,11,,,0,111,,3834,11,,,0,106,,2401,11,,,0,109,,2405,11,,,0,112,,2399,11,,,0,111,,2407,11,,,0,146,,2406,11,,,0,110,,2400,11,,,0,105,,2398,11,,,0
700,'4332',732,,2415,11,,,0,110,,3841,11,,,0,110,,2420,11,,,0,151,,3836,11,,,0,112,,3842,11,,,0,109,,3843,11,,,0,112,,3837,11,,,0,104,,3839,11,,,0,160,,3840,11,,,0,102,,2421,11,,,0,110,,3838,11,,,0,105,,3844,11,,,0,105,,3845,11,,,0,108,,2419,11,,,0,126,,2424,11,,,0
700,'4480',727,,2393,11,,,0,104,,2377,11,,,0,615,,2384,11,,,0,105,,2385,11,,,0,279,,2382,11,,,0,80,,2392,11,,,0,301,,2389,11,,,0,192,,2375,11,,,0
700,'4663',1756,,2394,11,,,0
700,'4673',1756,,2396,11,,,0
700,'4681',1756,,2397,11,,,0
700,'5135',1641,,3846,11,,,0
700,'5214',626,,2380,11,,,0,85,,2388,11,,,0,45,,2381,11,,,0,188,,2379,11,,,0,115,,2387,11,,,0,157,,2376,11,,,0,115,,2378,11,,,0,310,,2395,11,,,0,75,,2383,11,,,0,229,,2386,11,,,0,155,,2390,11,,,0,230,,2391,11,,,0
700,'5216',626,,3850,11,,,0,85,,3855,11,,,0,45,,3851,11,,,0,188,,3849,11,,,0,115,,3854,11,,,0,157,,3847,11,,,0,115,,3848,11,,,0,385,,3852,11,,,0,229,,3853,11,,,0,155,,3856,11,,,0,230,,3857,11,,,0
700,'5219',1641,,3858,11,,,0
