101,'4327',803,,4411,9,,,0,30,,4414,9,,,0,70,,2136,9,,,0,28,,4412,9,,,0,105,,4410,9,,,0,202,,4408,9,,,0,100,,4418,9,,,0,70,,4417,9,,,0,30,,2125,9,,,0,100,,4409,9,,,0,70,,4407,9,,,0,100,,2134,9,,,0,29,,4406,9,,,0,70,,4419,9,,,0,30,,2148,9,,,0,70,,2140,9,,,0,29,,2124,9,,,0,70,,2141,9,,,0,30,,2150,9,,,0,81,,2139,9,,,0
101,'4332',747,,4455,9,,,0,302,,4445,9,,,0,68,,2151,9,,,0,31,,2154,9,,,0,101,,2167,9,,,0,71,,4442,9,,,0,30,,2177,9,,,0,70,,4446,9,,,0,30,,2157,9,,,0,70,,4450,9,,,0,30,,2173,9,,,0,69,,4440,9,,,0,129,,2166,9,,,0,70,,4451,9,,,0,30,,4452,9,,,0,169,,2159,9,,,0,32,,4453,9,,,0,68,,2153,9,,,0,37,,2183,9,,,0,93,,2184,9,,,0,180,,2175,9,,,0
101,'4480',642,,4431,9,,,0,90,,2113,9,,,0,100,,2112,9,,,0,17,,4428,9,,,0,65,,4427,9,,,0,33,,2102,9,,,0,72,,4424,9,,,0,25,,2104,9,,,0,71,,2091,9,,,0,26,,4426,9,,,0,74,,2092,9,,,0,34,,2099,9,,,0,66,,2120,9,,,0,33,,2098,9,,,0,67,,4422,9,,,0,33,,2097,9,,,0,77,,2093,9,,,0,23,,2080,9,,,0,78,,2082,9,,,0,22,,2090,9,,,0,57,,4420,9,,,0,20,,4423,9,,,0,24,,2094,9,,,0,55,,4436,9,,,0,17,,4425,9,,,0,32,,2085,9,,,0,95,,2086,9,,,0,70,,2114,9,,,0,30,,2087,9,,,0,70,,2116,9,,,0,30,,4421,9,,,0,100,,2089,9,,,0,101,,2084,9,,,0,83,,2083,9,,,0
101,'4663',1918,,5056,9,,,0
101,'4673',1918,,5057,9,,,0
101,'5302',1004,,2144,9,,,0,103,,4415,9,,,0,33,,2145,9,,,0,68,,2126,9,,,0,100,,4416,9,,,0,200,,4413,9,,,0,130,,2127,9,,,0
101,'5303',713,,4430,9,,,0,39,,2107,9,,,0,61,,4432,9,,,0,691,,4435,9,,,0,101,,4429,9,,,0,313,,4439,9,,,0,300,,4433,9,,,0,99,,4434,9,,,0
101,'5304',713,,5060,9,,,0,39,,5058,9,,,0,61,,5061,9,,,0,691,,5064,9,,,0,101,,5059,9,,,0,613,,5062,9,,,0,99,,5063,9,,,0
101,'5306',717,,5070,9,,,0,101,,5071,9,,,0,27,,5073,9,,,0,73,,5067,9,,,0,22,,5066,9,,,0,81,,5075,9,,,0,195,,5077,9,,,0,435,,5069,9,,,0,67,,5065,9,,,0,200,,5072,9,,,0,30,,5074,9,,,0,269,,5076,9,,,0,99,,5078,9,,,0,31,,5068,9,,,0
101,'5307',1004,,5084,9,,,0,103,,5082,9,,,0,33,,5085,9,,,0,68,,5079,9,,,0,100,,5083,9,,,0,200,,5081,9,,,0,130,,5080,9,,,0
101,'5308',1918,,5086,9,,,0
2501,'4327',1102,,4668,26,,,0,215,,2823,26,,,0
2501,'4332',842,,4673,25,,,0,980,,4675,25,,,0
2501,'4480',847,,2815,25,,,0,256,,2816,26,,,0,217,,4669,25,,,0,135,,4670,26,,,0
2501,'4673',2050,,4671,25,,,0
2501,'5241',2050,,4672,25,,,0
2501,'5302',842,,4667,25,,,0,980,,2824,25,,,0,230,,2825,26,,,0
2501,'5303',1825,,2819,26,,,0
2501,'5304',1825,,5499,26,,,0
2501,'5306',1102,,5502,26,,,0,215,,5501,26,,,0,735,,5500,26,,,0
2501,'5307',842,,5503,25,,,0,980,,5504,25,,,0,230,,5505,26,,,0
