4001,'4327',728,,3226,40,,,0,107,,3214,40,,,0,271,,3223,40,,,0,111,,3210,40,,,0,110,,4848,40,,,0,110,,3211,40,,,0,75,,3219,40,,,0,37,,3215,40,,,0,108,,3209,40,,,0,150,,4852,40,,,0,34,,4856,40,,,0,109,,4849,40,,,0,75,,4851,40,,,0
4001,'4332',810,,3243,40,,,0,108,,3248,40,,,0,114,,4917,40,,,0,76,,4906,40,,,0,35,,4918,40,,,0,76,,4909,40,,,0,36,,3237,40,,,0,75,,3238,40,,,0,182,,3245,40,,,0,37,,3239,40,,,0,75,,4916,40,,,0,35,,4910,40,,,0,148,,4915,40,,,0,109,,4911,40,,,0,109,,3252,40,,,0,108,,4919,40,,,0,75,,4914,40,,,0,100,,4907,40,,,0
4001,'4480',657,,3199,40,,,0,72,,4898,40,,,0,75,,4902,40,,,0,16,,4899,40,,,0,14,,4900,40,,,0,18,,4901,40,,,0,55,,4865,40,,,0,28,,4869,40,,,0,14,,4870,40,,,0,55,,4866,40,,,0,15,,4867,40,,,0,30,,4872,40,,,0,55,,4873,40,,,0,16,,4874,40,,,0,15,,4875,40,,,0,15,,4876,40,,,0,56,,4877,40,,,0,15,,3172,40,,,0,17,,4878,40,,,0,85,,4879,40,,,0,30,,4880,40,,,0,56,,4881,40,,,0,16,,4882,40,,,0,30,,4884,40,,,0,55,,4885,40,,,0,15,,4886,40,,,0,15,,4887,40,,,0,14,,4888,40,,,0,55,,4889,40,,,0,30,,4890,40,,,0,15,,4891,40,,,0,54,,3191,40,,,0,29,,4903,40,,,0,15,,4895,40,,,0,54,,3196,40,,,0,29,,4894,40,,,0,15,,4896,40,,,0,91,,4864,40,,,0,60,,4860,40,,,0,108,,3151,40,,,0,100,,4859,40,,,0,28,,4862,40,,,0,69,,4858,40,,,0,30,,4861,40,,,0,70,,4857,40,,,0
4001,'4673',2040,,4904,40,,,0
4001,'5241',2040,,4905,40,,,0
4001,'5302',956,,4853,40,,,0,186,,4850,40,,,0,113,,4847,40,,,0,147,,4855,40,,,0,215,,3218,40,,,0,115,,4854,40,,,0,178,,3212,40,,,0
4001,'5303',921,,4868,40,,,0,113,,4871,40,,,0,219,,3174,40,,,0,55,,3175,40,,,0,30,,3177,40,,,0,102,,4883,40,,,0,184,,3188,40,,,0,98,,4892,40,,,0,98,,4893,40,,,0,85,,4897,40,,,0,16,,3158,40,,,0,100,,4863,40,,,0,118,,3155,40,,,0
4001,'5304',921,,5615,40,,,0,113,,5616,40,,,0,219,,5617,40,,,0,55,,5618,40,,,0,30,,5619,40,,,0,102,,5620,40,,,0,184,,5621,40,,,0,98,,5622,40,,,0,98,,5623,40,,,0,85,,5624,40,,,0,16,,5614,40,,,0,100,,5613,40,,,0,118,,5612,40,,,0
4001,'5306',726,,5634,40,,,0,118,,5633,40,,,0,111,,5630,40,,,0,451,,5632,40,,,0,35,,5625,40,,,0,291,,5631,40,,,0,110,,5627,40,,,0,109,,5626,40,,,0,108,,5628,40,,,0,350,,5629,40,,,0
4001,'5307',956,,5639,40,,,0,186,,5637,40,,,0,113,,5635,40,,,0,147,,5641,40,,,0,215,,5638,40,,,0,115,,5640,40,,,0,178,,5636,40,,,0
