4001,'4327',736,,3226,49,,,0,107,,3214,49,,,0,271,,3223,49,,,0,111,,3210,49,,,0,110,,4848,49,,,0,110,,3211,49,,,0,75,,3219,49,,,0,37,,3215,49,,,0,147,,3209,49,,,0,110,,4852,49,,,0,33,,4856,49,,,0,109,,4849,49,,,0,75,,4851,49,,,0
4001,'4332',818,,3243,49,,,0,108,,3248,49,,,0,114,,4917,49,,,0,76,,4906,49,,,0,35,,4918,49,,,0,76,,4909,49,,,0,76,,3237,49,,,0,35,,3238,49,,,0,182,,3245,49,,,0,37,,3239,49,,,0,75,,4916,49,,,0,75,,4910,49,,,0,107,,4915,49,,,0,109,,4911,49,,,0,109,,3252,49,,,0,108,,4919,49,,,0,75,,4914,49,,,0,100,,4907,49,,,0
4001,'4480',704,,3199,49,,,0,33,,4898,49,,,0,75,,4902,49,,,0,16,,4899,49,,,0,14,,4900,49,,,0,17,,4901,49,,,0,55,,4865,49,,,0,28,,4869,49,,,0,14,,4870,49,,,0,55,,4866,49,,,0,15,,4867,49,,,0,30,,4872,49,,,0,55,,4873,49,,,0,16,,4874,49,,,0,15,,4875,49,,,0,15,,4876,49,,,0,56,,4877,49,,,0,15,,3172,49,,,0,18,,4878,49,,,0,85,,4879,49,,,0,70,,4880,49,,,0,16,,4881,49,,,0,16,,4882,49,,,0,70,,4884,49,,,0,15,,4885,49,,,0,15,,4886,49,,,0,15,,4887,49,,,0,54,,4888,49,,,0,15,,4889,49,,,0,30,,4890,49,,,0,55,,4891,49,,,0,14,,3191,49,,,0,28,,4903,49,,,0,15,,4895,49,,,0,54,,3196,49,,,0,29,,4894,49,,,0,15,,4896,49,,,0,91,,4864,49,,,0,60,,4860,49,,,0,108,,3151,49,,,0,100,,4859,49,,,0,26,,4862,49,,,0,69,,4858,49,,,0,30,,4861,49,,,0,70,,4857,49,,,0
4001,'4673',2047,,4904,49,,,0
4001,'5241',2047,,4905,49,,,0
4001,'5302',1004,,4853,49,,,0,146,,4850,49,,,0,153,,4847,49,,,0,107,,4855,49,,,0,214,,3218,49,,,0,115,,4854,49,,,0,177,,3212,49,,,0
4001,'5303',928,,4868,49,,,0,113,,4871,49,,,0,260,,3174,49,,,0,15,,3175,49,,,0,30,,3177,49,,,0,102,,4883,49,,,0,184,,3188,49,,,0,97,,4892,49,,,0,98,,4893,49,,,0,85,,4897,49,,,0,16,,3158,49,,,0,100,,4863,49,,,0,118,,3155,49,,,0
4001,'5304',928,,5615,49,,,0,113,,5616,49,,,0,260,,5617,49,,,0,15,,5618,49,,,0,30,,5619,49,,,0,102,,5620,49,,,0,184,,5621,49,,,0,97,,5622,49,,,0,98,,5623,49,,,0,85,,5624,49,,,0,16,,5614,49,,,0,100,,5613,49,,,0,118,,5612,49,,,0
4001,'5306',734,,5634,49,,,0,118,,5633,49,,,0,151,,5630,49,,,0,411,,5632,49,,,0,35,,5625,49,,,0,290,,5631,49,,,0,110,,5627,49,,,0,109,,5626,49,,,0,148,,5628,49,,,0,309,,5629,49,,,0
4001,'5307',1004,,5639,49,,,0,146,,5637,49,,,0,153,,5635,49,,,0,107,,5641,49,,,0,214,,5638,49,,,0,115,,5640,49,,,0,177,,5636,49,,,0
1002001,'4327',834,,3630,64,,,0,486,,5002,64,,,0,222,,5003,64,,,0,216,,3626,64,,,0
1002001,'4332',1238,,5016,64,,,0,267,,3632,64,,,0,218,,3633,64,,,0,233,,5013,64,,,0,361,,5015,64,,,0
1002001,'4480',749,,5004,47,,,0,152,,5005,47,,,0,109,,5006,64,,,0,331,,3616,47,,,0,173,,5008,64,,,0,213,,5009,64,,,0,201,,3622,47,,,0,192,,5011,64,,,0,200,,3624,64,,,0
1002001,'5302',1049,,3629,64,,,0,1052,,3628,64,,,0
1002001,'5303',1120,,3614,47,,,0,110,,5007,47,,,0,208,,3617,64,,,0,182,,3619,64,,,0,201,,5010,47,,,0
1002001,'5304',1120,,5738,47,,,0,110,,5739,47,,,0,208,,5740,64,,,0,182,,5741,64,,,0,201,,5742,47,,,0
1002001,'5306',757,,5745,64,,,0,155,,5746,64,,,0,112,,5743,64,,,0,111,,5744,64,,,0,220,,5749,64,,,0,253,,5747,64,,,0,224,,5748,64,,,0,226,,5750,64,,,0
1002001,'5307',1049,,5752,64,,,0,1052,,5751,64,,,0
