1002000,'4327',916,,3594,8,,,0,440,,3598,8,,,0,497,,3596,8,,,0
1002000,'4332',951,,3607,8,,,0,260,,3606,8,,,0,212,,3609,8,,,0,393,,3603,8,,,0
1002000,'4480',730,,4996,8,,,0,90,,4997,8,,,0,95,,4998,8,,,0,698,,3586,8,,,0,113,,3587,8,,,0,113,,3588,8,,,0,406,,3589,8,,,0
1002000,'4663',2045,,5719,8,,,0
1002000,'4673',2045,,5720,8,,,0
1002000,'5302',658,,4995,8,,,0,467,,3593,8,,,0,488,,3595,8,,,0
1002000,'5303',623,,3578,8,,,0,402,,3582,8,,,0,109,,3583,8,,,0,110,,4999,8,,,0,178,,3585,8,,,0,623,,3592,8,,,0
1002000,'5304',623,,5721,8,,,0,402,,5722,8,,,0,109,,5723,8,,,0,110,,5724,8,,,0,178,,5725,8,,,0
1002000,'5306',622,,5730,8,,,0,112,,5731,8,,,0,110,,5727,8,,,0,261,,5732,8,,,0,206,,5728,8,,,0,230,,5729,8,,,0,110,,5733,8,,,0,390,,5726,8,,,0
1002000,'5307',658,,5736,8,,,0,467,,5734,8,,,0,488,,5735,8,,,0
1002000,'5308',2045,,5737,8,,,0
