3000,'4327',733,,2869,35,,,0,117,,4678,35,,,0,106,,4677,35,,,0,147,,2872,35,,,0,114,,2863,35,,,0,110,,2865,35,,,0,110,,2871,35,,,0,109,,2866,35,,,0,110,,4676,35,,,0,150,,2864,35,,,0
3000,'4332',813,,2896,35,,,0,37,,4687,35,,,0,72,,2887,35,,,0,34,,4686,35,,,0,184,,2895,35,,,0,76,,2894,35,,,0,110,,2881,35,,,0,75,,2876,35,,,0,35,,4685,35,,,0,75,,2890,35,,,0,38,,4683,35,,,0,106,,2884,35,,,0,150,,2883,35,,,0,298,,2878,35,,,0,104,,4690,35,,,0
3000,'4480',638,,4680,35,,,0,92,,2855,35,,,0,18,,2850,35,,,0,58,,2856,35,,,0,34,,2857,35,,,0,18,,2851,35,,,0,74,,2832,35,,,0,75,,2833,35,,,0,35,,2834,35,,,0,75,,2835,35,,,0,35,,2836,35,,,0,75,,2837,35,,,0,75,,2838,35,,,0,34,,2839,35,,,0,74,,2840,35,,,0,36,,2841,35,,,0,111,,2842,35,,,0,150,,2843,35,,,0,114,,2844,35,,,0,35,,2845,35,,,0,251,,4679,35,,,0,202,,2849,35,,,0
3000,'4663',1522,,5506,35,,,0,224,,5507,35,,,0
3000,'4673',1632,,4681,35,,,0
3000,'5241',1632,,4682,35,,,0
3000,'5302',1916,,2870,35,,,0
3000,'5303',713,,2854,35,,,0,110,,2853,35,,,0,699,,2858,35,,,0,224,,2859,35,,,0,259,,2846,35,,,0,203,,2848,35,,,0
3000,'5304',713,,5511,35,,,0,110,,5510,35,,,0,1182,,5508,35,,,0,203,,5509,35,,,0
3000,'5305',1522,,5512,35,,,0,224,,5513,35,,,0
3000,'5306',707,,5519,35,,,0,326,,5518,35,,,0,72,,5517,35,,,0,146,,5522,35,,,0,369,,5521,35,,,0,114,,5514,35,,,0,107,,5515,35,,,0,110,,5520,35,,,0,355,,5516,35,,,0
3000,'5307',1916,,5523,35,,,0
