3100,'4327',954,,2983,2,,,0,160,,4712,2,,,0,130,,2984,2,,,0,165,,4711,2,,,0,130,,2990,2,,,0,465,,2988,2,,,0
3100,'4332',740,,2995,2,,,0,375,,3000,2,,,0,330,,2991,2,,,0,100,,2992,2,,,0,100,,2997,2,,,0,200,,4723,2,,,0
3100,'4480',841,,2968,2,,,0,90,,2969,2,,,0,109,,4713,2,,,0,100,,2971,2,,,0,100,,2972,2,,,0,100,,4714,2,,,0,100,,2974,2,,,0,98,,2975,2,,,0,102,,4715,2,,,0,100,,4716,2,,,0
3100,'4663',1945,,5553,2,,,0
3100,'4673',1945,,5554,2,,,0
3100,'5302',829,,2987,2,,,0,830,,2982,2,,,0,166,,2985,2,,,0
3100,'5303',635,,2966,2,,,0,94,,2967,2,,,0,1116,,4717,2,,,0,100,,4720,2,,,0
3100,'5304',635,,5555,2,,,0,94,,5556,2,,,0,1116,,5557,2,,,0
3100,'5306',845,,5561,2,,,0,98,,5562,2,,,0,302,,5558,2,,,0,100,,5560,2,,,0,400,,5559,2,,,0
3100,'5307',829,,5565,2,,,0,830,,5563,2,,,0,166,,5564,2,,,0
3100,'5308',1945,,5566,2,,,0
