2000,'4327',824,,2749,19,,,0,218,,2752,19,,,0,479,,2753,19,,,0,225,,2750,19,,,0
2000,'4332',1145,,2754,19,,,0,481,,4651,19,,,0,103,,4652,19,,,0,422,,2765,19,0,9 12 2 5,0,102,,2761,19,0,9 12 2 5,0
2000,'4480',559,,4649,19,0,9 12 2 5,0,148,,2747,19,0,9 12 2 5,0,106,,4650,19,0,9 12 2 5,0,38,,4642,19,,,0,150,,2735,19,,,0,110,,4643,19,,,0,105,,4644,19,0,9 12 2 5,0,114,,4645,19,,,0,188,,4646,19,,,0,20,,4647,19,0,9 12 2 5,0,120,,2742,19,0,9 12 2 5,0,294,,2744,19,0,9 12 2 5,0,203,,4648,19,0,9 12 2 5,0
2000,'5302',1301,,2751,19,,,0
2000,'5303',1408,,2739,19,,,0,408,,2743,19,,,0
2000,'5304',1408,,5463,19,,,0,408,,5464,19,,,0
2000,'5306',815,,5470,19,,,0,112,,5469,19,,,0,100,,5471,19,,,0,226,,5465,19,,,0,151,,5466,19,,,0,111,,5467,19,,,0,418,,5468,19,0,9 12 2 5,0
2000,'5307',1301,,5472,19,,,0
9200,'4663',1406,,5709,15,,,0,2,,5710,15,,,0
9200,'4673',1525,,4987,15,,,0,2,,4986,15,,,0
9200,'5303',1427,,4988,15,,,0,2,,3500,15,,,0
9200,'5308',1427,,5711,15,,,0,2,,5712,15,,,0
1002000,'4327',926,,3594,25,,,0,480,,3598,25,,,0,497,,3596,25,,,0
1002000,'4332',1001,,3607,25,,,0,220,,3606,25,,,0,212,,3609,25,,,0,393,,3603,25,,,0
1002000,'4480',740,,4996,25,,,0,93,,4997,25,,,0,92,,4998,25,,,0,699,,3586,25,,,0,113,,3587,25,,,0,113,,3588,25,,,0,405,,3589,25,,,0
1002000,'4663',2055,,5719,25,,,0
1002000,'4673',2055,,5720,25,,,0
1002000,'5302',708,,4995,25,,,0,427,,3593,25,,,0,489,,3595,25,,,0
1002000,'5303',633,,3578,25,,,0,402,,3582,25,,,0,110,,3583,25,,,0,110,,4999,25,,,0,179,,3585,25,,,0,621,,3592,25,,,0
1002000,'5304',633,,5721,25,,,0,402,,5722,25,,,0,110,,5723,25,,,0,110,,5724,25,,,0,179,,5725,25,,,0
1002000,'5306',632,,5730,25,,,0,112,,5731,25,,,0,110,,5727,25,,,0,261,,5732,25,,,0,206,,5728,25,,,0,230,,5729,25,,,0,150,,5733,25,,,0,350,,5726,25,,,0
1002000,'5307',708,,5736,25,,,0,427,,5734,25,,,0,489,,5735,25,,,0
1002000,'5308',2055,,5737,25,,,0
