100,'4327',745,,4380,11,,,0,70,,4379,11,,,0,30,,2027,11,,,0,172,,2030,11,,,0,26,,2039,11,,,0,76,,4378,11,,,0,100,,4373,11,,,0,100,,4382,11,,,0,30,,2019,11,,,0,100,,4377,11,,,0,100,,4376,11,,,0,170,,4372,11,,,0,30,,4370,11,,,0,168,,2034,11,,,0,30,,2020,11,,,0,70,,2044,11,,,0,29,,2035,11,,,0,70,,2045,11,,,0,35,,2029,11,,,0
100,'4332',656,,4400,11,,,0,402,,2063,11,,,0,71,,4401,11,,,0,201,,2066,11,,,0,100,,2052,11,,,0,70,,4397,11,,,0,100,,4396,11,,,0,33,,2055,11,,,0,267,,4402,11,,,0,58,,2069,11,,,0,97,,2047,11,,,0,72,,2075,11,,,0,99,,2048,11,,,0,104,,2070,11,,,0
100,'4480',655,,4391,11,,,0,54,,2012,11,,,0,100,,2000,11,,,0,99,,1997,11,,,0,20,,4389,11,,,0,72,,4386,11,,,0,25,,1996,11,,,0,30,,4385,11,,,0,66,,2002,11,,,0,34,,1984,11,,,0,74,,1993,11,,,0,26,,1986,11,,,0,73,,1995,11,,,0,27,,2014,11,,,0,73,,1990,11,,,0,27,,1987,11,,,0,73,,1991,11,,,0,78,,1989,11,,,0,22,,1974,11,,,0,77,,1976,11,,,0,25,,1985,11,,,0,15,,4395,11,,,0,58,,4387,11,,,0,29,,1979,11,,,0,68,,4392,11,,,0,30,,1982,11,,,0,70,,4393,11,,,0,30,,1980,11,,,0,70,,2009,11,,,0,56,,2010,11,,,0,74,,1981,11,,,0,103,,1977,11,,,0,85,,1988,11,,,0
100,'4661',1645,,2015,11,,,0
100,'4663',1645,,2016,11,,,0
100,'5302',913,,4375,11,,,0,32,,2017,11,,,0,204,,2040,11,,,0,100,,4374,11,,,0,170,,4381,11,,,0,100,,2022,11,,,0,100,,2031,11,,,0,30,,4383,11,,,0,168,,4371,11,,,0,29,,2043,11,,,0
100,'5303',625,,2005,11,,,0,106,,2006,11,,,0,19,,4390,11,,,0,81,,2004,11,,,0,18,,4388,11,,,0,696,,4384,11,,,0,585,,1978,11,,,0,170,,4394,11,,,0
100,'5304',625,,5023,11,,,0,106,,5024,11,,,0,19,,5021,11,,,0,81,,5022,11,,,0,18,,5020,11,,,0,696,,5018,11,,,0,585,,5019,11,,,0,170,,5025,11,,,0
100,'5306',726,,5045,11,,,0,30,,5031,11,,,0,70,,5034,11,,,0,30,,5036,11,,,0,65,,5040,11,,,0,37,,5028,11,,,0,71,,5029,11,,,0,128,,5030,11,,,0,71,,5027,11,,,0,29,,5038,11,,,0,143,,5037,11,,,0,130,,5039,11,,,0,170,,5035,11,,,0,30,,5032,11,,,0,26,,5026,11,,,0,74,,5033,11,,,0,100,,5044,11,,,0,98,,5043,11,,,0,129,,5041,11,,,0,99,,5042,11,,,0
100,'5307',913,,5050,11,,,0,32,,5046,11,,,0,204,,5053,11,,,0,100,,5049,11,,,0,170,,5052,11,,,0,100,,5048,11,,,0,100,,5051,11,,,0,30,,5054,11,,,0,168,,5047,11,,,0,29,,5055,11,,,0
2000,'4327',847,,2749,44,,,0,259,,2752,44,,,0,440,,2753,44,,,0,264,,2750,44,,,0
2000,'4332',1212,,2754,44,,,0,440,,4651,44,,,0,103,,4652,44,,,0,469,,2765,61,,,0,102,,2761,61,,,0
2000,'4480',632,,4649,61,,,0,111,,2747,61,,,0,109,,4650,61,,,0,65,,4642,44,,,0,110,,2735,44,,,0,110,,4643,44,,,0,117,,4644,61,,,0,103,,4645,44,,,0,189,,4646,44,,,0,74,,4647,61,,,0,118,,2742,61,,,0,289,,2744,61,,,0,201,,4648,61,,,0
2000,'5302',1325,,2751,44,,,0
2000,'5303',1435,,2739,44,,,0,405,,2743,44,,,0
2000,'5304',1435,,5463,44,,,0,405,,5464,44,,,0
2000,'5306',840,,5470,44,,,0,112,,5469,44,,,0,102,,5471,44,,,0,266,,5465,44,,,0,112,,5466,44,,,0,111,,5467,44,,,0,465,,5468,61,,,0
2000,'5307',1325,,5472,44,,,0
3000,'4327',749,,2869,54,,,0,158,,4678,54,,,0,107,,4677,54,,,0,108,,2872,54,,,0,114,,2863,54,,,0,110,,2865,54,,,0,110,,2871,54,,,0,149,,2866,54,,,0,110,,4676,54,,,0,109,,2864,54,,,0
3000,'4332',831,,2896,54,,,0,77,,4687,54,,,0,33,,2887,54,,,0,74,,4686,54,,,0,185,,2895,54,,,0,36,,2894,54,,,0,110,,2881,54,,,0,75,,2876,54,,,0,35,,4685,54,,,0,75,,2890,54,,,0,78,,4683,54,,,0,106,,2884,54,,,0,108,,2883,54,,,0,298,,2878,54,,,0,103,,4690,54,,,0
3000,'4480',655,,4680,54,,,0,95,,2855,54,,,0,59,,2850,54,,,0,18,,2856,54,,,0,73,,2857,54,,,0,18,,2851,54,,,0,34,,2832,54,,,0,76,,2833,54,,,0,75,,2834,54,,,0,35,,2835,54,,,0,75,,2836,54,,,0,35,,2837,54,,,0,75,,2838,54,,,0,35,,2839,54,,,0,74,,2840,54,,,0,76,,2841,54,,,0,110,,2842,54,,,0,110,,2843,54,,,0,112,,2844,54,,,0,74,,2845,54,,,0,210,,4679,54,,,0,200,,2849,54,,,0
3000,'4663',1543,,5506,54,,,0,262,,5507,54,,,0
3000,'4673',1653,,4681,54,,,0
3000,'5241',1653,,4682,54,,,0
3000,'5302',1933,,2870,54,,,0
3000,'5303',731,,2854,54,,,0,113,,2853,54,,,0,699,,2858,54,,,0,262,,2859,54,,,0,218,,2846,54,,,0,200,,2848,54,,,0
3000,'5304',731,,5511,54,,,0,113,,5510,54,,,0,1179,,5508,54,,,0,200,,5509,54,,,0
3000,'5305',1543,,5512,54,,,0,262,,5513,54,,,0
3000,'5306',724,,5519,54,,,0,328,,5518,54,,,0,73,,5517,54,,,0,186,,5522,54,,,0,329,,5521,54,,,0,113,,5514,54,,,0,106,,5515,54,,,0,150,,5520,54,,,0,314,,5516,54,,,0
3000,'5307',1933,,5523,54,,,0
7200,'4327',741,,3339,28,,,0,364,,3333,28,,,0,120,,3332,28,,,0,219,,3335,28,,,0,102,,3336,28,,,0,154,,3337,28,,,0,110,,3338,28,,,0,110,,3330,28,,,0
7200,'4332',722,,3363,28,,,0,96,,3340,28,,,0,88,,3348,28,,,0,109,,4947,28,,,0,111,,4948,28,,,0,110,,4949,28,,,0,109,,3352,28,,,0,110,,3354,28,,,0,84,,3355,28,,,0,66,,3356,28,,,0,148,,3358,28,,,0,72,,4950,28,,,0,75,,4951,28,,,0,107,,4952,28,,,0,116,,4953,28,,,0,102,,3346,28,,,0
7200,'4480',656,,3325,28,,,0,76,,4944,28,,,0,73,,3323,28,,,0,37,,3322,28,,,0,74,,3302,28,,,0,185,,4935,28,,,0,110,,4936,28,,,0,35,,3308,28,,,0,298,,3313,28,,,0,108,,4939,28,,,0,263,,3318,28,,,0,111,,4942,28,,,0,101,,4943,28,,,0,100,,3321,28,,,0
7200,'4661',1803,,3326,28,,,0
7200,'4663',1803,,3327,28,,,0
7200,'4673',2327,,4945,28,,,0
7200,'5241',2327,,4946,28,,,0
7200,'5302',846,,4934,28,,,0,154,,3331,28,,,0,324,,3334,28,,,0
7200,'5303',950,,3303,28,,,0,75,,3304,28,,,0,111,,3306,28,,,0,185,,4937,28,,,0,35,,3310,28,,,0,78,,4938,28,,,0,75,,3312,28,,,0,108,,3314,28,,,0,110,,4940,28,,,0,113,,4941,28,,,0
7200,'5304',950,,5656,28,,,0,75,,5657,28,,,0,111,,5658,28,,,0,185,,5659,28,,,0,35,,5660,28,,,0,78,,5661,28,,,0,75,,5662,28,,,0,108,,5663,28,,,0,110,,5664,28,,,0,113,,5665,28,,,0
7200,'5306',927,,5666,28,,,0,125,,5668,28,,,0,157,,5669,28,,,0,108,,5670,28,,,0,111,,5672,28,,,0,221,,5673,28,,,0,66,,5667,28,,,0,610,,5671,28,,,0
7200,'5307',846,,5674,28,,,0,154,,5675,28,,,0,324,,5676,28,,,0
1002000,'4327',1001,,3594,67,,,0,443,,3598,67,,,0,493,,3596,67,,,0
1002000,'4332',1037,,3607,67,,,0,221,,3606,67,,,0,253,,3609,67,,,0,391,,3603,67,,,0
1002000,'4480',807,,4996,50,,,0,104,,4997,67,,,0,40,,4998,50,,,0,702,,3586,50,,,0,152,,3587,50,,,0,110,,3588,50,,,0,413,,3589,67,,,0
1002000,'4663',2128,,5719,67,,,0
1002000,'4673',2128,,5720,67,,,0
1002000,'5302',741,,4995,67,,,0,470,,3593,67,,,0,490,,3595,67,,,0
1002000,'5303',657,,3578,50,,,0,445,,3582,50,,,0,110,,3583,50,,,0,110,,4999,50,,,0,194,,3585,67,,,0,612,,3592,67,,,0
1002000,'5304',657,,5721,50,,,0,445,,5722,50,,,0,110,,5723,50,,,0,110,,5724,50,,,0,194,,5725,67,,,0
1002000,'5306',705,,5730,67,,,0,112,,5731,67,,,0,111,,5727,67,,,0,224,,5732,67,,,0,207,,5728,67,,,0,268,,5729,67,,,0,110,,5733,67,,,0,387,,5726,67,,,0
1002000,'5307',741,,5736,67,,,0,470,,5734,67,,,0,490,,5735,67,,,0
1002000,'5308',2128,,5737,67,,,0
