3000,'4327',744,,2869,49,,,0,158,,4678,49,,,0,106,,4677,49,,,0,108,,2872,49,,,0,114,,2863,49,,,0,110,,2865,49,,,0,110,,2871,49,,,0,109,,2866,49,,,0,150,,4676,49,,,0,110,,2864,49,,,0
3000,'4332',826,,2896,49,,,0,77,,4687,49,,,0,32,,2887,49,,,0,74,,4686,49,,,0,145,,2895,49,,,0,76,,2894,49,,,0,110,,2881,49,,,0,75,,2876,49,,,0,35,,4685,49,,,0,75,,2890,49,,,0,78,,4683,49,,,0,106,,2884,49,,,0,109,,2883,49,,,0,298,,2878,49,,,0,103,,4690,49,,,0
3000,'4480',650,,4680,49,,,0,94,,2855,49,,,0,59,,2850,49,,,0,18,,2856,49,,,0,34,,2857,49,,,0,58,,2851,49,,,0,34,,2832,49,,,0,75,,2833,49,,,0,35,,2834,49,,,0,75,,2835,49,,,0,75,,2836,49,,,0,35,,2837,49,,,0,75,,2838,49,,,0,35,,2839,49,,,0,74,,2840,49,,,0,76,,2841,49,,,0,110,,2842,49,,,0,110,,2843,49,,,0,112,,2844,49,,,0,75,,2845,49,,,0,210,,4679,49,,,0,200,,2849,49,,,0
3000,'4663',1537,,5506,49,,,0,222,,5507,49,,,0
3000,'4673',1647,,4681,49,,,0
3000,'5241',1647,,4682,49,,,0
3000,'5302',1928,,2870,49,,,0
3000,'5303',726,,2854,49,,,0,112,,2853,49,,,0,699,,2858,49,,,0,222,,2859,49,,,0,259,,2846,49,,,0,200,,2848,49,,,0
3000,'5304',726,,5511,49,,,0,112,,5510,49,,,0,1180,,5508,49,,,0,200,,5509,49,,,0
3000,'5305',1537,,5512,49,,,0,222,,5513,49,,,0
3000,'5306',719,,5519,49,,,0,327,,5518,49,,,0,73,,5517,49,,,0,186,,5522,49,,,0,329,,5521,49,,,0,114,,5514,49,,,0,106,,5515,49,,,0,150,,5520,49,,,0,314,,5516,49,,,0
3000,'5307',1928,,5523,49,,,0
