4001,'4327',731,,3226,43,,,0,107,,3214,43,,,0,271,,3223,43,,,0,111,,3210,43,,,0,110,,4848,43,,,0,110,,3211,43,,,0,75,,3219,43,,,0,37,,3215,43,,,0,148,,3209,43,,,0,110,,4852,43,,,0,33,,4856,43,,,0,109,,4849,43,,,0,75,,4851,43,,,0
4001,'4332',813,,3243,43,,,0,108,,3248,43,,,0,114,,4917,43,,,0,76,,4906,43,,,0,35,,4918,43,,,0,76,,4909,43,,,0,36,,3237,43,,,0,75,,3238,43,,,0,182,,3245,43,,,0,37,,3239,43,,,0,75,,4916,43,,,0,75,,4910,43,,,0,108,,4915,43,,,0,109,,4911,43,,,0,109,,3252,43,,,0,108,,4919,43,,,0,75,,4914,43,,,0,100,,4907,43,,,0
4001,'4480',700,,3199,43,,,0,32,,4898,43,,,0,75,,4902,43,,,0,16,,4899,43,,,0,14,,4900,43,,,0,18,,4901,43,,,0,55,,4865,43,,,0,28,,4869,43,,,0,14,,4870,43,,,0,55,,4866,43,,,0,15,,4867,43,,,0,30,,4872,43,,,0,55,,4873,43,,,0,16,,4874,43,,,0,15,,4875,43,,,0,15,,4876,43,,,0,56,,4877,43,,,0,15,,3172,43,,,0,17,,4878,43,,,0,85,,4879,43,,,0,30,,4880,43,,,0,56,,4881,43,,,0,16,,4882,43,,,0,30,,4884,43,,,0,55,,4885,43,,,0,15,,4886,43,,,0,15,,4887,43,,,0,14,,4888,43,,,0,55,,4889,43,,,0,30,,4890,43,,,0,15,,4891,43,,,0,54,,3191,43,,,0,29,,4903,43,,,0,15,,4895,43,,,0,54,,3196,43,,,0,29,,4894,43,,,0,15,,4896,43,,,0,91,,4864,43,,,0,60,,4860,43,,,0,108,,3151,43,,,0,100,,4859,43,,,0,26,,4862,43,,,0,69,,4858,43,,,0,30,,4861,43,,,0,70,,4857,43,,,0
4001,'4673',2043,,4904,43,,,0
4001,'5241',2043,,4905,43,,,0
4001,'5302',959,,4853,43,,,0,186,,4850,43,,,0,113,,4847,43,,,0,147,,4855,43,,,0,215,,3218,43,,,0,115,,4854,43,,,0,177,,3212,43,,,0
4001,'5303',924,,4868,43,,,0,113,,4871,43,,,0,219,,3174,43,,,0,55,,3175,43,,,0,30,,3177,43,,,0,102,,4883,43,,,0,184,,3188,43,,,0,98,,4892,43,,,0,98,,4893,43,,,0,85,,4897,43,,,0,16,,3158,43,,,0,100,,4863,43,,,0,118,,3155,43,,,0
4001,'5304',924,,5615,43,,,0,113,,5616,43,,,0,219,,5617,43,,,0,55,,5618,43,,,0,30,,5619,43,,,0,102,,5620,43,,,0,184,,5621,43,,,0,98,,5622,43,,,0,98,,5623,43,,,0,85,,5624,43,,,0,16,,5614,43,,,0,100,,5613,43,,,0,118,,5612,43,,,0
4001,'5306',729,,5634,43,,,0,118,,5633,43,,,0,111,,5630,43,,,0,451,,5632,43,,,0,35,,5625,43,,,0,291,,5631,43,,,0,110,,5627,43,,,0,109,,5626,43,,,0,148,,5628,43,,,0,309,,5629,43,,,0
4001,'5307',959,,5639,43,,,0,186,,5637,43,,,0,113,,5635,43,,,0,147,,5641,43,,,0,215,,5638,43,,,0,115,,5640,43,,,0,177,,5636,43,,,0
