500,'4327',910,,5126,26,,,0,110,,5128,26,,,0,112,,5123,26,,,0,100,,5124,26,,,0,170,,5130,26,,,0,104,,5125,26,,,0,116,,5132,26,,,0,110,,5131,26,,,0,109,,5133,26,,,0,110,,5129,26,,,0
500,'4332',823,,5109,26,,,0,196,,5110,26,,,0,110,,5111,26,,,0,116,,5112,26,,,0,157,,5113,26,,,0,109,,5114,26,,,0,110,,5115,26,,,0,108,,5116,26,,,0,112,,5117,26,,,0,109,,5118,26,,,0,105,,5119,26,,,0,147,,5120,26,,,0,109,,5121,26,,,0
500,'4480',635,,5100,26,,,0,86,,5099,26,,,0,117,,5103,26,,,0,106,,5094,26,,,0,110,,5098,26,,,0,101,,5096,26,,,0,99,,5097,26,,,0,169,,5101,26,,,0,99,,5095,26,,,0,501,,5102,26,,,0,108,,5105,26,,,0,108,,5104,26,,,0,89,,5106,26,,,0
500,'4661',1908,,5108,26,,,0
500,'4663',1637,,5090,26,,,0,117,,5088,26,,,0,154,,5089,26,,,0
500,'4673',1637,,5093,26,,,0,117,,5092,26,,,0
500,'4681',1637,,5136,26,,,0,117,,5135,26,,,0
600,'4327',717,,5221,26,,,0,111,,5229,26,,,0,110,,5228,26,,,0,111,,5226,26,,,0,151,,5223,26,,,0,109,,5230,26,,,0,110,,5220,26,,,0,111,,5227,26,,,0,111,,5225,26,,,0,111,,5231,26,,,0,106,,5224,26,,,0,151,,5222,26,,,0
600,'4332',718,,5210,26,,,0,111,,5213,26,,,0,109,,5207,26,,,0,110,,5217,26,,,0,108,,5208,26,,,0,159,,5211,26,,,0,106,,5212,26,,,0,112,,5214,26,,,0,108,,5216,26,,,0,116,,5205,26,,,0,143,,5209,26,,,0,108,,5206,26,,,0,109,,5218,26,,,0,110,,5219,26,,,0,100,,5215,26,,,0
600,'4480',642,,5201,26,,,0,88,,5195,26,,,0,29,,5190,26,,,0,75,,5188,26,,,0,83,,5194,26,,,0,113,,5199,26,,,0,120,,5189,26,,,0,163,,5200,26,,,0,118,,5191,26,,,0,94,,5193,26,,,0,23,,5192,26,,,0,266,,5197,26,,,0,111,,5196,26,,,0,114,,5198,26,,,0,112,,5202,26,,,0,151,,5203,26,,,0,50,,5204,26,,,0
600,'4663',1700,,5186,26,,,0
600,'4673',1700,,5187,26,,,0
600,'4681',1700,,5232,26,,,0
