3000,'4327',736,,2869,39,,,0,117,,4678,39,,,0,106,,4677,39,,,0,148,,2872,39,,,0,114,,2863,39,,,0,110,,2865,39,,,0,110,,2871,39,,,0,109,,2866,39,,,0,150,,4676,39,,,0,110,,2864,39,,,0
3000,'4332',817,,2896,39,,,0,37,,4687,39,,,0,72,,2887,39,,,0,74,,4686,39,,,0,145,,2895,39,,,0,76,,2894,39,,,0,110,,2881,39,,,0,75,,2876,39,,,0,35,,4685,39,,,0,75,,2890,39,,,0,38,,4683,39,,,0,146,,2884,39,,,0,109,,2883,39,,,0,298,,2878,39,,,0,104,,4690,39,,,0
3000,'4480',641,,4680,39,,,0,93,,2855,39,,,0,19,,2850,39,,,0,58,,2856,39,,,0,34,,2857,39,,,0,58,,2851,39,,,0,34,,2832,39,,,0,75,,2833,39,,,0,35,,2834,39,,,0,75,,2835,39,,,0,35,,2836,39,,,0,75,,2837,39,,,0,75,,2838,39,,,0,34,,2839,39,,,0,74,,2840,39,,,0,36,,2841,39,,,0,151,,2842,39,,,0,110,,2843,39,,,0,113,,2844,39,,,0,75,,2845,39,,,0,211,,4679,39,,,0,201,,2849,39,,,0
3000,'4663',1527,,5506,39,,,0,223,,5507,39,,,0
3000,'4673',1637,,4681,39,,,0
3000,'5241',1637,,4682,39,,,0
3000,'5302',1919,,2870,39,,,0
3000,'5303',717,,2854,39,,,0,111,,2853,39,,,0,699,,2858,39,,,0,223,,2859,39,,,0,259,,2846,39,,,0,202,,2848,39,,,0
3000,'5304',717,,5511,39,,,0,111,,5510,39,,,0,1181,,5508,39,,,0,202,,5509,39,,,0
3000,'5305',1527,,5512,39,,,0,223,,5513,39,,,0
3000,'5306',711,,5519,39,,,0,326,,5518,39,,,0,73,,5517,39,,,0,146,,5522,39,,,0,369,,5521,39,,,0,114,,5514,39,,,0,106,,5515,39,,,0,110,,5520,39,,,0,355,,5516,39,,,0
3000,'5307',1919,,5523,39,,,0
