500,'4332',810,,5109,12,,,0,196,,5110,12,,,0,110,,5111,12,,,0,116,,5112,12,,,0,117,,5113,12,,,0,109,,5114,12,,,0,150,,5115,12,,,0,109,,5116,12,,,0,112,,5117,12,,,0,109,,5118,12,,,0,105,,5119,12,,,0,107,,5120,12,,,0,109,,5121,12,,,0
500,'4480',622,,5100,12,,,0,86,,5099,12,,,0,108,,4460,12,0,6 7,0,6,,5103,12,,,0,108,,5094,12,,,0,110,,5098,12,,,0,101,,5096,12,,,0,99,,5097,12,,,0,168,,5101,12,,,0,99,,5095,12,,,0,503,,5102,12,,,0,108,,5105,12,,,0,109,,5104,12,,,0,89,,5106,12,,,0
500,'4661',1528,,5091,12,0,6 7,0,94,,5093,12,,,0,119,,5092,12,,,0,114,,5108,12,,,0
500,'4663',1528,,5087,12,0,6 7,0,94,,5090,12,,,0,119,,5088,12,,,0,114,,5089,12,,,0
1500,'4332',800,,5422,14,,,0,110,,5417,14,,,0,110,,5425,14,,,0,108,,5421,14,,,0,119,,5420,14,,,0,105,,5418,14,,,0,150,,5423,14,,,0,110,,5424,14,,,0,114,,5415,14,,,0,106,,5416,14,,,0,110,,5419,14,,,0,107,,5426,14,,,0
1500,'4480',922,,2659,14,,,0,30,,2658,14,,,0,70,,2660,14,,,0,30,,4620,14,,,0,69,,4619,14,,,0,31,,4618,14,,,0,69,,4617,14,,,0,100,,2668,14,,,0,30,,5413,14,,,0,75,,2666,14,,,0,33,,2665,14,,,0,372,,5414,14,,,0,219,,4622,14,,,0
1500,'4661',1940,,5412,14,,,0
1500,'4663',1940,,5411,14,,,0
1001500,'4480',704,,3558,19,,,0,35,,3555,19,,,0,77,,3557,19,,,0,33,,3556,19,,,0,401,,5717,19,,,0,285,,3562,19,,,0,76,,3563,19,,,0,37,,3560,19,,,0,76,,3561,19,,,0
1001500,'4661',1759,,4990,19,,,0
1001500,'4663',1759,,4991,19,,,0
