7201,'4327',1025,,3396,17,,,0,116,,3397,17,,,0,259,,3399,17,,,0,107,,3400,17,,,0,111,,3401,17,,,0,106,,3402,17,,,0,110,,3393,17,,,0
7201,'4332',728,,3405,17,,,0,206,,4968,17,,,0,111,,4970,17,,,0,110,,4969,17,,,0,150,,3414,17,,,0,110,,3417,17,,,0,43,,3418,17,,,0,67,,3419,17,,,0,187,,3421,17,,,0,32,,4971,17,,,0,75,,4972,17,,,0,110,,4974,17,,,0,96,,4973,17,,,0,122,,3409,17,,,0,199,,3411,17,,,0
7201,'4480',722,,3387,17,,,0,37,,3385,17,,,0,75,,3386,17,,,0,185,,4956,17,,,0,111,,4955,17,,,0,75,,3371,17,,,0,295,,3375,17,,,0,110,,4959,17,,,0,219,,3380,17,,,0,110,,4962,17,,,0,105,,4963,17,,,0,100,,3381,17,,,0
7201,'4661',1720,,3388,17,,,0
7201,'4663',1720,,3389,17,,,0
7201,'4673',2243,,4964,17,,,0,99,,4965,17,,,0
7201,'5241',2243,,4966,17,,,0,99,,4967,17,,,0
7201,'5302',801,,4954,17,,,0,113,,3394,17,,,0,331,,3395,17,,,0,704,,3398,17,,,0
7201,'5303',909,,3365,17,,,0,35,,3366,17,,,0,111,,3370,17,,,0,185,,4957,17,,,0,75,,3372,17,,,0,35,,4958,17,,,0,75,,3374,17,,,0,110,,3376,17,,,0,110,,4960,17,,,0,109,,4961,17,,,0,150,,3382,17,,,0
7201,'5304',909,,5677,17,,,0,35,,5678,17,,,0,111,,5680,17,,,0,185,,5679,17,,,0,75,,5681,17,,,0,35,,5682,17,,,0,75,,5683,17,,,0,110,,5684,17,,,0,110,,5685,17,,,0,109,,5686,17,,,0,150,,5687,17,,,0
7201,'5306',838,,5688,17,,,0,174,,5690,17,,,0,108,,5691,17,,,0,110,,5692,17,,,0,118,,5694,17,,,0,260,,5695,17,,,0,27,,5689,17,,,0,219,,5696,17,,,0,393,,5693,17,,,0
7201,'5307',801,,5697,17,,,0,113,,5698,17,,,0,331,,5699,17,,,0,704,,5700,17,,,0
