100,'4327',725,,4380,1,,,0,30,,4379,1,,,0,69,,2027,1,,,0,130,,2030,1,,,0,66,,2039,1,,,0,34,,4378,1,,,0,100,,4373,1,,,0,100,,4382,1,,,0,70,,2019,1,,,0,100,,4377,1,,,0,100,,4376,1,,,0,130,,4372,1,,,0,71,,4370,1,,,0,130,,2034,1,,,0,70,,2020,1,,,0,30,,2044,1,,,0,70,,2035,1,,,0,30,,2045,1,,,0,75,,2029,1,,,0
100,'4332',636,,4400,1,,,0,399,,2063,1,,,0,70,,4401,1,,,0,200,,2066,1,,,0,100,,2052,1,,,0,30,,4397,1,,,0,100,,4396,1,,,0,73,,2055,1,,,0,228,,4402,1,,,0,100,,2069,1,,,0,98,,2047,1,,,0,72,,2075,1,,,0,100,,2048,1,,,0,105,,2070,1,,,0
100,'4480',633,,4391,1,,,0,14,,2012,1,,,0,99,,2000,1,,,0,99,,1997,1,,,0,60,,4389,1,,,0,32,,4386,1,,,0,65,,1996,1,,,0,30,,4385,1,,,0,25,,2002,1,,,0,74,,1984,1,,,0,73,,1993,1,,,0,26,,1986,1,,,0,73,,1995,1,,,0,27,,2014,1,,,0,72,,1990,1,,,0,27,,1987,1,,,0,73,,1991,1,,,0,38,,1989,1,,,0,62,,1974,1,,,0,38,,1976,1,,,0,65,,1985,1,,,0,15,,4395,1,,,0,19,,4387,1,,,0,69,,1979,1,,,0,29,,4392,1,,,0,71,,1982,1,,,0,30,,4393,1,,,0,70,,1980,1,,,0,30,,2009,1,,,0,98,,2010,1,,,0,74,,1981,1,,,0,105,,1977,1,,,0,85,,1988,1,,,0
100,'4661',1619,,2015,1,,,0
100,'4663',1619,,2016,1,,,0
100,'5302',852,,4375,1,,,0,70,,2017,1,,,0,202,,2040,1,,,0,100,,4374,1,,,0,130,,4381,1,,,0,100,,2022,1,,,0,100,,2031,1,,,0,70,,4383,1,,,0,131,,4371,1,,,0,69,,2043,1,,,0
100,'5303',605,,2005,1,,,0,104,,2006,1,,,0,18,,4390,1,,,0,81,,2004,1,,,0,18,,4388,1,,,0,693,,4384,1,,,0,590,,1978,1,,,0,131,,4394,1,,,0
100,'5304',605,,5023,1,,,0,104,,5024,1,,,0,18,,5021,1,,,0,81,,5022,1,,,0,18,,5020,1,,,0,693,,5018,1,,,0,590,,5019,1,,,0,131,,5025,1,,,0
100,'5306',706,,5045,1,,,0,30,,5031,1,,,0,70,,5034,1,,,0,30,,5036,1,,,0,22,,5040,1,,,0,77,,5028,1,,,0,71,,5029,1,,,0,126,,5030,1,,,0,71,,5027,1,,,0,29,,5038,1,,,0,103,,5037,1,,,0,170,,5039,1,,,0,130,,5035,1,,,0,71,,5032,1,,,0,26,,5026,1,,,0,74,,5033,1,,,0,100,,5044,1,,,0,100,,5043,1,,,0,130,,5041,1,,,0,100,,5042,1,,,0
100,'5307',852,,5050,1,,,0,70,,5046,1,,,0,202,,5053,1,,,0,100,,5049,1,,,0,130,,5052,1,,,0,100,,5048,1,,,0,100,,5051,1,,,0,70,,5054,1,,,0,131,,5047,1,,,0,69,,5055,1,,,0
101,'4327',813,,4411,14,4,,0,30,,4414,14,4,,0,71,,2136,14,4,,0,28,,4412,14,4,,0,105,,4410,14,4,,0,204,,4408,14,4,,0,100,,4418,14,4,,0,70,,4417,14,4,,0,30,,2125,14,4,,0,100,,4409,14,4,,0,69,,4407,14,4,,0,99,,2134,14,4,,0,28,,4406,14,4,,0,70,,4419,14,4,,0,30,,2148,14,4,,0,70,,2140,14,4,,0,29,,2124,14,4,,0,70,,2141,14,4,,0,30,,2150,14,4,,0,81,,2139,14,4,,0
101,'4332',756,,4455,14,4,,0,345,,4445,14,4,,0,28,,2151,14,4,,0,71,,2154,14,4,,0,101,,2167,14,4,,0,31,,4442,14,4,,0,70,,2177,14,4,,0,30,,4446,14,4,,0,70,,2157,14,4,,0,30,,4450,14,4,,0,70,,2173,14,4,,0,29,,4440,14,4,,0,128,,2166,14,4,,0,70,,4451,14,4,,0,29,,4452,14,4,,0,168,,2159,14,4,,0,32,,4453,14,4,,0,68,,2153,14,4,,0,77,,2183,14,4,,0,52,,2184,14,4,,0,180,,2175,14,4,,0
101,'4480',650,,4431,14,4,,0,92,,2113,14,4,,0,100,,2112,14,4,,0,17,,4428,14,4,,0,65,,4427,14,4,,0,33,,2102,14,4,,0,72,,4424,14,4,,0,25,,2104,14,4,,0,72,,2091,14,4,,0,26,,4426,14,4,,0,74,,2092,14,4,,0,74,,2099,14,4,,0,26,,2120,14,4,,0,33,,2098,14,4,,0,67,,4422,14,4,,0,33,,2097,14,4,,0,77,,2093,14,4,,0,23,,2080,14,4,,0,78,,2082,14,4,,0,22,,2090,14,4,,0,57,,4420,14,4,,0,20,,4423,14,4,,0,64,,2094,14,4,,0,15,,4436,14,4,,0,16,,4425,14,4,,0,72,,2085,14,4,,0,53,,2086,14,4,,0,70,,2114,14,4,,0,30,,2087,14,4,,0,70,,2116,14,4,,0,30,,4421,14,4,,0,100,,2089,14,4,,0,100,,2084,14,4,,0,83,,2083,14,4,,0
101,'4663',1926,,5056,14,4,,0
101,'4673',1926,,5057,14,4,,0
101,'5302',1015,,2144,14,4,,0,103,,4415,14,4,,0,33,,2145,14,4,,0,70,,2126,14,4,,0,100,,4416,14,4,,0,200,,4413,14,4,,0,128,,2127,14,4,,0
101,'5303',723,,4430,14,4,,0,79,,2107,14,4,,0,21,,4432,14,4,,0,692,,4435,14,4,,0,101,,4429,14,4,,0,310,,4439,14,4,,0,300,,4433,14,4,,0,98,,4434,14,4,,0
101,'5304',723,,5060,14,4,,0,79,,5058,14,4,,0,21,,5061,14,4,,0,692,,5064,14,4,,0,101,,5059,14,4,,0,610,,5062,14,4,,0,98,,5063,14,4,,0
101,'5306',726,,5070,14,4,,0,101,,5071,14,4,,0,27,,5073,14,4,,0,75,,5067,14,4,,0,22,,5066,14,4,,0,81,,5075,14,4,,0,196,,5077,14,4,,0,475,,5069,14,4,,0,26,,5065,14,4,,0,198,,5072,14,4,,0,30,,5074,14,4,,0,269,,5076,14,4,,0,98,,5078,14,4,,0,31,,5068,14,4,,0
101,'5307',1015,,5084,14,4,,0,103,,5082,14,4,,0,33,,5085,14,4,,0,70,,5079,14,4,,0,100,,5083,14,4,,0,200,,5081,14,4,,0,128,,5080,14,4,,0
101,'5308',1926,,5086,14,4,,0
901,'4327',708,,2638,1,,,0,96,,2635,1,,,0,140,,2641,1,,,0,113,,2637,1,,,0,169,,2642,1,,,0,109,,2633,1,,,0,166,,4603,1,,,0,134,,2636,1,,,0,286,,2639,1,,,0
901,'4332',730,,4613,1,,,0,76,,2647,1,,,0,102,,2652,1,,,0,45,,2649,1,,,0,277,,2657,1,,,0,73,,2651,1,,,0,39,,4614,1,,,0,98,,4616,1,,,0,106,,2644,1,,,0,104,,4615,1,,,0,155,,2656,1,,,0,100,,2655,1,,,0,201,,2645,1,,,0
901,'4480',510,,2630,1,,,0,97,,2629,1,,,0,31,,2631,1,,,0,65,,2627,1,,,0,32,,2628,1,,,0,22,,4605,1,,,0,144,,2611,1,,,0,102,,2612,1,,,0,97,,4606,1,,,0,54,,2632,1,,,0,93,,4608,1,,,0,82,,4607,1,,,0,86,,2616,1,,,0,115,,2619,1,,,0,70,,4610,1,,,0,112,,4612,1,,,0,91,,2623,1,,,0,105,,2625,1,,,0,95,,2622,1,,,0,101,,2626,1,,,0,198,,2624,1,,,0
901,'5302',1805,,4604,1,,,0
901,'5303',1502,,4609,1,,,0,131,,4611,1,,,0
901,'5304',1502,,5406,1,,,0,131,,5407,1,,,0
901,'5306',630,,5408,1,,,0,493,,5409,1,,,0
901,'5307',1805,,5410,1,,,0
3001,'4327',845,,2937,55,4,,0,383,,2940,55,4,,0,220,,2941,55,4,,0,259,,2933,55,4,,0,212,,4691,55,4,,0,115,,2936,55,4,,0
3001,'4332',928,,2952,55,4,,0,78,,4706,55,4,,0,113,,2951,55,4,,0,299,,2943,55,4,,0,106,,2950,55,4,,0,186,,4704,55,4,,0,107,,4702,55,4,,0,109,,2947,55,4,,0,75,,2949,55,4,,0,108,,4708,55,4,,0
3001,'4480',707,,4698,55,4,,0,48,,4697,55,4,,0,79,,2922,55,4,,0,18,,2924,55,4,,0,56,,2921,55,4,,0,17,,2925,55,4,,0,92,,2900,55,4,,0,35,,2901,55,4,,0,76,,2902,55,4,,0,75,,2903,55,4,,0,36,,2904,55,4,,0,75,,2906,55,4,,0,35,,2907,55,4,,0,77,,2908,55,4,,0,76,,4695,55,4,,0,36,,2909,55,4,,0,76,,2910,55,4,,0,107,,2911,55,4,,0,107,,2913,55,4,,0,108,,2915,55,4,,0,75,,2917,55,4,,0,402,,2919,55,4,,0
3001,'4663',1648,,5524,55,4,,0,570,,5525,55,4,,0
3001,'4673',2218,,5526,55,4,,0
3001,'5302',1007,,4692,55,4,,0,110,,2931,55,4,,0,221,,4693,55,4,,0,262,,4694,55,4,,0,217,,2935,55,4,,0
3001,'5303',942,,2899,55,4,,0,706,,2926,55,4,,0,106,,2912,55,4,,0,148,,2914,55,4,,0,216,,2918,55,4,,0,100,,4701,55,4,,0,96,,4696,55,4,,0
3001,'5304',942,,5527,55,4,,0,812,,5528,55,4,,0,148,,5529,55,4,,0,216,,5531,55,4,,0,196,,5530,55,4,,0
3001,'5305',1648,,5532,55,4,,0
3001,'5306',820,,5541,55,4,,0,222,,5537,55,4,,0,112,,5538,55,4,,0,77,,5534,55,4,,0,76,,5543,55,4,,0,35,,5544,55,4,,0,111,,5535,55,4,,0,148,,5540,55,4,,0,35,,5539,55,4,,0,106,,5546,55,4,,0,110,,5545,55,4,,0,365,,5533,55,4,,0,100,,5542,55,4,,0,101,,5536,55,4,,0
3001,'5307',1007,,5548,55,4,,0,110,,5547,55,4,,0,221,,5550,55,4,,0,262,,5551,55,4,,0,217,,5549,55,4,,0
3001,'5308',2218,,5552,55,4,,0
