'4730',20260309,1,20260310,1,20260311,1,20260312,1,20260313,1,20260316,1,20260317,1,20260318,1,20260319,1,20260320,1,20260323,1,20260324,1,20260325,1,20260326,1,20260327,1,20260330,1,20260331,1,20260401,1,20260402,1,20260407,1,20260408,1,20260409,1,20260410,1
'4737',20260313,1,20260320,1,20260327,1,20260410,1
'4738',20260314,1,20260321,1,20260328,1,20260404,1,20260406,1,20260411,1
'4746',20260309,1,20260310,1,20260311,1,20260312,1,20260316,1,20260317,1,20260318,1,20260319,1,20260323,1,20260324,1,20260325,1,20260326,1,20260330,1,20260331,1,20260401,1,20260402,1,20260407,1,20260408,1,20260409,1
'4781',20260308,1,20260315,1,20260322,1,20260329,1,20260403,1,20260405,1
'4782',20260309,1,20260313,1,20260316,1,20260320,1,20260323,1,20260327,1,20260330,1,20260410,1
'4783',20260309,1,20260316,1,20260323,1,20260330,1
'4784',20260310,1,20260311,1,20260312,1,20260317,1,20260318,1,20260319,1,20260324,1,20260325,1,20260326,1,20260331,1,20260401,1,20260402,1,20260407,1,20260408,1,20260409,1
'5028',20260308,1
'5029',20260309,1
'5030',20260310,1,20260311,1,20260312,1,20260313,1,20260316,1,20260317,1,20260318,1,20260319,1,20260320,1,20260323,1,20260324,1,20260325,1,20260326,1,20260327,1,20260330,1,20260331,1,20260401,1,20260402,1,20260407,1,20260408,1,20260409,1,20260410,1
'5031',20260313,1,20260316,1,20260320,1,20260323,1,20260327,1,20260330,1,20260410,1
'5032',20260314,1,20260321,1,20260328,1,20260404,1,20260406,1,20260411,1
'5033',20260315,1,20260322,1,20260329,1,20260403,1,20260405,1
