701,'4327',719,,2454,13,,,0,109,,4547,13,,,0,225,,2455,13,,,0,151,,4546,13,,,0,106,,2452,13,,,0,221,,2450,13,,,0,217,,2457,13,,,0,255,,2449,13,,,0
701,'4332',828,,4565,13,,,0,110,,2471,13,,,0,111,,4561,13,,,0,477,,4563,13,,,0,120,,4564,13,,,0,697,,2475,13,,,0
701,'4480',658,,4557,13,,,0,85,,4551,13,,,0,188,,4549,13,,,0,115,,4556,13,,,0,155,,4548,13,,,0,115,,4550,13,,,0,115,,2435,13,,,0,105,,2429,13,,,0,280,,2438,13,,,0,115,,4553,13,,,0,115,,4555,13,,,0,111,,2441,13,,,0,192,,2426,13,,,0
701,'4663',1742,,5296,13,,,0
701,'4673',1626,,4559,13,,,0,116,,5297,13,,,0
701,'5241',1626,,4560,13,,,0
701,'5302',949,,2459,13,,,0,470,,2456,13,,,0,223,,2458,13,,,0,216,,2451,13,,,0
701,'5303',714,,2444,13,,,0,104,,2428,13,,,0,883,,4554,13,,,0,41,,2448,13,,,0,114,,2443,13,,,0,460,,4558,13,,,0
701,'5304',714,,5302,13,,,0,104,,5298,13,,,0,883,,5299,13,,,0,155,,5301,13,,,0,460,,5300,13,,,0
701,'5306',718,,5305,13,,,0,483,,5306,13,,,0,109,,5307,13,,,0,112,,5303,13,,,0,326,,5309,13,,,0,110,,5304,13,,,0,145,,5310,13,,,0,105,,5311,13,,,0,108,,5308,13,,,0
701,'5307',949,,5315,13,,,0,470,,5313,13,,,0,223,,5314,13,,,0,216,,5312,13,,,0
701,'5308',1742,,5316,13,,,0
