2001,'4327',924,,2784,33,,,0,228,,2786,33,,,0,258,,2785,33,,,0,209,,2787,33,,,0,224,,2788,33,,,0
2001,'4332',934,,2795,33,,,0,88,,2799,33,,,0,105,,3980,33,,,0,128,,2789,33,,,0,155,,3981,33,,,0,102,,2792,33,,,0,107,,2797,33,,,0,103,,2793,33,,,0,110,,2790,33,,,0,377,,2794,50,,,0,199,,3979,50,,,0
2001,'4480',838,,2777,50,,,0,87,,2766,33,,,0,700,,2771,33,,,0,110,,2772,33,,,0,674,,2774,50,,,0
2001,'4663',1854,,2778,50,,,0,358,,2779,50,,,0
2001,'4673',1854,,2780,50,,,0,358,,2781,50,,,0
2001,'4681',1854,,2782,50,,,0,358,,2783,50,,,0
2001,'5214',702,,2775,33,,,0,104,,2776,50,,,0,228,,2767,33,,,0,110,,2768,33,,,0,111,,2769,33,,,0,280,,2770,50,,,0,418,,2773,33,,,0
2001,'5216',702,,3987,33,,,0,104,,3988,50,,,0,228,,3982,33,,,0,110,,3983,33,,,0,111,,3984,33,,,0,280,,3985,50,,,0,418,,3986,33,,,0
1002001,'4327',823,,3630,50,,,0,214,,3629,50,,,0,271,,4350,50,,,0,222,,4351,50,,,0,217,,3626,50,,,0,304,,3628,50,,,0
1002001,'4332',747,,4353,50,,,0,153,,4354,50,,,0,112,,3631,50,,,0,111,,4352,50,,,0,103,,4360,50,,,0,117,,4359,50,,,0,110,,3632,50,,,0,104,,4356,50,,,0,156,,3633,50,,,0,109,,4357,50,,,0,124,,4355,50,,,0,102,,4361,50,,,0,259,,4358,50,,,0
1002001,'4480',1109,,3614,33,,,0,221,,3616,33,,,0,95,,3617,50,,,0,182,,3619,50,,,0,311,,3622,33,,,0,392,,3624,50,,,0
1002001,'5214',738,,3611,33,,,0,111,,3612,33,,,0,110,,3613,50,,,0,260,,3615,33,,,0,282,,3618,50,,,0,215,,3620,50,,,0,95,,3621,33,,,0,299,,3623,50,,,0
1002001,'5216',738,,4362,33,,,0,111,,4363,33,,,0,110,,4364,50,,,0,260,,4365,33,,,0,282,,4366,50,,,0,215,,4367,50,,,0,95,,4368,33,,,0,299,,4369,50,,,0
