4000,'4327',716,,4742,15,,,0,223,,4739,15,,,0,192,,4737,15,,,0,177,,4751,15,,,0,110,,4743,15,,,0,110,,4740,15,,,0,75,,4748,15,,,0,35,,4747,15,,,0,75,,4754,15,,,0,35,,4738,15,,,0,75,,4749,15,,,0,35,,4744,15,,,0,75,,4753,15,,,0
4000,'4332',650,,4839,15,,,0,71,,4844,15,,,0,111,,4824,15,,,0,72,,4840,15,,,0,34,,4821,15,,,0,77,,4837,15,,,0,107,,4828,15,,,0,110,,4820,15,,,0,75,,4825,15,,,0,35,,4829,15,,,0,75,,4838,15,,,0,113,,4827,15,,,0,107,,4842,15,,,0,79,,4841,15,,,0,31,,4830,15,,,0,186,,4823,15,,,0,77,,4846,15,,,0,35,,4835,15,,,0
4000,'4480',609,,4804,15,,,0,29,,4805,15,,,0,15,,4812,15,,,0,53,,4806,15,,,0,15,,4807,15,,,0,14,,4808,15,,,0,17,,4810,15,0,6 7,0,52,,4811,15,,,0,17,,4762,15,,,0,15,,4763,15,,,0,15,,4764,15,,,0,55,,4765,15,,,0,15,,4766,15,,,0,17,,4767,15,,,0,15,,4768,15,,,0,70,,4770,15,,,0,13,,4771,15,,,0,14,,4772,15,,,0,71,,4774,15,,,0,15,,4775,15,,,0,14,,4776,15,,,0,70,,4778,15,,,0,15,,4779,15,,,0,15,,4780,15,,,0,54,,4781,15,,,0,14,,4782,15,,,0,15,,4783,15,,,0,15,,4784,15,,,0,54,,4785,15,,,0,15,,4786,15,,,0,14,,4787,15,,,0,16,,4788,15,,,0,55,,4789,15,,,0,30,,4792,15,,,0,71,,4794,15,,,0,14,,4795,15,,,0,89,,4798,15,,,0,16,,4796,15,,,0,32,,4800,15,,,0,60,,4801,15,,,0,20,,4802,15,,,0,317,,4758,15,,,0,70,,4761,15,,,0,31,,4757,15,,,0
4000,'4663',2018,,5581,15,,,0
4000,'4673',1856,,4816,15,,,0,162,,5582,15,,,0,102,,4815,15,,,0
4000,'5241',1856,,4819,15,,,0,264,,4818,15,,,0
4000,'5302',833,,4752,15,,,0,181,,4755,15,,,0,32,,4741,15,,,0,113,,4756,15,,,0,75,,4750,15,,,0,109,,4746,15,,,0,108,,4745,15,,,0
4000,'5303',747,,4809,15,,,0,261,,4769,15,,,0,98,,4773,15,,,0,99,,4777,15,,,0,312,,4790,15,,,0,31,,4793,15,,,0,86,,4797,15,,,0,16,,4791,15,,,0,87,,4799,15,,,0,179,,4803,15,,,0,31,,4760,15,,,0,71,,4817,15,,,0,32,,4759,15,,,0
4000,'5304',747,,5594,15,,,0,261,,5585,15,,,0,98,,5586,15,,,0,99,,5587,15,,,0,312,,5588,15,,,0,31,,5590,15,,,0,86,,5591,15,,,0,16,,5589,15,,,0,87,,5592,15,,,0,179,,5593,15,,,0,31,,5584,15,,,0,103,,5583,15,,,0
4000,'5306',755,,5598,15,,,0,292,,5595,15,,,0,110,,5597,15,,,0,295,,5602,15,,,0,150,,5599,15,,,0,221,,5600,15,,,0,35,,5603,15,,,0,291,,5596,15,,,0,99,,5601,15,,,0
4000,'5307',833,,5608,15,,,0,181,,5609,15,,,0,32,,5604,15,,,0,113,,5610,15,,,0,75,,5607,15,,,0,109,,5606,15,,,0,108,,5605,15,,,0
4000,'5308',2018,,5611,15,,,0
