100,'4327',735,,3654,6,,,0,70,,3653,6,,,0,29,,2027,6,,,0,68,,3649,6,,,0,31,,2017,6,,,0,72,,2030,6,,,0,26,,2039,6,,,0,75,,3652,6,,,0,30,,2040,6,,,0,70,,3647,6,,,0,30,,3648,6,,,0,70,,3656,6,,,0,30,,2019,6,,,0,70,,3655,6,,,0,30,,3651,6,,,0,70,,2022,6,,,0,30,,3650,6,,,0,70,,2031,6,,,0,30,,3657,6,,,0,70,,3646,6,,,0,30,,3644,6,,,0,69,,3645,6,,,0,29,,2043,6,,,0,71,,2034,6,,,0,30,,2020,6,,,0,70,,2044,6,,,0,30,,2035,6,,,0,70,,2045,6,,,0,35,,2029,6,,,0
100,'4332',646,,3663,6,,,0,70,,2079,6,,,0,30,,2058,6,,,0,70,,3668,6,,,0,30,,3671,6,,,0,63,,3675,6,,,0,37,,3662,6,,,0,71,,3664,6,,,0,29,,2063,6,,,0,71,,3670,6,,,0,27,,3665,6,,,0,71,,3661,6,,,0,29,,3673,6,,,0,73,,2066,6,,,0,30,,2068,6,,,0,70,,2052,6,,,0,30,,3659,6,,,0,70,,3674,6,,,0,30,,3658,6,,,0,73,,2055,6,,,0,27,,3669,6,,,0,70,,3666,6,,,0,26,,3660,6,,,0,74,,3667,6,,,0,30,,3672,6,,,0,70,,2078,6,,,0,29,,2069,6,,,0,70,,3677,6,,,0,28,,2047,6,,,0,72,,2075,6,,,0,30,,2074,6,,,0,69,,2048,6,,,0,30,,3676,6,,,0,75,,2070,6,,,0
100,'4480',615,,2005,6,,,0,28,,3685,6,,,0,14,,2012,6,,,0,62,,2006,6,,,0,19,,3684,6,,,0,19,,2000,6,,,0,62,,2004,6,,,0,18,,3682,6,,,0,19,,1997,6,,,0,60,,3683,6,,,0,32,,3680,6,,,0,65,,1996,6,,,0,30,,3679,6,,,0,65,,2002,6,,,0,34,,1984,6,,,0,73,,1993,6,,,0,26,,1986,6,,,0,73,,1995,6,,,0,27,,2014,6,,,0,72,,1990,6,,,0,27,,1987,6,,,0,73,,1991,6,,,0,17,,3678,6,,,0,21,,1989,6,,,0,62,,1974,6,,,0,38,,1976,6,,,0,65,,1985,6,,,0,15,,3689,6,,,0,19,,3681,6,,,0,69,,1979,6,,,0,29,,3686,6,,,0,70,,1982,6,,,0,30,,3687,6,,,0,70,,1980,6,,,0,30,,2009,6,,,0,71,,1978,6,,,0,26,,2010,6,,,0,74,,1981,6,,,0,30,,3688,6,,,0,74,,1977,6,,,0,85,,1988,6,,,0
100,'4661',1630,,2015,6,,,0
100,'4663',1630,,2016,6,,,0
2500,'4327',749,,3989,5,0,5,0,210,,3990,5,,,0,255,,2807,5,,,0,515,,2808,5,0,5,0,220,,2809,5,,,0
2500,'4332',749,,3992,5,0,5,0,210,,3994,5,,,0,255,,3993,5,,,0,515,,3995,5,0,5,0,220,,3991,5,,,0
2500,'4480',752,,2800,5,0,5,0,207,,2801,5,,,0,265,,2802,5,0,5,0,125,,3996,5,,,0,374,,2804,5,,,0
3000,'4327',721,,2869,20,,,0,117,,4010,20,,,0,106,,4009,20,,,0,107,,2872,20,,,0,153,,2863,20,,,0,110,,2865,20,,,0,110,,2871,20,,,0,110,,2866,20,,,0,110,,4008,20,,,0,110,,2864,20,,,0,150,,2870,20,,,0
3000,'4332',656,,4017,20,,,0,145,,2896,20,,,0,37,,4016,20,,,0,72,,2887,20,,,0,34,,4015,20,,,0,77,,4013,20,,,0,32,,2880,20,,,0,75,,2895,20,,,0,75,,2894,20,,,0,35,,2897,20,,,0,75,,2881,20,,,0,35,,2876,20,,,0,75,,4014,20,,,0,35,,2890,20,,,0,78,,4011,20,,,0,72,,4019,20,,,0,35,,2884,20,,,0,79,,2875,20,,,0,31,,2883,20,,,0,76,,4012,20,,,0,110,,4018,20,,,0,112,,2878,20,,,0,104,,4020,20,,,0,99,,2879,20,,,0
3000,'4480',626,,4023,20,,,0,75,,2854,20,,,0,16,,2855,20,,,0,17,,2850,20,,,0,18,,2856,20,,,0,57,,2853,20,,,0,17,,2857,20,,,0,18,,2851,20,,,0,75,,2832,20,,,0,35,,2833,20,,,0,75,,2834,20,,,0,75,,2835,20,,,0,34,,2836,20,,,0,75,,2837,20,,,0,35,,2838,20,,,0,74,,2839,20,,,0,34,,2840,20,,,0,75,,2841,20,,,0,111,,2842,20,,,0,111,,2843,20,,,0,155,,2844,20,,,0,36,,2845,20,,,0,109,,2846,20,,,0,102,,4022,20,,,0,101,,2848,20,,,0,102,,2849,20,,,0
3000,'4661',1507,,2858,20,,,0,225,,2859,20,,,0
3000,'4663',1507,,2860,20,,,0,225,,2861,20,,,0
3000,'4673',1618,,4024,20,,,0
3000,'5135',1618,,4021,20,,,0
3001,'4327',826,,2937,36,,,0,121,,4026,36,,,0,110,,2931,36,,,0,151,,2940,36,,,0,110,,4027,36,,,0,110,,2941,36,,,0,112,,4028,36,,,0,108,,2933,36,,,0,110,,2935,36,,,0,143,,4025,36,,,0,115,,2936,36,,,0
3001,'4332',801,,2960,36,,,0,108,,2952,36,,,0,37,,4033,36,,,0,76,,2954,36,,,0,37,,2951,36,,,0,75,,4034,36,,,0,76,,2945,36,,,0,36,,2962,36,,,0,75,,4037,36,,,0,36,,2943,36,,,0,75,,2946,36,,,0,71,,2950,36,,,0,37,,2959,36,,,0,75,,4035,36,,,0,35,,4031,36,,,0,73,,4039,36,,,0,35,,4029,36,,,0,75,,4038,36,,,0,74,,2947,36,,,0,35,,2949,36,,,0,108,,4036,36,,,0,109,,4030,36,,,0,100,,2961,36,,,0,141,,4032,36,,,0
3001,'4480',649,,4045,36,,,0,86,,4044,36,,,0,79,,2922,36,,,0,18,,2924,36,,,0,16,,2921,36,,,0,58,,2925,36,,,0,17,,2899,36,,,0,34,,2900,36,,,0,75,,2901,36,,,0,75,,2902,36,,,0,35,,2903,36,,,0,76,,2904,36,,,0,35,,2906,36,,,0,75,,2907,36,,,0,76,,2908,36,,,0,35,,4042,36,,,0,76,,2909,36,,,0,37,,2910,36,,,0,148,,2911,36,,,0,34,,2912,36,,,0,74,,2913,36,,,0,34,,2914,36,,,0,75,,2915,36,,,0,35,,2917,36,,,0,148,,2918,36,,,0,157,,4043,36,,,0,100,,2919,36,,,0
3001,'4661',1626,,2926,36,,,0
3001,'4663',1626,,2927,36,,,0,574,,4040,36,,,0
3001,'4673',2200,,4046,36,,,0
3001,'4681',2200,,4041,36,,,0
4001,'4327',720,,3226,28,,,0,107,,3214,28,,,0,120,,4191,28,,,0,110,,3223,28,,,0,76,,4188,28,,,0,75,,3210,28,,,0,38,,4185,28,,,0,72,,4186,28,,,0,35,,4193,28,,,0,75,,3211,28,,,0,75,,3219,28,,,0,37,,3215,28,,,0,68,,3218,28,,,0,40,,3209,28,,,0,75,,4192,28,,,0,35,,4190,28,,,0,75,,4194,28,,,0,69,,3212,28,,,0,40,,4187,28,,,0,75,,4189,28,,,0
4001,'4332',718,,3254,28,,,0,83,,3243,28,,,0,34,,3251,28,,,0,74,,3248,28,,,0,37,,3240,28,,,0,77,,4207,28,,,0,36,,4195,28,,,0,75,,4208,28,,,0,76,,4198,28,,,0,35,,3237,28,,,0,75,,3238,28,,,0,36,,3250,28,,,0,75,,3229,28,,,0,71,,3245,28,,,0,38,,3239,28,,,0,75,,4206,28,,,0,35,,4199,28,,,0,73,,4203,28,,,0,35,,4205,28,,,0,75,,4201,28,,,0,74,,4200,28,,,0,35,,4197,28,,,0,75,,3252,28,,,0,34,,4202,28,,,0,74,,4209,28,,,0,75,,4204,28,,,0,100,,4196,28,,,0,101,,3236,28,,,0
4001,'4480',649,,3199,28,,,0,72,,4252,28,,,0,32,,4256,28,,,0,56,,4253,28,,,0,15,,4254,28,,,0,18,,4255,28,,,0,16,,4219,28,,,0,55,,4222,28,,,0,14,,4223,28,,,0,14,,4224,28,,,0,15,,4220,28,,,0,55,,4221,28,,,0,15,,4225,28,,,0,15,,4226,28,,,0,15,,4227,28,,,0,55,,4228,28,,,0,15,,4229,28,,,0,15,,4230,28,,,0,16,,4231,28,,,0,55,,3172,28,,,0,17,,4232,28,,,0,15,,3174,28,,,0,15,,3175,28,,,0,55,,4233,28,,,0,15,,3177,28,,,0,15,,4234,28,,,0,15,,4235,28,,,0,56,,4236,28,,,0,15,,4237,28,,,0,15,,4238,28,,,0,55,,4239,28,,,0,15,,4240,28,,,0,15,,4241,28,,,0,15,,4242,28,,,0,55,,4243,28,,,0,15,,3188,28,,,0,15,,4244,28,,,0,15,,4245,28,,,0,14,,3191,28,,,0,54,,4246,28,,,0,15,,4257,28,,,0,15,,4249,28,,,0,15,,3196,28,,,0,54,,4247,28,,,0,15,,4248,28,,,0,15,,4250,28,,,0,15,,4251,28,,,0,56,,3158,28,,,0,20,,4218,28,,,0,20,,4214,28,,,0,60,,4217,28,,,0,88,,3151,28,,,0,30,,3155,28,,,0,70,,4213,28,,,0,28,,4216,28,,,0,29,,4212,28,,,0,70,,4215,28,,,0,30,,4211,28,,,0
4001,'4673',2032,,4258,28,,,0
4001,'5135',2032,,4210,28,,,0
