500,'4327',902,,2215,17,,,0,110,,3747,17,,,0,112,,3745,17,,,0,100,,3746,17,,,0,130,,3748,17,,,0,104,,2214,17,,,0,156,,2221,17,,,0,110,,2220,17,,,0,110,,2222,17,,,0,110,,2218,17,,,0
500,'4332',816,,3749,17,,,0,196,,3750,17,,,0,110,,3751,17,,,0,116,,3752,17,,,0,117,,3753,17,,,0,149,,3754,17,,,0,110,,3755,17,,,0,108,,3756,17,,,0,112,,3757,17,,,0,109,,3758,17,,,0,105,,3759,17,,,0,107,,3760,17,,,0,149,,3761,17,,,0
500,'4480',628,,2193,17,,,0,86,,2192,17,,,0,116,,2196,17,,,0,106,,2187,17,,,0,110,,2191,17,,,0,101,,2189,17,,,0,99,,2190,17,,,0,168,,3770,17,,,0,99,,3769,17,,,0,502,,2195,17,,,0,108,,3771,17,,,0,109,,2197,17,,,0,89,,2199,17,,,0
500,'4661',1900,,2201,17,,,0
500,'4663',1628,,3764,17,,,0,118,,3763,17,,,0,154,,2204,17,,,0
500,'4673',1628,,3775,17,,,0,118,,3774,17,,,0
500,'4681',1628,,3767,17,,,0,118,,3766,17,,,0
801,'4327',809,,2542,2,,,0,121,,2540,2,,,0,104,,2544,2,,,0,111,,2543,2,,,0,156,,2545,2,,,0,109,,2546,2,,,0,112,,2539,2,,,0,111,,2537,2,,,0,106,,2538,2,,,0,110,,2548,2,,,0,106,,2547,2,,,0
801,'4332',659,,2550,2,,,0,150,,2551,2,,,0,110,,2552,2,,,0,111,,2553,2,,,0,123,,2561,2,,,0,148,,3902,2,,,0,112,,2554,2,,,0,104,,3897,2,,,0,120,,2556,2,,,0,102,,3898,2,,,0,110,,3896,2,,,0,105,,3899,2,,,0,105,,3900,2,,,0,149,,3901,2,,,0
801,'4480',527,,3906,2,,,0,129,,2521,2,,,0,102,,2524,2,,,0,154,,2530,2,,,0,115,,2520,2,,,0,125,,2529,2,,,0,154,,3903,2,,,0,114,,2522,2,,,0,231,,2525,2,,,0,155,,3904,2,,,0,115,,3905,2,,,0,116,,2526,2,,,0,112,,3907,2,,,0,159,,2533,2,,,0
801,'4663',1525,,2534,2,,,0
801,'4673',1525,,2535,2,,,0
801,'4681',1525,,2536,2,,,0
