7200,'4327',727,,3339,15,,,0,323,,3333,15,,,0,160,,3332,15,,,0,219,,3335,15,,,0,102,,3336,15,,,0,114,,3337,15,,,0,110,,3338,15,,,0,150,,3330,15,,,0
7200,'4332',708,,3363,15,,,0,95,,3340,15,,,0,48,,3348,15,,,0,149,,4947,15,,,0,110,,4948,15,,,0,110,,4949,15,,,0,110,,3352,15,,,0,110,,3354,15,,,0,84,,3355,15,,,0,26,,3356,15,,,0,188,,3358,15,,,0,72,,4950,15,,,0,35,,4951,15,,,0,108,,4952,15,,,0,156,,4953,15,,,0,102,,3346,15,,,0
7200,'4480',642,,3325,15,,,0,75,,4944,15,,,0,33,,3323,15,,,0,77,,3322,15,,,0,74,,3302,15,,,0,144,,4935,15,,,0,110,,4936,15,,,0,75,,3308,15,,,0,296,,3313,15,,,0,110,,4939,15,,,0,264,,3318,15,,,0,112,,4942,15,,,0,102,,4943,15,,,0,100,,3321,15,,,0
7200,'4661',1748,,3326,15,,,0
7200,'4663',1748,,3327,15,,,0
7200,'4673',2314,,4945,15,,,0
7200,'5241',2314,,4946,15,,,0
7200,'5302',832,,4934,15,,,0,113,,3331,15,,,0,364,,3334,15,,,0
7200,'5303',935,,3303,15,,,0,75,,3304,15,,,0,110,,3306,15,,,0,185,,4937,15,,,0,35,,3310,15,,,0,76,,4938,15,,,0,35,,3312,15,,,0,150,,3314,15,,,0,110,,4940,15,,,0,114,,4941,15,,,0
7200,'5304',935,,5656,15,,,0,75,,5657,15,,,0,110,,5658,15,,,0,185,,5659,15,,,0,35,,5660,15,,,0,76,,5661,15,,,0,35,,5662,15,,,0,150,,5663,15,,,0,110,,5664,15,,,0,114,,5665,15,,,0
7200,'5306',912,,5666,15,,,0,124,,5668,15,,,0,117,,5669,15,,,0,149,,5670,15,,,0,111,,5672,15,,,0,221,,5673,15,,,0,66,,5667,15,,,0,611,,5671,15,,,0
7200,'5307',832,,5674,15,,,0,113,,5675,15,,,0,364,,5676,15,,,0
