3001,'4327',809,,2937,14,,,0,342,,2940,14,,,0,259,,2941,14,,,0,221,,2933,14,,,0,214,,4691,14,,,0,155,,2936,14,,,0
3001,'4332',852,,2952,14,,,0,77,,4706,14,,,0,113,,2951,14,,,0,297,,2943,14,,,0,106,,2950,14,,,0,188,,4704,14,,,0,108,,4702,14,,,0,110,,2947,14,,,0,75,,2949,14,,,0,108,,4708,14,,,0
3001,'4480',633,,4698,14,,,0,85,,4697,14,,,0,37,,2922,14,,,0,58,,2924,14,,,0,17,,2921,14,,,0,18,,2925,14,,,0,91,,2900,14,,,0,75,,2901,14,,,0,35,,2902,14,,,0,75,,2903,14,,,0,76,,2904,14,,,0,35,,2906,14,,,0,75,,2907,14,,,0,35,,2908,14,,,0,75,,4695,14,,,0,36,,2909,14,,,0,77,,2910,14,,,0,108,,2911,14,,,0,109,,2913,14,,,0,150,,2915,14,,,0,35,,2917,14,,,0,407,,2919,14,,,0
3001,'4663',1607,,5524,14,,,0,538,,5525,14,,,0
3001,'4673',2145,,5526,14,,,0
3001,'5302',930,,4692,14,,,0,110,,2931,14,,,0,260,,4693,14,,,0,222,,4694,14,,,0,220,,2935,14,,,0
3001,'5303',905,,2899,14,,,0,702,,2926,14,,,0,109,,2912,14,,,0,109,,2914,14,,,0,219,,2918,14,,,0,101,,4701,14,,,0,97,,4696,14,,,0
3001,'5304',905,,5527,14,,,0,811,,5528,14,,,0,109,,5529,14,,,0,219,,5531,14,,,0,198,,5530,14,,,0
3001,'5305',1607,,5532,14,,,0
3001,'5306',744,,5541,14,,,0,261,,5537,14,,,0,112,,5538,14,,,0,35,,5534,14,,,0,76,,5543,14,,,0,75,,5544,14,,,0,111,,5535,14,,,0,108,,5540,14,,,0,35,,5539,14,,,0,149,,5546,14,,,0,110,,5545,14,,,0,327,,5533,14,,,0,100,,5542,14,,,0,102,,5536,14,,,0
3001,'5307',930,,5548,14,,,0,110,,5547,14,,,0,260,,5550,14,,,0,222,,5551,14,,,0,220,,5549,14,,,0
3001,'5308',2145,,5552,14,,,0
