4000,'4327',749,,4742,50,,,0,266,,4739,50,,,0,192,,4737,50,,,0,138,,4751,50,,,0,110,,4743,50,,,0,150,,4740,50,,,0,35,,4748,50,,,0,75,,4747,50,,,0,35,,4754,50,,,0,75,,4738,50,,,0,34,,4749,50,,,0,74,,4744,50,,,0,75,,4753,50,,,0
4000,'4332',724,,4839,50,,,0,32,,4844,50,,,0,152,,4824,50,,,0,33,,4840,50,,,0,75,,4821,50,,,0,37,,4837,50,,,0,148,,4828,50,,,0,111,,4820,50,,,0,35,,4825,50,,,0,75,,4829,50,,,0,35,,4838,50,,,0,152,,4827,50,,,0,107,,4842,50,,,0,39,,4841,50,,,0,71,,4830,50,,,0,184,,4823,50,,,0,36,,4846,50,,,0,75,,4835,50,,,0
4000,'4480',643,,4804,50,,,0,70,,4805,50,,,0,16,,4812,50,,,0,14,,4806,50,,,0,15,,4807,50,,,0,57,,4808,50,,,0,30,,4811,50,,,0,55,,4762,50,,,0,15,,4763,50,,,0,15,,4764,50,,,0,15,,4765,50,,,0,55,,4766,50,,,0,15,,4767,50,,,0,15,,4768,50,,,0,70,,4770,50,,,0,15,,4771,50,,,0,15,,4772,50,,,0,71,,4774,50,,,0,15,,4775,50,,,0,15,,4776,50,,,0,70,,4778,50,,,0,15,,4779,50,,,0,15,,4780,50,,,0,15,,4781,50,,,0,55,,4782,50,,,0,15,,4783,50,,,0,15,,4784,50,,,0,15,,4785,50,,,0,55,,4786,50,,,0,15,,4787,50,,,0,15,,4788,50,,,0,15,,4789,50,,,0,70,,4792,50,,,0,30,,4794,50,,,0,55,,4795,50,,,0,45,,4798,50,,,0,55,,4796,50,,,0,32,,4800,50,,,0,20,,4801,50,,,0,60,,4802,50,,,0,312,,4758,50,,,0,29,,4761,50,,,0,71,,4757,50,,,0
4000,'4663',2054,,5581,50,,,0
4000,'4673',1934,,4816,50,,,0,120,,5582,50,,,0,101,,4815,50,,,0
4000,'5241',1934,,4819,50,,,0,221,,4818,50,,,0
4000,'5302',907,,4752,50,,,0,143,,4755,50,,,0,72,,4741,50,,,0,113,,4756,50,,,0,75,,4750,50,,,0,110,,4746,50,,,0,108,,4745,50,,,0
4000,'5303',830,,4809,50,,,0,215,,4769,50,,,0,101,,4773,50,,,0,100,,4777,50,,,0,355,,4790,50,,,0,30,,4793,50,,,0,85,,4797,50,,,0,15,,4791,50,,,0,85,,4799,50,,,0,138,,4803,50,,,0,70,,4760,50,,,0,30,,4817,50,,,0,72,,4759,50,,,0
4000,'5304',830,,5594,50,,,0,215,,5585,50,,,0,101,,5586,50,,,0,100,,5587,50,,,0,355,,5588,50,,,0,30,,5590,50,,,0,85,,5591,50,,,0,15,,5589,50,,,0,85,,5592,50,,,0,138,,5593,50,,,0,70,,5584,50,,,0,102,,5583,50,,,0
4000,'5306',831,,5598,50,,,0,295,,5595,50,,,0,110,,5597,50,,,0,296,,5602,50,,,0,109,,5599,50,,,0,260,,5600,50,,,0,34,,5603,50,,,0,290,,5596,50,,,0,99,,5601,50,,,0
4000,'5307',907,,5608,50,,,0,143,,5609,50,,,0,72,,5604,50,,,0,113,,5610,50,,,0,75,,5607,50,,,0,110,,5606,50,,,0,108,,5605,50,,,0
4000,'5308',2054,,5611,50,,,0
