501,'4327',831,,2264,3,,,0,110,,3778,3,,,0,111,,3776,3,,,0,100,,3777,3,,,0,170,,3779,3,,,0,104,,2263,3,,,0,116,,2270,3,,,0,110,,2269,3,,,0,150,,2271,3,,,0,110,,2267,3,,,0,110,,2265,3,,,0
501,'4480',641,,2241,3,,,0,110,,2245,3,,,0,150,,2237,3,,,0,110,,2242,3,,,0,101,,2239,3,,,0,99,,2240,3,,,0,730,,2243,3,,,0,260,,2246,3,,,0,49,,2248,3,,,0
501,'4661',1826,,2250,3,,,0
501,'4663',1552,,3794,3,,,0,159,,3795,3,,,0,115,,2252,3,,,0
501,'4681',1552,,3797,3,,,0,159,,3798,3,,,0
501,'5214',1339,,2244,3,,,0,98,,2238,3,,,0,115,,2256,3,,,0,159,,2257,3,,,0,339,,2247,3,,,0
501,'5216',1339,,3800,3,,,0,98,,3799,3,,,0,613,,3801,3,,,0
501,'5219',1552,,3804,3,,,0,159,,3805,3,,,0
601,'4327',801,,3820,3,,,0,110,,3824,3,,,0,110,,2349,3,,,0,110,,3821,3,,,0,110,,2350,3,,,0,110,,2352,3,,,0,150,,2356,3,,,0,110,,3819,3,,,0,110,,3823,3,,,0,110,,3822,3,,,0,110,,2354,3,,,0
601,'4332',726,,2368,3,,,0,185,,3828,3,,,0,102,,2366,3,,,0,118,,2370,3,,,0,110,,3827,3,,,0,110,,2365,3,,,0,150,,3825,3,,,0,109,,2362,3,,,0,111,,3826,3,,,0,110,,2364,3,,,0,112,,2361,3,,,0,108,,2373,3,,,0,96,,3829,3,,,0,104,,2371,3,,,0,85,,2372,3,,,0
601,'4480',651,,2338,3,,,0,81,,2337,3,,,0,70,,2333,3,,,0,45,,2345,3,,,0,155,,2334,3,,,0,125,,2344,3,,,0,113,,2336,3,,,0,115,,2335,3,,,0,155,,2339,3,,,0,116,,2341,3,,,0,389,,2343,3,,,0,232,,2347,3,,,0
601,'5214',1741,,2342,3,,,0,118,,2340,3,,,0,268,,2346,3,,,0,211,,2348,3,,,0
601,'5216',1741,,3831,3,,,0,118,,3830,3,,,0,268,,3832,3,,,0,211,,3833,3,,,0
