4000,'4327',709,,4742,5,,,0,222,,4739,5,,,0,192,,4737,5,,,0,177,,4751,5,,,0,110,,4743,5,,,0,110,,4740,5,,,0,35,,4748,5,,,0,75,,4747,5,,,0,75,,4754,5,,,0,35,,4738,5,,,0,75,,4749,5,,,0,35,,4744,5,,,0,75,,4753,5,,,0
4000,'4332',643,,4839,5,,,0,70,,4844,5,,,0,111,,4824,5,,,0,32,,4840,5,,,0,74,,4821,5,,,0,77,,4837,5,,,0,106,,4828,5,,,0,110,,4820,5,,,0,35,,4825,5,,,0,75,,4829,5,,,0,75,,4838,5,,,0,113,,4827,5,,,0,107,,4842,5,,,0,79,,4841,5,,,0,31,,4830,5,,,0,186,,4823,5,,,0,78,,4846,5,,,0,35,,4835,5,,,0
4000,'4480',603,,4804,5,,,0,29,,4805,5,,,0,14,,4812,5,,,0,13,,4806,5,,,0,55,,4807,5,,,0,13,,4808,5,,,0,16,,4810,5,0,6 7,0,12,,4811,5,,,0,57,,4762,5,,,0,15,,4763,5,,,0,16,,4764,5,,,0,15,,4765,5,,,0,55,,4766,5,,,0,17,,4767,5,,,0,15,,4768,5,,,0,70,,4770,5,,,0,13,,4771,5,,,0,14,,4772,5,,,0,71,,4774,5,,,0,15,,4775,5,,,0,14,,4776,5,,,0,70,,4778,5,,,0,15,,4779,5,,,0,15,,4780,5,,,0,14,,4781,5,,,0,54,,4782,5,,,0,15,,4783,5,,,0,15,,4784,5,,,0,13,,4785,5,,,0,55,,4786,5,,,0,14,,4787,5,,,0,16,,4788,5,,,0,15,,4789,5,,,0,69,,4792,5,,,0,32,,4794,5,,,0,53,,4795,5,,,0,50,,4798,5,,,0,56,,4796,5,,,0,32,,4800,5,,,0,60,,4801,5,,,0,20,,4802,5,,,0,319,,4758,5,,,0,70,,4761,5,,,0,32,,4757,5,,,0
4000,'4663',2010,,5581,5,,,0
4000,'4673',1847,,4816,5,,,0,163,,5582,5,,,0,102,,4815,5,,,0
4000,'5241',1847,,4819,5,,,0,265,,4818,5,,,0
4000,'5302',825,,4752,5,,,0,181,,4755,5,,,0,32,,4741,5,,,0,113,,4756,5,,,0,75,,4750,5,,,0,109,,4746,5,,,0,108,,4745,5,,,0
4000,'5303',739,,4809,5,,,0,261,,4769,5,,,0,58,,4773,5,,,0,99,,4777,5,,,0,350,,4790,5,,,0,32,,4793,5,,,0,85,,4797,5,,,0,16,,4791,5,,,0,88,,4799,5,,,0,179,,4803,5,,,0,32,,4760,5,,,0,71,,4817,5,,,0,32,,4759,5,,,0
4000,'5304',739,,5594,5,,,0,261,,5585,5,,,0,58,,5586,5,,,0,99,,5587,5,,,0,350,,5588,5,,,0,32,,5590,5,,,0,85,,5591,5,,,0,16,,5589,5,,,0,88,,5592,5,,,0,179,,5593,5,,,0,32,,5584,5,,,0,103,,5583,5,,,0
4000,'5306',747,,5598,5,,,0,292,,5595,5,,,0,109,,5597,5,,,0,295,,5602,5,,,0,110,,5599,5,,,0,261,,5600,5,,,0,35,,5603,5,,,0,292,,5596,5,,,0,100,,5601,5,,,0
4000,'5307',825,,5608,5,,,0,181,,5609,5,,,0,32,,5604,5,,,0,113,,5610,5,,,0,75,,5607,5,,,0,109,,5606,5,,,0,108,,5605,5,,,0
4000,'5308',2010,,5611,5,,,0
1002000,'4327',914,,3594,5,,,0,440,,3598,5,,,0,497,,3596,5,,,0
1002000,'4332',949,,3607,5,,,0,260,,3606,5,,,0,212,,3609,5,,,0,393,,3603,5,,,0
1002000,'4480',728,,4996,5,,,0,89,,4997,5,,,0,96,,4998,5,,,0,697,,3586,5,,,0,113,,3587,5,,,0,113,,3588,5,,,0,407,,3589,5,,,0
1002000,'4663',2043,,5719,5,,,0
1002000,'4673',2043,,5720,5,,,0
1002000,'5302',656,,4995,5,,,0,467,,3593,5,,,0,488,,3595,5,,,0
1002000,'5303',621,,3578,5,,,0,402,,3582,5,,,0,109,,3583,5,,,0,110,,4999,5,,,0,178,,3585,5,,,0,623,,3592,5,,,0
1002000,'5304',621,,5721,5,,,0,402,,5722,5,,,0,109,,5723,5,,,0,110,,5724,5,,,0,178,,5725,5,,,0
1002000,'5306',620,,5730,5,,,0,112,,5731,5,,,0,110,,5727,5,,,0,261,,5732,5,,,0,206,,5728,5,,,0,230,,5729,5,,,0,110,,5733,5,,,0,390,,5726,5,,,0
1002000,'5307',656,,5736,5,,,0,467,,5734,5,,,0,488,,5735,5,,,0
1002000,'5308',2043,,5737,5,,,0
