900,'4528',657,,6333,60,,,0,101,,6332,60,,,0,73,,6330,60,,,0,71,,6331,60,,,0,32,,6326,52,,,0,22,,6315,46,,,0,99,,6314,52,,,0,146,,6313,60,,,0,55,,6316,52,,,0,102,,6334,60,,,0,86,,6318,52,,,0,89,,6317,60,,,0,83,,6319,52,,,0,86,,6321,60,,,0,25,,6322,46,,,0,77,,6320,60,,,0,22,,6323,46,,,0,78,,6324,60,,,0,52,,6325,60,,,0,100,,6327,52,,,0,91,,6328,38,,,0,107,,6329,60,,,0
900,'4532',826,,6335,60,,,0,100,,6337,60,,,0,77,,6338,46,,,0,99,,6343,46,,,0,50,,6340,60,,,0,167,,6339,46,,,0,112,,6348,60,,,0,70,,6342,52,,,0,42,,6341,60,,,0,61,,6349,46,,,0,36,,6345,60,,,0,100,,6336,46,,,0,105,,6344,60,,,0,109,,6347,46,,,0,102,,6346,60,,,0
900,'5221',911,,6355,60,,,0,103,,6352,60,,,0,134,,6358,60,,,0,164,,6354,60,,,0,128,,6359,60,,,0,99,,6350,60,,,0,169,,6351,60,,,0,133,,6353,60,,,0,162,,6357,60,,,0,119,,6356,60,,,0
3100,'4528',649,,6697,19,,,0,95,,6698,19,,,0,111,,6699,19,,,0,90,,6700,19,,,0,109,,6701,19,,,0,100,,6702,19,,,0,100,,6703,19,,,0,100,,6704,19,,,0,100,,6705,19,,,0,98,,6706,19,,,0,102,,6707,19,,,0,101,,6708,19,,,0,104,,6709,19,,,0,100,,6710,19,,,0
3100,'4532',756,,6715,19,,,0,145,,6719,19,,,0,58,,6721,19,,,0,172,,6720,19,,,0,170,,6713,19,,,0,100,,6716,19,,,0,100,,6711,19,,,0,100,,6712,19,,,0,100,,6717,19,,,0,100,,6714,19,,,0,100,,6718,19,,,0
3100,'5221',845,,6727,19,,,0,165,,6723,19,,,0,120,,6729,19,,,0,170,,6724,19,,,0,125,,6726,19,,,0,130,,6730,19,,,0,160,,6722,19,,,0,126,,6725,19,,,0,179,,6728,19,,,0
4001,'4528',706,,6876,54,,,0,108,,6878,54,,,0,30,,6877,54,,,0,72,,6857,54,,,0,28,,6859,54,,,0,69,,6858,54,,,0,30,,6860,54,,,0,70,,6861,54,,,0,31,,6862,54,,,0,105,,6863,54,,,0,70,,6864,54,,,0,30,,6865,54,,,0,71,,6866,54,,,0,31,,6867,54,,,0,70,,6868,54,,,0,30,,6869,54,,,0,69,,6871,54,,,0,30,,6870,54,,,0,68,,6872,54,,,0,28,,6879,54,,,0,69,,6874,54,,,0,29,,6873,54,,,0,70,,6875,54,,,0,36,,6856,54,,,0,70,,6855,54,,,0,29,,6854,54,,,0,69,,6850,54,,,0,30,,6853,54,,,0,70,,6849,54,,,0,26,,6852,54,,,0,69,,6848,54,,,0,30,,6851,54,,,0,70,,6847,54,,,0
4001,'4532',736,,6909,54,,,0,85,,6898,54,,,0,34,,6906,54,,,0,74,,6903,54,,,0,77,,6895,54,,,0,37,,6902,54,,,0,76,,6882,54,,,0,35,,6904,54,,,0,76,,6886,54,,,0,76,,6892,54,,,0,35,,6893,54,,,0,76,,6905,54,,,0,35,,6884,54,,,0,71,,6900,54,,,0,77,,6894,54,,,0,35,,6901,54,,,0,75,,6887,54,,,0,32,,6896,54,,,0,75,,6899,54,,,0,35,,6889,54,,,0,74,,6888,54,,,0,74,,6885,54,,,0,34,,6907,54,,,0,74,,6890,54,,,0,34,,6908,54,,,0,75,,6897,54,,,0,100,,6883,54,,,0,100,,6891,54,,,0
4001,'4623',739,,6881,54,,,0,477,,6880,54,,,0
4001,'5221',738,,6929,54,,,0,108,,6917,54,,,0,161,,6924,54,,,0,110,,6926,54,,,0,36,,6919,54,,,0,75,,6913,54,,,0,78,,6910,54,,,0,32,,6911,54,,,0,75,,6927,54,,,0,35,,6914,54,,,0,75,,6922,54,,,0,77,,6918,54,,,0,27,,6921,54,,,0,80,,6912,54,,,0,35,,6925,54,,,0,75,,6923,54,,,0,32,,6928,54,,,0,69,,6915,54,,,0,40,,6916,54,,,0,75,,6920,54,,,0
4001,'5222',739,,6931,54,,,0,477,,6930,54,,,0
1002001,'4528',751,,7269,50,,,0,152,,7270,50,,,0,219,,7271,50,,,0,110,,7272,50,,,0,111,,7273,50,,,0,97,,7274,67,,,0,76,,7275,67,,,0,213,,7276,67,,,0,94,,7277,50,,,0,107,,7278,50,,,0,192,,7279,67,,,0,200,,7280,67,,,0
1002001,'4532',759,,7287,67,,,0,155,,7288,67,,,0,112,,7283,67,,,0,111,,7286,67,,,0,103,,7294,67,,,0,117,,7293,67,,,0,150,,7284,67,,,0,103,,7290,67,,,0,115,,7285,67,,,0,109,,7291,67,,,0,124,,7289,67,,,0,142,,7295,67,,,0,219,,7292,67,,,0
1002001,'4623',1012,,7281,67,,,0,610,,7282,67,,,0
1002001,'5221',836,,7301,67,,,0,215,,7300,67,,,0,271,,7296,67,,,0,222,,7298,67,,,0,256,,7297,67,,,0,303,,7299,67,,,0
1002001,'5222',1012,,7302,67,,,0,610,,7303,67,,,0
