2001,'4327',915,,2784,17,,,0,227,,2786,17,,,0,259,,2785,17,,,0,209,,2787,17,,,0,224,,2788,17,,,0
2001,'4332',925,,2795,17,,,0,88,,2799,17,,,0,105,,3980,17,,,0,128,,2789,17,,,0,155,,3981,17,,,0,102,,2792,17,,,0,107,,2797,17,,,0,103,,2793,17,,,0,110,,2790,17,,,0,325,,2794,17,0,9 10 11,0,199,,3979,17,0,9 10 11,0
2001,'4480',812,,2777,17,0,9 10 11,0,103,,2766,17,,,0,700,,2771,17,,,0,110,,2772,17,,,0,622,,2774,17,0,9 10 11,0
2001,'4663',1831,,2778,17,0,9 10 11,0,319,,2779,17,0,9 10 11,0
2001,'4673',1831,,2780,17,0,9 10 11,0,319,,2781,17,0,9 10 11,0
2001,'4681',1831,,2782,17,0,9 10 11,0,319,,2783,17,0,9 10 11,0
2001,'5214',653,,2775,17,,,0,87,,2776,17,0,9 10 11,0,284,,2767,17,,,0,110,,2768,17,,,0,111,,2769,17,,,0,261,,2770,17,0,9 10 11,0,438,,2773,17,,,0
2001,'5216',653,,3987,17,,,0,87,,3988,17,0,9 10 11,0,284,,3982,17,,,0,110,,3983,17,,,0,111,,3984,17,,,0,261,,3985,17,0,9 10 11,0,438,,3986,17,,,0
1002001,'4327',802,,3630,17,,,0,212,,3629,17,,,0,232,,4350,17,,,0,262,,4351,17,,,0,217,,3626,17,,,0,305,,3628,17,,,0
1002001,'4332',726,,4353,17,,,0,113,,4354,17,,,0,111,,3631,17,,,0,151,,4352,17,,,0,103,,4360,17,,,0,117,,4359,17,,,0,110,,3632,17,,,0,104,,4356,17,,,0,116,,3633,17,,,0,149,,4357,17,,,0,124,,4355,17,,,0,103,,4361,17,,,0,219,,4358,17,,,0
1002001,'4480',1059,,3614,17,,,0,261,,3616,17,,,0,36,,3617,17,,,0,185,,3619,17,,,0,368,,3622,17,,,0,339,,3624,17,,,0
1002001,'5214',728,,3611,17,,,0,111,,3612,17,,,0,95,,3613,17,,,0,275,,3615,17,,,0,222,,3618,17,,,0,220,,3620,17,,,0,150,,3621,17,,,0,247,,3623,17,,,0
1002001,'5216',728,,4362,17,,,0,111,,4363,17,,,0,95,,4364,17,,,0,275,,4365,17,,,0,222,,4366,17,,,0,220,,4367,17,,,0,150,,4368,17,,,0,247,,4369,17,,,0
