2000,'4332',2200,,2765,33,0,9 12 2 5,0,102,,2761,33,0,9 12 2 5,0
2000,'4480',609,,4649,33,0,9 12 2 5,0,108,,2747,33,0,9 12 2 5,0,108,,4650,33,0,9 12 2 5,0,402,,4644,33,0,9 12 2 5,0,323,,4647,33,0,9 12 2 5,0,160,,2742,33,0,9 12 2 5,0,292,,2744,33,0,9 12 2 5,0,203,,4648,33,0,9 12 2 5,0
2000,'5306',1942,,5468,33,0,9 12 2 5,0
2001,'4332',2154,,2794,25,0,9 10 11,0
2001,'4480',747,,4659,25,0,9 10 11,0,73,,2777,25,0,9 10 11,0
2001,'4663',1837,,5473,25,0,9 10 11,0,319,,5474,25,0,9 10 11,0
2001,'4673',1837,,5475,25,0,9 10 11,0,319,,5476,25,0,9 10 11,0
2001,'5303',1515,,4656,25,0,9 10 11,0,322,,2782,25,0,9 10 11,0,319,,2783,25,0,9 10 11,0,197,,2774,25,0,9 10 11,0
2001,'5304',1515,,5477,25,0,9 10 11,0,838,,5479,25,0,9 10 11,0
2001,'5306',2353,,5482,25,0,9 10 11,0
2001,'5308',1837,,5489,25,0,9 10 11,0,319,,5490,25,0,9 10 11,0
7201,'4327',1034,,3396,28,,,0,116,,3397,28,,,0,259,,3399,28,,,0,107,,3400,28,,,0,111,,3401,28,,,0,106,,3402,28,,,0,110,,3393,28,,,0
7201,'4332',737,,3405,28,,,0,206,,4968,28,,,0,112,,4970,28,,,0,150,,4969,28,,,0,110,,3414,28,,,0,110,,3417,28,,,0,83,,3418,28,,,0,27,,3419,28,,,0,186,,3421,28,,,0,32,,4971,28,,,0,75,,4972,28,,,0,109,,4974,28,,,0,96,,4973,28,,,0,122,,3409,28,,,0,199,,3411,28,,,0
7201,'4480',732,,3387,28,,,0,78,,3385,28,,,0,34,,3386,28,,,0,185,,4956,28,,,0,111,,4955,28,,,0,75,,3371,28,,,0,295,,3375,28,,,0,110,,4959,28,,,0,218,,3380,28,,,0,110,,4962,28,,,0,105,,4963,28,,,0,100,,3381,28,,,0
7201,'4661',1730,,3388,28,,,0
7201,'4663',1730,,3389,28,,,0
7201,'4673',2251,,4964,28,,,0,99,,4965,28,,,0
7201,'5241',2251,,4966,28,,,0,99,,4967,28,,,0
7201,'5302',810,,4954,28,,,0,113,,3394,28,,,0,331,,3395,28,,,0,703,,3398,28,,,0
7201,'5303',919,,3365,28,,,0,35,,3366,28,,,0,151,,3370,28,,,0,145,,4957,28,,,0,75,,3372,28,,,0,75,,4958,28,,,0,35,,3374,28,,,0,110,,3376,28,,,0,110,,4960,28,,,0,149,,4961,28,,,0,109,,3382,28,,,0
7201,'5304',919,,5677,28,,,0,35,,5678,28,,,0,151,,5680,28,,,0,145,,5679,28,,,0,75,,5681,28,,,0,75,,5682,28,,,0,35,,5683,28,,,0,110,,5684,28,,,0,110,,5685,28,,,0,149,,5686,28,,,0,109,,5687,28,,,0
7201,'5306',847,,5688,28,,,0,174,,5690,28,,,0,109,,5691,28,,,0,110,,5692,28,,,0,118,,5694,28,,,0,259,,5695,28,,,0,27,,5689,28,,,0,258,,5696,28,,,0,353,,5693,28,,,0
7201,'5307',810,,5697,28,,,0,113,,5698,28,,,0,331,,5699,28,,,0,703,,5700,28,,,0
9200,'4663',1418,,5709,29,,,0,2,,5710,29,,,0
9200,'4673',1537,,4987,29,,,0,2,,4986,29,,,0
9200,'5303',1439,,4988,29,,,0,2,,3500,29,,,0
9200,'5308',1439,,5711,29,,,0,2,,5712,29,,,0
1002000,'4327',935,,3594,39,,,0,482,,3598,39,,,0,495,,3596,39,,,0
1002000,'4332',1010,,3607,39,,,0,221,,3606,39,,,0,212,,3609,39,,,0,393,,3603,39,,,0
1002000,'4480',845,,4997,39,,,0,1460,,3589,39,,,0
1002000,'4663',2105,,5719,39,,,0
1002000,'4673',2105,,5720,39,,,0
1002000,'5302',717,,4995,39,,,0,428,,3593,39,,,0,490,,3595,39,,,0
1002000,'5303',1446,,3585,39,,,0,659,,3592,39,,,0
1002000,'5304',1446,,5725,39,,,0
1002000,'5306',641,,5730,39,,,0,112,,5731,39,,,0,150,,5727,39,,,0,222,,5732,39,,,0,206,,5728,39,,,0,270,,5729,39,,,0,110,,5733,39,,,0,389,,5726,39,,,0
1002000,'5307',717,,5736,39,,,0,428,,5734,39,,,0,490,,5735,39,,,0
1002000,'5308',2105,,5737,39,,,0
1002001,'4327',808,,3630,25,,,0,444,,5002,25,,,0,262,,5003,25,,,0,217,,3626,25,,,0
1002001,'4332',1210,,5016,25,,,0,227,,3632,25,,,0,220,,3633,25,,,0,273,,5013,25,,,0,322,,5015,25,,,0
1002001,'4480',941,,5006,25,,,0,499,,5008,25,,,0,218,,5009,25,,,0,396,,5011,25,,,0,200,,3624,25,,,0
1002001,'5302',1020,,3629,25,,,0,1016,,3628,25,,,0
1002001,'5303',1405,,3617,25,,,0,144,,3619,25,,,0
1002001,'5304',1405,,5740,25,,,0,144,,5741,25,,,0
1002001,'5306',732,,5745,25,,,0,113,,5746,25,,,0,111,,5743,25,,,0,151,,5744,25,,,0,220,,5749,25,,,0,214,,5747,25,,,0,265,,5748,25,,,0,227,,5750,25,,,0
1002001,'5307',1020,,5752,25,,,0,1016,,5751,25,,,0
