4000,'4327',716,,4742,14,,,0,223,,4739,14,,,0,192,,4737,14,,,0,177,,4751,14,,,0,110,,4743,14,,,0,110,,4740,14,,,0,75,,4748,14,,,0,35,,4747,14,,,0,75,,4754,14,,,0,35,,4738,14,,,0,75,,4749,14,,,0,35,,4744,14,,,0,75,,4753,14,,,0
4000,'4332',650,,4839,14,,,0,71,,4844,14,,,0,111,,4824,14,,,0,72,,4840,14,,,0,34,,4821,14,,,0,77,,4837,14,,,0,107,,4828,14,,,0,110,,4820,14,,,0,75,,4825,14,,,0,35,,4829,14,,,0,75,,4838,14,,,0,113,,4827,14,,,0,107,,4842,14,,,0,79,,4841,14,,,0,31,,4830,14,,,0,186,,4823,14,,,0,77,,4846,14,,,0,35,,4835,14,,,0
4000,'4480',609,,4804,14,,,0,29,,4805,14,,,0,15,,4812,14,,,0,53,,4806,14,,,0,15,,4807,14,,,0,14,,4808,14,,,0,16,,4810,14,0,6 7,0,52,,4811,14,,,0,17,,4762,14,,,0,15,,4763,14,,,0,16,,4764,14,,,0,55,,4765,14,,,0,15,,4766,14,,,0,17,,4767,14,,,0,15,,4768,14,,,0,70,,4770,14,,,0,13,,4771,14,,,0,14,,4772,14,,,0,71,,4774,14,,,0,15,,4775,14,,,0,14,,4776,14,,,0,70,,4778,14,,,0,15,,4779,14,,,0,15,,4780,14,,,0,54,,4781,14,,,0,14,,4782,14,,,0,15,,4783,14,,,0,15,,4784,14,,,0,54,,4785,14,,,0,15,,4786,14,,,0,14,,4787,14,,,0,16,,4788,14,,,0,55,,4789,14,,,0,29,,4792,14,,,0,72,,4794,14,,,0,13,,4795,14,,,0,90,,4798,14,,,0,16,,4796,14,,,0,32,,4800,14,,,0,60,,4801,14,,,0,20,,4802,14,,,0,317,,4758,14,,,0,70,,4761,14,,,0,31,,4757,14,,,0
4000,'4663',2018,,5581,14,,,0
4000,'4673',1856,,4816,14,,,0,162,,5582,14,,,0,102,,4815,14,,,0
4000,'5241',1856,,4819,14,,,0,264,,4818,14,,,0
4000,'5302',833,,4752,14,,,0,181,,4755,14,,,0,32,,4741,14,,,0,113,,4756,14,,,0,75,,4750,14,,,0,109,,4746,14,,,0,108,,4745,14,,,0
4000,'5303',747,,4809,14,,,0,261,,4769,14,,,0,98,,4773,14,,,0,99,,4777,14,,,0,311,,4790,14,,,0,32,,4793,14,,,0,85,,4797,14,,,0,16,,4791,14,,,0,88,,4799,14,,,0,179,,4803,14,,,0,31,,4760,14,,,0,71,,4817,14,,,0,32,,4759,14,,,0
4000,'5304',747,,5594,14,,,0,261,,5585,14,,,0,98,,5586,14,,,0,99,,5587,14,,,0,311,,5588,14,,,0,32,,5590,14,,,0,85,,5591,14,,,0,16,,5589,14,,,0,88,,5592,14,,,0,179,,5593,14,,,0,31,,5584,14,,,0,103,,5583,14,,,0
4000,'5306',755,,5598,14,,,0,292,,5595,14,,,0,110,,5597,14,,,0,295,,5602,14,,,0,150,,5599,14,,,0,221,,5600,14,,,0,35,,5603,14,,,0,291,,5596,14,,,0,99,,5601,14,,,0
4000,'5307',833,,5608,14,,,0,181,,5609,14,,,0,32,,5604,14,,,0,113,,5610,14,,,0,75,,5607,14,,,0,109,,5606,14,,,0,108,,5605,14,,,0
4000,'5308',2018,,5611,14,,,0
