2000,'4528',604,,8044,28,0,9 12 2 5,0,108,,8045,28,0,9 12 2 5,0,107,,8046,28,0,9 12 2 5,0,402,,8036,28,0,9 12 2 5,0,324,,8040,28,0,9 12 2 5,0,412,,8042,28,0,9 12 2 5,0,243,,8043,28,0,9 12 2 5,0
2000,'4532',1938,,8052,28,0,9 12 2 5,0,218,,8058,28,0,9 12 2 5,0,102,,8054,28,0,9 12 2 5,0
2000,'4623',1704,,8059,28,0,9 12 2 5,0
2000,'5222',1704,,8065,28,0,9 12 2 5,0
2001,'4528',815,,8078,20,0,9 10 11,0,694,,8070,20,0,9 10 11,0,324,,8073,20,0,9 10 11,0,319,,8075,20,0,9 10 11,0,197,,8076,20,0,9 10 11,0
2001,'4532',2150,,8084,20,0,9 10 11,0,199,,8081,20,0,9 10 11,0
1002000,'4528',2100,,8798,34,,,0,200,,8799,34,,,0
1002000,'4532',637,,8805,34,,,0,112,,8806,34,,,0,110,,8801,34,,,0,147,,8808,34,,,0,114,,8809,34,,,0,106,,8807,34,,,0,100,,8802,34,,,0,112,,8810,34,,,0,118,,8803,34,,,0,150,,8811,34,,,0,125,,8804,34,,,0,225,,8800,34,,,0
1002000,'4623',1441,,8813,34,,,0
1002000,'5221',713,,8818,34,,,0,218,,8815,34,,,0,209,,8814,34,,,0,272,,8819,34,,,0,218,,8816,34,,,0,278,,8817,34,,,0
1002000,'5222',1441,,8821,34,,,0
1002001,'4528',1359,,8827,20,,,0,75,,8828,20,,,0,219,,8829,20,,,0,397,,8832,20,,,0,200,,8833,20,,,0
1002001,'4532',728,,8838,20,,,0,113,,8839,20,,,0,111,,8834,20,,,0,151,,8837,20,,,0,103,,8845,20,,,0,117,,8844,20,,,0,110,,8835,20,,,0,104,,8841,20,,,0,116,,8836,20,,,0,149,,8842,20,,,0,124,,8840,20,,,0,103,,8846,20,,,0,219,,8843,20,,,0
1002001,'4623',936,,8847,20,,,0,608,,8848,20,,,0
1002001,'5221',804,,8854,20,,,0,212,,8853,20,,,0,232,,8849,20,,,0,262,,8851,20,,,0,217,,8850,20,,,0,305,,8852,20,,,0
1002001,'5222',936,,8855,20,,,0,608,,8856,20,,,0
