2001,'4528',652,,6524,15,,,0,158,,6525,15,0,9 10 11,0,104,,6513,15,,,0,109,,6514,15,,,0,110,,6515,15,,,0,111,,6516,15,,,0,260,,6517,15,0,9 10 11,0,110,,6518,15,,,0,110,,6519,15,,,0,105,,6520,15,0,9 10 11,0,114,,6521,15,,,0,205,,6522,15,0,9 10 11,0,198,,6523,15,0,9 10 11,0
2001,'5015',923,,6532,15,,,0,88,,6536,15,,,0,105,,6533,15,,,0,128,,6526,15,,,0,115,,6535,15,,,0,142,,6529,15,,,0,107,,6534,15,,,0,103,,6530,15,,,0,111,,6527,15,,,0,324,,6531,15,0,9 10 11,0,199,,6528,15,0,9 10 11,0
2001,'5221',913,,6537,15,,,0,227,,6539,15,,,0,219,,6538,15,,,0,249,,6540,15,,,0,225,,6541,15,,,0
7201,'4528',721,,7062,16,,,0,37,,7060,16,,,0,75,,7061,16,,,0,75,,7038,16,,,0,35,,7039,16,,,0,75,,7041,16,,,0,36,,7043,16,,,0,75,,7040,16,,,0,75,,7044,16,,,0,35,,7042,16,,,0,75,,7045,16,,,0,35,,7046,16,,,0,75,,7047,16,,,0,110,,7048,16,,,0,75,,7049,16,,,0,35,,7050,16,,,0,75,,7051,16,,,0,34,,7052,16,,,0,75,,7053,16,,,0,75,,7055,16,,,0,35,,7056,16,,,0,105,,7057,16,,,0,100,,7054,16,,,0,99,,7058,16,,,0,99,,7059,16,,,0
7201,'4623',1459,,7063,16,,,0
7201,'5015',727,,7066,16,,,0,110,,7064,16,,,0,96,,7073,16,,,0,78,,7067,16,,,0,33,,7076,16,,,0,75,,7068,16,,,0,35,,7074,16,,,0,75,,7069,16,,,0,75,,7075,16,,,0,43,,7077,16,,,0,67,,7078,16,,,0,43,,7079,16,,,0,67,,7080,16,,,0,83,,7081,16,,,0,27,,7065,16,,,0,77,,7082,16,,,0,32,,7083,16,,,0,75,,7084,16,,,0,35,,7085,16,,,0,75,,7087,16,,,0,96,,7086,16,,,0,122,,7070,16,,,0,100,,7071,16,,,0,99,,7072,16,,,0
7201,'5221',800,,7088,16,,,0,113,,7090,16,,,0,111,,7092,16,,,0,116,,7093,16,,,0,104,,7091,16,,,0,115,,7095,16,,,0,147,,7096,16,,,0,111,,7097,16,,,0,106,,7098,16,,,0,110,,7089,16,,,0,115,,7094,16,,,0
7201,'5222',1459,,7099,16,,,0
1002001,'4528',727,,7269,15,,,0,111,,7270,15,,,0,220,,7271,15,,,0,150,,7272,15,,,0,111,,7273,15,,,0,35,,7274,15,,,0,75,,7275,15,,,0,220,,7276,15,,,0,151,,7277,15,,,0,108,,7278,15,,,0,138,,7279,15,,,0,201,,7280,15,,,0
1002001,'4623',932,,7281,15,,,0,607,,7282,15,,,0
1002001,'5015',724,,7287,15,,,0,113,,7288,15,,,0,111,,7283,15,,,0,111,,7286,15,,,0,143,,7294,15,,,0,117,,7293,15,,,0,110,,7284,15,,,0,104,,7290,15,,,0,116,,7285,15,,,0,109,,7291,15,,,0,164,,7289,15,,,0,103,,7295,15,,,0,219,,7292,15,,,0
1002001,'5221',800,,7301,15,,,0,212,,7300,15,,,0,232,,7296,15,,,0,262,,7298,15,,,0,217,,7297,15,,,0,305,,7299,15,,,0
1002001,'5222',932,,7302,15,,,0,607,,7303,15,,,0
