3100,'4327',1004,,2983,13,,,0,120,,4712,13,,,0,130,,2984,13,,,0,165,,4711,13,,,0,130,,2990,13,,,0,465,,2988,13,,,0
3100,'4332',750,,2995,13,,,0,375,,3000,13,,,0,330,,2991,13,,,0,100,,2992,13,,,0,100,,2997,13,,,0,200,,4723,13,,,0
3100,'4480',850,,2968,13,,,0,90,,2969,13,,,0,109,,4713,13,,,0,100,,2971,13,,,0,100,,2972,13,,,0,100,,4714,13,,,0,100,,2974,13,,,0,98,,2975,13,,,0,102,,4715,13,,,0,100,,4716,13,,,0
3100,'4663',1954,,5553,13,,,0
3100,'4673',1954,,5554,13,,,0
3100,'5302',839,,2987,13,,,0,870,,2982,13,,,0,126,,2985,13,,,0
3100,'5303',644,,2966,13,,,0,94,,2967,13,,,0,1116,,4717,13,,,0,100,,4720,13,,,0
3100,'5304',644,,5555,13,,,0,94,,5556,13,,,0,1116,,5557,13,,,0
3100,'5306',855,,5561,13,,,0,98,,5562,13,,,0,302,,5558,13,,,0,100,,5560,13,,,0,400,,5559,13,,,0
3100,'5307',839,,5565,13,,,0,870,,5563,13,,,0,126,,5564,13,,,0
3100,'5308',1954,,5566,13,,,0
