2000,'4327',844,,2749,41,,,0,259,,2752,41,,,0,440,,2753,41,,,0,264,,2750,41,,,0
2000,'4332',1208,,2754,41,,,0,441,,4651,41,,,0,103,,4652,41,,,0,469,,2765,58,,,0,102,,2761,58,,,0
2000,'4480',630,,4649,58,,,0,110,,2747,58,,,0,108,,4650,58,,,0,66,,4642,41,,,0,110,,2735,41,,,0,110,,4643,41,,,0,117,,4644,58,,,0,103,,4645,41,,,0,188,,4646,41,,,0,74,,4647,58,,,0,119,,2742,58,,,0,290,,2744,58,,,0,201,,4648,58,,,0
2000,'5302',1322,,2751,41,,,0
2000,'5303',1432,,2739,41,,,0,406,,2743,41,,,0
2000,'5304',1432,,5463,41,,,0,406,,5464,41,,,0
2000,'5306',837,,5470,41,,,0,112,,5469,41,,,0,101,,5471,41,,,0,266,,5465,41,,,0,112,,5466,41,,,0,111,,5467,41,,,0,466,,5468,58,,,0
2000,'5307',1322,,5472,41,,,0
2500,'4327',1021,,4662,23,,,0,215,,2807,23,,,0
2500,'4332',1751,,4666,23,0,5,0
2500,'4480',815,,2800,23,0,5,0,207,,2801,23,,,0,226,,2802,23,0,5,0,165,,4663,23,,,0
2500,'5302',811,,4661,23,0,5,0,940,,2808,23,0,5,0,260,,2809,23,,,0
2500,'5303',1746,,2804,23,,,0
2500,'5304',1746,,5491,23,,,0
2500,'5306',811,,5493,23,0,5,0,210,,5495,23,,,0,215,,5494,23,,,0,775,,5492,23,,,0
2500,'5307',811,,5496,23,0,5,0,940,,5497,23,0,5,0,260,,5498,23,,,0
1002000,'4327',958,,3594,64,,,0,483,,3598,64,,,0,493,,3596,64,,,0
1002000,'4332',1033,,3607,64,,,0,221,,3606,64,,,0,253,,3609,64,,,0,352,,3603,64,,,0
1002000,'4480',804,,4996,47,,,0,104,,4997,64,,,0,40,,4998,47,,,0,701,,3586,47,,,0,153,,3587,47,,,0,111,,3588,47,,,0,413,,3589,64,,,0
1002000,'4663',2126,,5719,64,,,0
1002000,'4673',2126,,5720,64,,,0
1002000,'5302',738,,4995,64,,,0,470,,3593,64,,,0,450,,3595,64,,,0
1002000,'5303',654,,3578,47,,,0,405,,3582,47,,,0,150,,3583,47,,,0,110,,4999,47,,,0,193,,3585,64,,,0,614,,3592,64,,,0
1002000,'5304',654,,5721,47,,,0,405,,5722,47,,,0,150,,5723,47,,,0,110,,5724,47,,,0,193,,5725,64,,,0
1002000,'5306',702,,5730,64,,,0,112,,5731,64,,,0,111,,5727,64,,,0,223,,5732,64,,,0,207,,5728,64,,,0,269,,5729,64,,,0,110,,5733,64,,,0,387,,5726,64,,,0
1002000,'5307',738,,5736,64,,,0,470,,5734,64,,,0,450,,5735,64,,,0
1002000,'5308',2126,,5737,64,,,0
