700,'4327',745,,2403,22,,,0,110,,3835,22,,,0,161,,2408,22,,,0,104,,2404,22,,,0,111,,3834,22,,,0,106,,2401,22,,,0,109,,2405,22,,,0,112,,2399,22,,,0,151,,2407,22,,,0,106,,2406,22,,,0,110,,2400,22,,,0,105,,2398,22,,,0
700,'4332',745,,2415,22,,,0,110,,3841,22,,,0,150,,2420,22,,,0,111,,3836,22,,,0,112,,3842,22,,,0,109,,3843,22,,,0,112,,3837,22,,,0,104,,3839,22,,,0,160,,3840,22,,,0,102,,2421,22,,,0,110,,3838,22,,,0,105,,3844,22,,,0,105,,3845,22,,,0,107,,2419,22,,,0,166,,2424,22,,,0
700,'4480',743,,2393,22,,,0,103,,2377,22,,,0,613,,2384,22,,,0,145,,2385,22,,,0,237,,2382,22,,,0,80,,2392,22,,,0,301,,2389,22,,,0,192,,2375,22,,,0
700,'4663',1807,,2394,22,,,0
700,'4673',1807,,2396,22,,,0
700,'4681',1807,,2397,22,,,0
700,'5135',1652,,3846,22,,,0
700,'5214',640,,2380,22,,,0,85,,2388,22,,,0,87,,2381,22,,,0,147,,2379,22,,,0,155,,2387,22,,,0,115,,2376,22,,,0,115,,2378,22,,,0,308,,2395,22,,,0,75,,2383,22,,,0,229,,2386,22,,,0,155,,2390,22,,,0,230,,2391,22,,,0
700,'5216',640,,3850,22,,,0,85,,3855,22,,,0,87,,3851,22,,,0,147,,3849,22,,,0,155,,3854,22,,,0,115,,3847,22,,,0,115,,3848,22,,,0,383,,3852,22,,,0,229,,3853,22,,,0,155,,3856,22,,,0,230,,3857,22,,,0
700,'5219',1652,,3858,22,,,0
