4001,'4327',724,,3226,34,,,0,107,,3214,34,,,0,271,,3223,34,,,0,111,,3210,34,,,0,110,,4848,34,,,0,110,,3211,34,,,0,75,,3219,34,,,0,37,,3215,34,,,0,108,,3209,34,,,0,150,,4852,34,,,0,34,,4856,34,,,0,109,,4849,34,,,0,75,,4851,34,,,0
4001,'4332',806,,3243,34,,,0,108,,3248,34,,,0,114,,4917,34,,,0,76,,4906,34,,,0,35,,4918,34,,,0,76,,4909,34,,,0,36,,3237,34,,,0,75,,3238,34,,,0,182,,3245,34,,,0,37,,3239,34,,,0,75,,4916,34,,,0,35,,4910,34,,,0,148,,4915,34,,,0,109,,4911,34,,,0,109,,3252,34,,,0,108,,4919,34,,,0,75,,4914,34,,,0,100,,4907,34,,,0
4001,'4480',653,,3199,34,,,0,72,,4898,34,,,0,34,,4902,34,,,0,56,,4899,34,,,0,15,,4900,34,,,0,18,,4901,34,,,0,55,,4865,34,,,0,28,,4869,34,,,0,14,,4870,34,,,0,55,,4866,34,,,0,15,,4867,34,,,0,30,,4872,34,,,0,55,,4873,34,,,0,16,,4874,34,,,0,15,,4875,34,,,0,15,,4876,34,,,0,56,,4877,34,,,0,15,,3172,34,,,0,17,,4878,34,,,0,85,,4879,34,,,0,30,,4880,34,,,0,56,,4881,34,,,0,16,,4882,34,,,0,30,,4884,34,,,0,55,,4885,34,,,0,15,,4886,34,,,0,15,,4887,34,,,0,14,,4888,34,,,0,55,,4889,34,,,0,30,,4890,34,,,0,15,,4891,34,,,0,54,,3191,34,,,0,29,,4903,34,,,0,15,,4895,34,,,0,54,,3196,34,,,0,29,,4894,34,,,0,15,,4896,34,,,0,91,,4864,34,,,0,20,,4860,34,,,0,148,,3151,34,,,0,100,,4859,34,,,0,28,,4862,34,,,0,69,,4858,34,,,0,30,,4861,34,,,0,70,,4857,34,,,0
4001,'4673',2036,,4904,34,,,0
4001,'5241',2036,,4905,34,,,0
4001,'5302',952,,4853,34,,,0,186,,4850,34,,,0,113,,4847,34,,,0,107,,4855,34,,,0,255,,3218,34,,,0,115,,4854,34,,,0,178,,3212,34,,,0
4001,'5303',917,,4868,34,,,0,113,,4871,34,,,0,219,,3174,34,,,0,55,,3175,34,,,0,30,,3177,34,,,0,102,,4883,34,,,0,184,,3188,34,,,0,98,,4892,34,,,0,98,,4893,34,,,0,85,,4897,34,,,0,16,,3158,34,,,0,100,,4863,34,,,0,118,,3155,34,,,0
4001,'5304',917,,5615,34,,,0,113,,5616,34,,,0,219,,5617,34,,,0,55,,5618,34,,,0,30,,5619,34,,,0,102,,5620,34,,,0,184,,5621,34,,,0,98,,5622,34,,,0,98,,5623,34,,,0,85,,5624,34,,,0,16,,5614,34,,,0,100,,5613,34,,,0,118,,5612,34,,,0
4001,'5306',722,,5634,34,,,0,118,,5633,34,,,0,111,,5630,34,,,0,451,,5632,34,,,0,35,,5625,34,,,0,291,,5631,34,,,0,110,,5627,34,,,0,109,,5626,34,,,0,108,,5628,34,,,0,350,,5629,34,,,0
4001,'5307',952,,5639,34,,,0,186,,5637,34,,,0,113,,5635,34,,,0,107,,5641,34,,,0,255,,5638,34,,,0,115,,5640,34,,,0,178,,5636,34,,,0
