4000,'4327',719,,4742,19,,,0,223,,4739,19,,,0,192,,4737,19,,,0,178,,4751,19,,,0,110,,4743,19,,,0,110,,4740,19,,,0,75,,4748,19,,,0,35,,4747,19,,,0,75,,4754,19,,,0,35,,4738,19,,,0,75,,4749,19,,,0,75,,4744,19,,,0,35,,4753,19,,,0
4000,'4332',653,,4839,19,,,0,72,,4844,19,,,0,111,,4824,19,,,0,72,,4840,19,,,0,34,,4821,19,,,0,77,,4837,19,,,0,107,,4828,19,,,0,110,,4820,19,,,0,75,,4825,19,,,0,35,,4829,19,,,0,75,,4838,19,,,0,113,,4827,19,,,0,107,,4842,19,,,0,79,,4841,19,,,0,31,,4830,19,,,0,186,,4823,19,,,0,77,,4846,19,,,0,35,,4835,19,,,0
4000,'4480',612,,4804,19,,,0,30,,4805,19,,,0,15,,4812,19,,,0,53,,4806,19,,,0,15,,4807,19,,,0,14,,4808,19,,,0,16,,4810,19,0,6 7,0,52,,4811,19,,,0,17,,4762,19,,,0,15,,4763,19,,,0,16,,4764,19,,,0,55,,4765,19,,,0,15,,4766,19,,,0,16,,4767,19,,,0,15,,4768,19,,,0,70,,4770,19,,,0,13,,4771,19,,,0,15,,4772,19,,,0,71,,4774,19,,,0,15,,4775,19,,,0,14,,4776,19,,,0,70,,4778,19,,,0,15,,4779,19,,,0,15,,4780,19,,,0,54,,4781,19,,,0,14,,4782,19,,,0,15,,4783,19,,,0,15,,4784,19,,,0,54,,4785,19,,,0,15,,4786,19,,,0,14,,4787,19,,,0,16,,4788,19,,,0,55,,4789,19,,,0,29,,4792,19,,,0,72,,4794,19,,,0,13,,4795,19,,,0,90,,4798,19,,,0,16,,4796,19,,,0,32,,4800,19,,,0,60,,4801,19,,,0,20,,4802,19,,,0,316,,4758,19,,,0,70,,4761,19,,,0,31,,4757,19,,,0
4000,'4663',2021,,5581,19,,,0
4000,'4673',1900,,4816,19,,,0,121,,5582,19,,,0,102,,4815,19,,,0
4000,'5241',1900,,4819,19,,,0,223,,4818,19,,,0
4000,'5302',836,,4752,19,,,0,181,,4755,19,,,0,32,,4741,19,,,0,153,,4756,19,,,0,35,,4750,19,,,0,110,,4746,19,,,0,108,,4745,19,,,0
4000,'5303',751,,4809,19,,,0,260,,4769,19,,,0,99,,4773,19,,,0,99,,4777,19,,,0,311,,4790,19,,,0,32,,4793,19,,,0,85,,4797,19,,,0,16,,4791,19,,,0,88,,4799,19,,,0,179,,4803,19,,,0,31,,4760,19,,,0,70,,4817,19,,,0,32,,4759,19,,,0
4000,'5304',751,,5594,19,,,0,260,,5585,19,,,0,99,,5586,19,,,0,99,,5587,19,,,0,311,,5588,19,,,0,32,,5590,19,,,0,85,,5591,19,,,0,16,,5589,19,,,0,88,,5592,19,,,0,179,,5593,19,,,0,31,,5584,19,,,0,102,,5583,19,,,0
4000,'5306',759,,5598,19,,,0,292,,5595,19,,,0,150,,5597,19,,,0,255,,5602,19,,,0,150,,5599,19,,,0,221,,5600,19,,,0,75,,5603,19,,,0,251,,5596,19,,,0,99,,5601,19,,,0
4000,'5307',836,,5608,19,,,0,181,,5609,19,,,0,32,,5604,19,,,0,153,,5610,19,,,0,35,,5607,19,,,0,110,,5606,19,,,0,108,,5605,19,,,0
4000,'5308',2021,,5611,19,,,0
