100,'4332',644,,4400,4,,,0,70,,5045,4,,,0,30,,5031,4,,,0,70,,5034,4,,,0,30,,5036,4,,,0,63,,5040,4,,,0,37,,5028,4,,,0,71,,5029,4,,,0,29,,2063,4,,,0,71,,4401,4,,,0,27,,5030,4,,,0,71,,5027,4,,,0,29,,5038,4,,,0,73,,2066,4,,,0,30,,5037,4,,,0,70,,2052,4,,,0,30,,4397,4,,,0,70,,5039,4,,,0,30,,4396,4,,,0,73,,2055,4,,,0,27,,5035,4,,,0,70,,5032,4,,,0,26,,5026,4,,,0,74,,5033,4,,,0,30,,4402,4,,,0,70,,5044,4,,,0,29,,2069,4,,,0,70,,5043,4,,,0,28,,2047,4,,,0,72,,2075,4,,,0,30,,5041,4,,,0,70,,2048,4,,,0,30,,5042,4,,,0,75,,2070,4,,,0
100,'4480',613,,5023,4,,,0,28,,4391,4,,,0,14,,2012,4,,,0,62,,5024,4,,,0,19,,5021,4,,,0,19,,2000,4,,,0,62,,5022,4,,,0,18,,5020,4,,,0,19,,1997,4,,,0,60,,4389,4,,,0,32,,4386,4,,,0,65,,1996,4,,,0,30,,4385,4,,,0,65,,2002,4,,,0,34,,1984,4,,,0,73,,1993,4,,,0,26,,1986,4,,,0,73,,1995,4,,,0,27,,2014,4,,,0,72,,1990,4,,,0,27,,1987,4,,,0,73,,1991,4,,,0,17,,5018,4,,,0,21,,1989,4,,,0,62,,1974,4,,,0,38,,1976,4,,,0,65,,1985,4,,,0,15,,4395,4,,,0,19,,4387,4,,,0,69,,1979,4,,,0,29,,4392,4,,,0,70,,1982,4,,,0,30,,4393,4,,,0,70,,1980,4,,,0,30,,2009,4,,,0,71,,5019,4,,,0,27,,2010,4,,,0,74,,1981,4,,,0,30,,5025,4,,,0,74,,1977,4,,,0,85,,1988,4,,,0
100,'4661',1628,,2015,4,,,0
100,'4663',1628,,2016,4,,,0
2500,'4332',747,,5493,3,0,5,0,210,,5495,3,,,0,255,,5494,3,,,0,515,,4666,3,0,5,0,220,,5492,3,,,0
2500,'4480',750,,2800,3,0,5,0,207,,2801,3,,,0,265,,2802,3,0,5,0,125,,4663,3,,,0,374,,5491,3,,,0
3001,'4332',759,,5541,34,,,0,148,,2952,34,,,0,37,,4706,34,,,0,76,,5537,34,,,0,37,,2951,34,,,0,75,,5538,34,,,0,76,,5534,34,,,0,36,,5543,34,,,0,75,,5544,34,,,0,36,,2943,34,,,0,75,,5535,34,,,0,71,,2950,34,,,0,37,,5540,34,,,0,75,,5539,34,,,0,35,,4704,34,,,0,73,,5546,34,,,0,35,,4702,34,,,0,75,,5545,34,,,0,74,,2947,34,,,0,35,,2949,34,,,0,108,,4708,34,,,0,109,,5533,34,,,0,100,,5542,34,,,0,101,,5536,34,,,0
3001,'4480',648,,4698,34,,,0,86,,4697,34,,,0,79,,2922,34,,,0,18,,2924,34,,,0,16,,2921,34,,,0,58,,2925,34,,,0,17,,5527,34,,,0,34,,2900,34,,,0,75,,2901,34,,,0,75,,2902,34,,,0,35,,2903,34,,,0,76,,2904,34,,,0,35,,2906,34,,,0,75,,2907,34,,,0,76,,2908,34,,,0,35,,4695,34,,,0,76,,2909,34,,,0,37,,2910,34,,,0,108,,2911,34,,,0,74,,5528,34,,,0,74,,2913,34,,,0,34,,5529,34,,,0,75,,2915,34,,,0,35,,2917,34,,,0,108,,5531,34,,,0,197,,5530,34,,,0,100,,2919,34,,,0
3001,'4661',1625,,5532,34,,,0,534,,5526,34,,,0
3001,'4663',1625,,5524,34,,,0,534,,5525,34,,,0
