2000,'4528',600,,6491,21,0,9 12 2 5,0,108,,6492,21,0,9 12 2 5,0,106,,6493,21,0,9 12 2 5,0,39,,6480,21,,,0,149,,6481,21,,,0,110,,6482,21,,,0,105,,6483,21,0,9 12 2 5,0,115,,6484,21,,,0,78,,6485,21,,,0,110,,6486,21,,,0,20,,6487,21,0,9 12 2 5,0,277,,6488,21,,,0,136,,6489,21,0,9 12 2 5,0,203,,6490,21,0,9 12 2 5,0
2000,'4623',1700,,6494,21,0,9 12 2 5,0
2000,'5015',816,,6504,21,,,0,112,,6503,21,,,0,100,,6505,21,,,0,118,,6495,21,,,0,108,,6496,21,,,0,151,,6498,21,,,0,111,,6499,21,,,0,111,,6497,21,,,0,103,,6501,21,,,0,204,,6500,21,0,9 12 2 5,0,218,,6506,21,0,9 12 2 5,0,102,,6502,21,0,9 12 2 5,0
2000,'5221',825,,6507,21,,,0,218,,6510,21,,,0,259,,6509,21,,,0,221,,6511,21,,,0,225,,6508,21,,,0
2000,'5222',1700,,6512,21,0,9 12 2 5,0
1002000,'4528',634,,7237,27,,,0,108,,7238,27,,,0,184,,7239,27,,,0,220,,7240,27,,,0,110,,7241,27,,,0,370,,7242,27,,,0,113,,7243,27,,,0,112,,7244,27,,,0,205,,7245,27,,,0,200,,7246,27,,,0
1002000,'4623',1036,,7247,27,,,0,399,,7248,27,,,0
1002000,'5015',633,,7254,27,,,0,112,,7255,27,,,0,110,,7250,27,,,0,147,,7257,27,,,0,114,,7258,27,,,0,106,,7256,27,,,0,100,,7251,27,,,0,112,,7259,27,,,0,118,,7252,27,,,0,150,,7260,27,,,0,125,,7253,27,,,0,225,,7249,27,,,0
1002000,'5221',709,,7265,27,,,0,218,,7262,27,,,0,209,,7261,27,,,0,272,,7266,27,,,0,218,,7263,27,,,0,278,,7264,27,,,0
1002000,'5222',1036,,7267,27,,,0,399,,7268,27,,,0
