700,'4327',744,,2403,20,,,0,110,,3835,20,,,0,161,,2408,20,,,0,104,,2404,20,,,0,111,,3834,20,,,0,106,,2401,20,,,0,109,,2405,20,,,0,112,,2399,20,,,0,151,,2407,20,,,0,106,,2406,20,,,0,110,,2400,20,,,0,105,,2398,20,,,0
700,'4332',744,,2415,20,,,0,110,,3841,20,,,0,150,,2420,20,,,0,111,,3836,20,,,0,112,,3842,20,,,0,109,,3843,20,,,0,112,,3837,20,,,0,104,,3839,20,,,0,160,,3840,20,,,0,102,,2421,20,,,0,110,,3838,20,,,0,105,,3844,20,,,0,105,,3845,20,,,0,107,,2419,20,,,0,166,,2424,20,,,0
700,'4480',742,,2393,20,,,0,103,,2377,20,,,0,613,,2384,20,,,0,145,,2385,20,,,0,237,,2382,20,,,0,80,,2392,20,,,0,301,,2389,20,,,0,192,,2375,20,,,0
700,'4663',1806,,2394,20,,,0
700,'4673',1806,,2396,20,,,0
700,'4681',1806,,2397,20,,,0
700,'5135',1651,,3846,20,,,0
700,'5214',639,,2380,20,,,0,85,,2388,20,,,0,87,,2381,20,,,0,147,,2379,20,,,0,155,,2387,20,,,0,115,,2376,20,,,0,115,,2378,20,,,0,308,,2395,20,,,0,75,,2383,20,,,0,229,,2386,20,,,0,155,,2390,20,,,0,230,,2391,20,,,0
700,'5216',639,,3850,20,,,0,85,,3855,20,,,0,87,,3851,20,,,0,147,,3849,20,,,0,155,,3854,20,,,0,115,,3847,20,,,0,115,,3848,20,,,0,383,,3852,20,,,0,229,,3853,20,,,0,155,,3856,20,,,0,230,,3857,20,,,0
700,'5219',1651,,3858,20,,,0
