2501,'4528',844,,8110,22,,,0,256,,8111,23,,,0,217,,8112,22,,,0,135,,8113,23,,,0,371,,8114,23,,,0,225,,8115,22,,,0
2501,'4532',840,,8117,22,,,0,260,,8119,23,,,0,215,,8118,23,,,0,505,,8120,22,,,0,230,,8116,23,,,0
2501,'5221',840,,8121,22,,,0,260,,8122,23,,,0,215,,8123,23,,,0,505,,8124,22,,,0,230,,8125,23,,,0
3000,'4528',624,,8149,18,,,0,35,,8150,18,,,0,73,,8147,18,,,0,110,,8148,18,,,0,75,,8126,18,,,0,35,,8127,18,,,0,75,,8128,18,,,0,75,,8129,18,,,0,34,,8130,18,,,0,75,,8131,18,,,0,35,,8132,18,,,0,74,,8134,18,,,0,34,,8135,18,,,0,75,,8136,18,,,0,76,,8133,18,,,0,35,,8137,18,,,0,76,,8138,18,,,0,34,,8139,18,,,0,80,,8140,18,,,0,76,,8141,18,,,0,36,,8142,18,,,0,109,,8143,18,,,0,102,,8144,18,,,0,101,,8145,18,,,0,101,,8146,18,,,0
3000,'4532',653,,8166,18,,,0,106,,8173,18,,,0,77,,8165,18,,,0,72,,8164,18,,,0,34,,8163,18,,,0,77,,8159,18,,,0,32,,8157,18,,,0,75,,8172,18,,,0,75,,8171,18,,,0,34,,8174,18,,,0,75,,8158,18,,,0,35,,8153,18,,,0,75,,8162,18,,,0,35,,8167,18,,,0,79,,8151,18,,,0,72,,8169,18,,,0,35,,8161,18,,,0,79,,8152,18,,,0,31,,8160,18,,,0,76,,8154,18,,,0,110,,8168,18,,,0,112,,8155,18,,,0,104,,8170,18,,,0,99,,8156,18,,,0
3000,'4623',807,,8175,18,,,0
3000,'5221',719,,8182,18,,,0,117,,8186,18,,,0,106,,8181,18,,,0,107,,8185,18,,,0,153,,8176,18,,,0,109,,8178,18,,,0,110,,8184,18,,,0,110,,8179,18,,,0,110,,8180,18,,,0,111,,8177,18,,,0,150,,8183,18,,,0
3000,'5222',807,,8187,18,,,0
4001,'4528',645,,8429,26,,,0,105,,8431,26,,,0,71,,8430,26,,,0,34,,8410,26,,,0,68,,8412,26,,,0,29,,8411,26,,,0,70,,8413,26,,,0,30,,8414,26,,,0,71,,8415,26,,,0,103,,8416,26,,,0,30,,8417,26,,,0,70,,8418,26,,,0,30,,8419,26,,,0,70,,8420,26,,,0,30,,8421,26,,,0,70,,8422,26,,,0,30,,8424,26,,,0,70,,8423,26,,,0,30,,8425,26,,,0,69,,8432,26,,,0,29,,8427,26,,,0,69,,8426,26,,,0,30,,8428,26,,,0,77,,8409,26,,,0,70,,8408,26,,,0,29,,8407,26,,,0,29,,8403,26,,,0,70,,8406,26,,,0,30,,8402,26,,,0,68,,8405,26,,,0,29,,8401,26,,,0,70,,8404,26,,,0,30,,8400,26,,,0
4001,'4532',714,,8460,26,,,0,44,,8449,26,,,0,74,,8457,26,,,0,73,,8454,26,,,0,37,,8446,26,,,0,77,,8453,26,,,0,36,,8433,26,,,0,75,,8455,26,,,0,76,,8437,26,,,0,35,,8443,26,,,0,75,,8444,26,,,0,36,,8456,26,,,0,75,,8435,26,,,0,31,,8451,26,,,0,78,,8445,26,,,0,75,,8452,26,,,0,35,,8438,26,,,0,74,,8447,26,,,0,35,,8450,26,,,0,75,,8440,26,,,0,74,,8439,26,,,0,35,,8436,26,,,0,74,,8458,26,,,0,34,,8441,26,,,0,74,,8459,26,,,0,35,,8448,26,,,0,100,,8434,26,,,0,101,,8442,26,,,0
4001,'4623',717,,8462,26,,,0,437,,8461,26,,,0
4001,'5221',717,,8482,26,,,0,106,,8470,26,,,0,120,,8477,26,,,0,110,,8479,26,,,0,76,,8472,26,,,0,75,,8466,26,,,0,38,,8463,26,,,0,72,,8464,26,,,0,35,,8480,26,,,0,75,,8467,26,,,0,35,,8475,26,,,0,77,,8471,26,,,0,68,,8474,26,,,0,41,,8465,26,,,0,75,,8478,26,,,0,35,,8476,26,,,0,74,,8481,26,,,0,29,,8468,26,,,0,81,,8469,26,,,0,75,,8473,26,,,0
4001,'5222',717,,8484,26,,,0,437,,8483,26,,,0
