2500,'4327',1001,,4662,8,,,0,215,,2807,8,,,0
2500,'4332',1731,,4666,8,0,5,0
2500,'4480',754,,2800,8,0,5,0,247,,2801,8,,,0,225,,2802,8,0,5,0,125,,4663,8,,,0
2500,'5302',751,,4661,8,0,5,0,980,,2808,8,0,5,0,220,,2809,8,,,0
2500,'5303',1725,,2804,8,,,0
2500,'5304',1725,,5491,8,,,0
2500,'5306',751,,5493,8,0,5,0,250,,5495,8,,,0,215,,5494,8,,,0,735,,5492,8,,,0
2500,'5307',751,,5496,8,0,5,0,980,,5497,8,0,5,0,220,,5498,8,,,0
4000,'4327',726,,4742,26,,,0,223,,4739,26,,,0,192,,4737,26,,,0,178,,4751,26,,,0,110,,4743,26,,,0,110,,4740,26,,,0,75,,4748,26,,,0,35,,4747,26,,,0,75,,4754,26,,,0,35,,4738,26,,,0,75,,4749,26,,,0,75,,4744,26,,,0,35,,4753,26,,,0
4000,'4332',700,,4839,26,,,0,32,,4844,26,,,0,111,,4824,26,,,0,72,,4840,26,,,0,34,,4821,26,,,0,77,,4837,26,,,0,108,,4828,26,,,0,110,,4820,26,,,0,75,,4825,26,,,0,35,,4829,26,,,0,75,,4838,26,,,0,112,,4827,26,,,0,107,,4842,26,,,0,79,,4841,26,,,0,31,,4830,26,,,0,186,,4823,26,,,0,77,,4846,26,,,0,35,,4835,26,,,0
4000,'4480',619,,4804,26,,,0,30,,4805,26,,,0,55,,4812,26,,,0,13,,4806,26,,,0,15,,4807,26,,,0,14,,4808,26,,,0,58,,4810,26,0,6 7,0,12,,4811,26,,,0,16,,4762,26,,,0,15,,4763,26,,,0,55,,4764,26,,,0,15,,4765,26,,,0,15,,4766,26,,,0,16,,4767,26,,,0,55,,4768,26,,,0,30,,4770,26,,,0,14,,4771,26,,,0,55,,4772,26,,,0,31,,4774,26,,,0,15,,4775,26,,,0,54,,4776,26,,,0,30,,4778,26,,,0,15,,4779,26,,,0,55,,4780,26,,,0,14,,4781,26,,,0,14,,4782,26,,,0,15,,4783,26,,,0,55,,4784,26,,,0,14,,4785,26,,,0,15,,4786,26,,,0,14,,4787,26,,,0,16,,4788,26,,,0,55,,4789,26,,,0,30,,4792,26,,,0,71,,4794,26,,,0,14,,4795,26,,,0,89,,4798,26,,,0,15,,4796,26,,,0,72,,4800,26,,,0,20,,4801,26,,,0,20,,4802,26,,,0,356,,4758,26,,,0,30,,4761,26,,,0,71,,4757,26,,,0
4000,'4663',2028,,5581,26,,,0
4000,'4673',1907,,4816,26,,,0,121,,5582,26,,,0,102,,4815,26,,,0
4000,'5241',1907,,4819,26,,,0,223,,4818,26,,,0
4000,'5302',843,,4752,26,,,0,181,,4755,26,,,0,32,,4741,26,,,0,153,,4756,26,,,0,35,,4750,26,,,0,110,,4746,26,,,0,148,,4745,26,,,0
4000,'5303',759,,4809,26,,,0,259,,4769,26,,,0,100,,4773,26,,,0,99,,4777,26,,,0,312,,4790,26,,,0,71,,4793,26,,,0,46,,4797,26,,,0,56,,4791,26,,,0,46,,4799,26,,,0,179,,4803,26,,,0,31,,4760,26,,,0,70,,4817,26,,,0,72,,4759,26,,,0
4000,'5304',759,,5594,26,,,0,259,,5585,26,,,0,100,,5586,26,,,0,99,,5587,26,,,0,312,,5588,26,,,0,71,,5590,26,,,0,46,,5591,26,,,0,56,,5589,26,,,0,46,,5592,26,,,0,179,,5593,26,,,0,31,,5584,26,,,0,142,,5583,26,,,0
4000,'5306',806,,5598,26,,,0,253,,5595,26,,,0,150,,5597,26,,,0,295,,5602,26,,,0,109,,5599,26,,,0,221,,5600,26,,,0,75,,5603,26,,,0,291,,5596,26,,,0,59,,5601,26,,,0
4000,'5307',843,,5608,26,,,0,181,,5609,26,,,0,32,,5604,26,,,0,153,,5610,26,,,0,35,,5607,26,,,0,110,,5606,26,,,0,148,,5605,26,,,0
4000,'5308',2028,,5611,26,,,0
