901,'4327',802,,2638,60,,,0,57,,2635,60,,,0,183,,2641,60,,,0,113,,2637,60,,,0,169,,2642,60,,,0,109,,2633,60,,,0,167,,4603,60,,,0,134,,2636,60,,,0,283,,2639,60,,,0
901,'4332',819,,4613,46,,,0,37,,2647,46,,,0,145,,2652,53,,,0,44,,2649,46,,,0,278,,2657,46,,,0,35,,2651,53,,,0,79,,4614,53,,,0,97,,4616,46,,,0,107,,2644,53,,,0,100,,4615,46,,,0,117,,2656,53,,,0,97,,2655,46,,,0,245,,2645,60,,,0
901,'4480',556,,2630,46,,,0,100,,2629,53,,,0,70,,2631,46,,,0,30,,2627,53,,,0,70,,2628,46,,,0,30,,4605,60,,,0,96,,2611,46,,,0,104,,2612,53,,,0,97,,4606,46,,,0,99,,2632,60,,,0,89,,4608,53,,,0,81,,4607,46,,,0,88,,2616,53,,,0,116,,2619,53,,,0,33,,4610,60,,,0,144,,4612,46,,,0,52,,2623,53,,,0,103,,2625,46,,,0,96,,2622,53,,,0,99,,2626,46,,,0,200,,2624,60,,,0
901,'5302',1902,,4604,60,,,0
901,'5303',1555,,4609,46,,,0,174,,4611,53,,,0
901,'5304',1555,,5406,46,,,0,174,,5407,53,,,0
901,'5306',723,,5408,60,,,0,495,,5409,53,,,0
901,'5307',1902,,5410,60,,,0
9900,'4327',1044,,3545,13,,,0,798,,3546,10,,,0
9900,'4332',1842,,3548,10,,,0
9900,'4480',1053,,3544,13,,,0
9900,'5303',1847,,3543,10,,,0
9900,'5304',1847,,5713,10,,,0
9900,'5306',1044,,5714,13,,,0
