4000,'4327',728,,4742,28,,,0,224,,4739,28,,,0,192,,4737,28,,,0,178,,4751,28,,,0,110,,4743,28,,,0,110,,4740,28,,,0,75,,4748,28,,,0,35,,4747,28,,,0,75,,4754,28,,,0,75,,4738,28,,,0,35,,4749,28,,,0,74,,4744,28,,,0,35,,4753,28,,,0
4000,'4332',702,,4839,28,,,0,32,,4844,28,,,0,111,,4824,28,,,0,73,,4840,28,,,0,34,,4821,28,,,0,77,,4837,28,,,0,108,,4828,28,,,0,110,,4820,28,,,0,75,,4825,28,,,0,35,,4829,28,,,0,75,,4838,28,,,0,112,,4827,28,,,0,107,,4842,28,,,0,79,,4841,28,,,0,71,,4830,28,,,0,145,,4823,28,,,0,77,,4846,28,,,0,35,,4835,28,,,0
4000,'4480',621,,4804,28,,,0,30,,4805,28,,,0,55,,4812,28,,,0,13,,4806,28,,,0,15,,4807,28,,,0,15,,4808,28,,,0,58,,4810,28,0,6 7,0,12,,4811,28,,,0,16,,4762,28,,,0,15,,4763,28,,,0,55,,4764,28,,,0,15,,4765,28,,,0,15,,4766,28,,,0,16,,4767,28,,,0,55,,4768,28,,,0,30,,4770,28,,,0,14,,4771,28,,,0,55,,4772,28,,,0,31,,4774,28,,,0,15,,4775,28,,,0,54,,4776,28,,,0,30,,4778,28,,,0,15,,4779,28,,,0,55,,4780,28,,,0,14,,4781,28,,,0,14,,4782,28,,,0,15,,4783,28,,,0,55,,4784,28,,,0,14,,4785,28,,,0,15,,4786,28,,,0,14,,4787,28,,,0,56,,4788,28,,,0,15,,4789,28,,,0,30,,4792,28,,,0,71,,4794,28,,,0,14,,4795,28,,,0,89,,4798,28,,,0,15,,4796,28,,,0,72,,4800,28,,,0,20,,4801,28,,,0,20,,4802,28,,,0,355,,4758,28,,,0,30,,4761,28,,,0,71,,4757,28,,,0
4000,'4663',2030,,5581,28,,,0
4000,'4673',1910,,4816,28,,,0,120,,5582,28,,,0,102,,4815,28,,,0
4000,'5241',1910,,4819,28,,,0,222,,4818,28,,,0
4000,'5302',845,,4752,28,,,0,182,,4755,28,,,0,32,,4741,28,,,0,153,,4756,28,,,0,35,,4750,28,,,0,110,,4746,28,,,0,148,,4745,28,,,0
4000,'5303',802,,4809,28,,,0,219,,4769,28,,,0,100,,4773,28,,,0,99,,4777,28,,,0,312,,4790,28,,,0,71,,4793,28,,,0,46,,4797,28,,,0,56,,4791,28,,,0,46,,4799,28,,,0,179,,4803,28,,,0,70,,4760,28,,,0,30,,4817,28,,,0,72,,4759,28,,,0
4000,'5304',802,,5594,28,,,0,219,,5585,28,,,0,100,,5586,28,,,0,99,,5587,28,,,0,312,,5588,28,,,0,71,,5590,28,,,0,46,,5591,28,,,0,56,,5589,28,,,0,46,,5592,28,,,0,179,,5593,28,,,0,70,,5584,28,,,0,102,,5583,28,,,0
4000,'5306',808,,5598,28,,,0,294,,5595,28,,,0,110,,5597,28,,,0,295,,5602,28,,,0,109,,5599,28,,,0,221,,5600,28,,,0,74,,5603,28,,,0,291,,5596,28,,,0,99,,5601,28,,,0
4000,'5307',845,,5608,28,,,0,182,,5609,28,,,0,32,,5604,28,,,0,153,,5610,28,,,0,35,,5607,28,,,0,110,,5606,28,,,0,148,,5605,28,,,0
4000,'5308',2030,,5611,28,,,0
