101,'4327',751,,4411,2,,,0,70,,4414,2,,,0,30,,2136,2,,,0,68,,4412,2,,,0,104,,4410,2,,,0,202,,4408,2,,,0,100,,4418,2,,,0,30,,4417,2,,,0,70,,2125,2,,,0,100,,4409,2,,,0,30,,4407,2,,,0,100,,2134,2,,,0,70,,4406,2,,,0,30,,4419,2,,,0,70,,2148,2,,,0,30,,2140,2,,,0,70,,2124,2,,,0,30,,2141,2,,,0,70,,2150,2,,,0,81,,2139,2,,,0
101,'4332',735,,4455,2,,,0,300,,4445,2,,,0,69,,2151,2,,,0,31,,2154,2,,,0,100,,2167,2,,,0,71,,4442,2,,,0,30,,2177,2,,,0,70,,4446,2,,,0,30,,2157,2,,,0,70,,4450,2,,,0,30,,2173,2,,,0,70,,4440,2,,,0,130,,2166,2,,,0,70,,4451,2,,,0,30,,4452,2,,,0,169,,2159,2,,,0,32,,4453,2,,,0,68,,2153,2,,,0,37,,2183,2,,,0,93,,2184,2,,,0,181,,2175,2,,,0
101,'4480',631,,4431,2,,,0,89,,2113,2,,,0,100,,2112,2,,,0,17,,4428,2,,,0,65,,4427,2,,,0,32,,2102,2,,,0,72,,4424,2,,,0,25,,2104,2,,,0,70,,2091,2,,,0,26,,4426,2,,,0,74,,2092,2,,,0,34,,2099,2,,,0,66,,2120,2,,,0,33,,2098,2,,,0,67,,4422,2,,,0,33,,2097,2,,,0,75,,2093,2,,,0,25,,2080,2,,,0,78,,2082,2,,,0,22,,2090,2,,,0,17,,4420,2,,,0,60,,4423,2,,,0,25,,2094,2,,,0,15,,4436,2,,,0,58,,4425,2,,,0,32,,2085,2,,,0,95,,2086,2,,,0,70,,2114,2,,,0,30,,2087,2,,,0,70,,2116,2,,,0,30,,4421,2,,,0,100,,2089,2,,,0,102,,2084,2,,,0,85,,2083,2,,,0
101,'4663',1906,,5056,2,,,0
101,'4673',1906,,5057,2,,,0
101,'5302',951,,2144,2,,,0,103,,4415,2,,,0,73,,2145,2,,,0,28,,2126,2,,,0,100,,4416,2,,,0,200,,4413,2,,,0,170,,2127,2,,,0
101,'5303',701,,4430,2,,,0,39,,2107,2,,,0,61,,4432,2,,,0,648,,4435,2,,,0,102,,4429,2,,,0,355,,4439,2,,,0,300,,4433,2,,,0,100,,4434,2,,,0
101,'5304',701,,5060,2,,,0,39,,5058,2,,,0,61,,5061,2,,,0,648,,5064,2,,,0,102,,5059,2,,,0,655,,5062,2,,,0,100,,5063,2,,,0
101,'5306',705,,5070,2,,,0,100,,5071,2,,,0,27,,5073,2,,,0,73,,5067,2,,,0,22,,5066,2,,,0,80,,5075,2,,,0,196,,5077,2,,,0,436,,5069,2,,,0,67,,5065,2,,,0,200,,5072,2,,,0,30,,5074,2,,,0,269,,5076,2,,,0,100,,5078,2,,,0,31,,5068,2,,,0
101,'5307',951,,5084,2,,,0,103,,5082,2,,,0,73,,5085,2,,,0,28,,5079,2,,,0,100,,5083,2,,,0,200,,5081,2,,,0,170,,5080,2,,,0
101,'5308',1906,,5086,2,,,0
2001,'4327',901,,2784,2,,,0,226,,2786,2,,,0,694,,2788,2,,,0
2001,'4332',959,,2799,2,,,0,145,,4660,2,,,0,451,,2797,2,,,0,255,,2790,2,,,0,325,,2794,2,0,9 10 11,0
2001,'4480',726,,4659,2,0,9 10 11,0,31,,2777,2,0,9 10 11,0,145,,2766,2,,,0,109,,4653,2,,,0,110,,4654,2,,,0,110,,4655,2,,,0,370,,2771,2,,,0,110,,2772,2,,,0
2001,'4663',1817,,5473,2,0,9 10 11,0,319,,5474,2,0,9 10 11,0
2001,'4673',1817,,5475,2,0,9 10 11,0,319,,5476,2,0,9 10 11,0
2001,'5302',1346,,2785,2,,,0,209,,2787,2,,,0
2001,'5303',641,,4658,2,,,0,810,,4656,2,0,9 10 11,0,366,,2782,2,0,9 10 11,0,114,,4657,2,,,0,205,,2783,2,0,9 10 11,0,200,,2774,2,0,9 10 11,0
2001,'5304',641,,5480,2,,,0,810,,5477,2,0,9 10 11,0,480,,5478,2,,,0,405,,5479,2,0,9 10 11,0
2001,'5306',911,,5485,2,,,0,320,,5481,2,,,0,115,,5486,2,,,0,102,,5483,2,,,0,211,,5484,2,,,0,676,,5482,2,0,9 10 11,0
2001,'5307',1346,,5487,2,,,0,209,,5488,2,,,0
2001,'5308',1817,,5489,2,0,9 10 11,0,319,,5490,2,0,9 10 11,0
2501,'4327',1036,,4668,3,,,0,215,,2823,3,,,0
2501,'4332',816,,4673,2,,,0,940,,4675,2,,,0
2501,'4480',820,,2815,2,,,0,216,,2816,3,,,0,217,,4669,2,,,0,174,,4670,3,,,0
2501,'4673',2025,,4671,2,,,0
2501,'5241',2025,,4672,2,,,0
2501,'5302',816,,4667,2,,,0,940,,2824,2,,,0,270,,2825,3,,,0
2501,'5303',1800,,2819,3,,,0
2501,'5304',1800,,5499,3,,,0
2501,'5306',1036,,5502,3,,,0,215,,5501,3,,,0,775,,5500,3,,,0
2501,'5307',816,,5503,2,,,0,940,,5504,2,,,0,270,,5505,3,,,0
3001,'4327',758,,2937,2,,,0,381,,2940,2,,,0,219,,2941,2,,,0,261,,2933,2,,,0,215,,4691,2,,,0,115,,2936,2,,,0
3001,'4332',840,,2952,2,,,0,77,,4706,2,,,0,113,,2951,2,,,0,297,,2943,2,,,0,106,,2950,2,,,0,188,,4704,2,,,0,108,,4702,2,,,0,111,,2947,2,,,0,75,,2949,2,,,0,108,,4708,2,,,0
3001,'4480',622,,4698,2,,,0,85,,4697,2,,,0,36,,2922,2,,,0,58,,2924,2,,,0,17,,2921,2,,,0,18,,2925,2,,,0,91,,2900,2,,,0,75,,2901,2,,,0,35,,2902,2,,,0,75,,2903,2,,,0,35,,2904,2,,,0,75,,2906,2,,,0,35,,2907,2,,,0,75,,2908,2,,,0,75,,4695,2,,,0,35,,2909,2,,,0,77,,2910,2,,,0,110,,2911,2,,,0,110,,2913,2,,,0,110,,2915,2,,,0,76,,2917,2,,,0,408,,2919,2,,,0
3001,'4663',1554,,5524,2,,,0,581,,5525,2,,,0
3001,'4673',2135,,5526,2,,,0
3001,'5302',919,,4692,2,,,0,110,,2931,2,,,0,219,,4693,2,,,0,262,,4694,2,,,0,220,,2935,2,,,0
3001,'5303',853,,2899,2,,,0,701,,2926,2,,,0,150,,2912,2,,,0,110,,2914,2,,,0,220,,2918,2,,,0,101,,4701,2,,,0,98,,4696,2,,,0
3001,'5304',853,,5527,2,,,0,851,,5528,2,,,0,110,,5529,2,,,0,220,,5531,2,,,0,199,,5530,2,,,0
3001,'5305',1554,,5532,2,,,0
3001,'5306',733,,5541,2,,,0,220,,5537,2,,,0,152,,5538,2,,,0,35,,5534,2,,,0,76,,5543,2,,,0,35,,5544,2,,,0,151,,5535,2,,,0,108,,5540,2,,,0,35,,5539,2,,,0,109,,5546,2,,,0,151,,5545,2,,,0,328,,5533,2,,,0,100,,5542,2,,,0,102,,5536,2,,,0
3001,'5307',919,,5548,2,,,0,110,,5547,2,,,0,219,,5550,2,,,0,262,,5551,2,,,0,220,,5549,2,,,0
3001,'5308',2135,,5552,2,,,0
7201,'4327',1012,,3396,2,,,0,115,,3397,2,,,0,219,,3399,2,,,0,107,,3400,2,,,0,151,,3401,2,,,0,106,,3402,2,,,0,111,,3393,2,,,0
7201,'4332',717,,3405,2,,,0,204,,4968,2,,,0,110,,4970,2,,,0,110,,4969,2,,,0,110,,3414,2,,,0,150,,3417,2,,,0,43,,3418,2,,,0,67,,3419,2,,,0,147,,3421,2,,,0,73,,4971,2,,,0,75,,4972,2,,,0,110,,4974,2,,,0,97,,4973,2,,,0,123,,3409,2,,,0,200,,3411,2,,,0
7201,'4480',711,,3387,2,,,0,35,,3385,2,,,0,75,,3386,2,,,0,186,,4956,2,,,0,110,,4955,2,,,0,35,,3371,2,,,0,295,,3375,2,,,0,110,,4959,2,,,0,260,,3380,2,,,0,111,,4962,2,,,0,105,,4963,2,,,0,100,,3381,2,,,0
7201,'4661',1707,,3388,2,,,0
7201,'4663',1707,,3389,2,,,0
7201,'4673',2233,,4964,2,,,0,100,,4965,2,,,0
7201,'5241',2233,,4966,2,,,0,100,,4967,2,,,0
7201,'5302',749,,4954,2,,,0,152,,3394,2,,,0,330,,3395,2,,,0,705,,3398,2,,,0
7201,'5303',855,,3365,2,,,0,78,,3366,2,,,0,109,,3370,2,,,0,185,,4957,2,,,0,75,,3372,2,,,0,35,,4958,2,,,0,75,,3374,2,,,0,110,,3376,2,,,0,110,,4960,2,,,0,110,,4961,2,,,0,111,,3382,2,,,0
7201,'5304',855,,5677,2,,,0,78,,5678,2,,,0,109,,5680,2,,,0,185,,5679,2,,,0,75,,5681,2,,,0,35,,5682,2,,,0,75,,5683,2,,,0,110,,5684,2,,,0,110,,5685,2,,,0,110,,5686,2,,,0,111,,5687,2,,,0
7201,'5306',826,,5688,2,,,0,133,,5690,2,,,0,147,,5691,2,,,0,110,,5692,2,,,0,118,,5694,2,,,0,220,,5695,2,,,0,67,,5689,2,,,0,220,,5696,2,,,0,395,,5693,2,,,0
7201,'5307',749,,5697,2,,,0,152,,5698,2,,,0,330,,5699,2,,,0,705,,5700,2,,,0
1002001,'4327',749,,3630,2,,,0,482,,5002,2,,,0,222,,5003,2,,,0,258,,3626,2,,,0
1002001,'4332',1150,,5016,2,,,0,266,,3632,2,,,0,221,,3633,2,,,0,273,,5013,2,,,0,323,,5015,2,,,0
1002001,'4480',716,,5004,2,,,0,110,,5005,2,,,0,94,,5006,2,,,0,386,,3616,2,,,0,110,,5008,2,,,0,220,,5009,2,,,0,220,,3622,2,,,0,178,,5011,2,,,0,202,,3624,2,,,0
1002001,'5302',959,,3629,2,,,0,1057,,3628,2,,,0
1002001,'5303',1046,,3614,2,,,0,110,,5007,2,,,0,185,,3617,2,,,0,185,,3619,2,,,0,222,,5010,2,,,0
1002001,'5304',1046,,5738,2,,,0,110,,5739,2,,,0,185,,5740,2,,,0,185,,5741,2,,,0,222,,5742,2,,,0
1002001,'5306',713,,5745,2,,,0,113,,5746,2,,,0,110,,5743,2,,,0,111,,5744,2,,,0,259,,5749,2,,,0,214,,5747,2,,,0,226,,5748,2,,,0,267,,5750,2,,,0
1002001,'5307',959,,5752,2,,,0,1057,,5751,2,,,0
