2000,'4327',830,,2749,29,,,0,218,,2752,29,,,0,480,,2753,29,,,0,225,,2750,29,,,0
2000,'4332',1151,,2754,29,,,0,481,,4651,29,,,0,103,,4652,29,,,0,475,,2765,46,,,0,102,,2761,46,,,0
2000,'4480',619,,4649,46,,,0,108,,2747,46,,,0,108,,4650,46,,,0,23,,4642,29,,,0,149,,2735,29,,,0,110,,4643,29,,,0,120,,4644,46,,,0,100,,4645,29,,,0,188,,4646,29,,,0,77,,4647,46,,,0,119,,2742,46,,,0,291,,2744,46,,,0,203,,4648,46,,,0
2000,'5302',1307,,2751,29,,,0
2000,'5303',1415,,2739,29,,,0,407,,2743,29,,,0
2000,'5304',1415,,5463,29,,,0,407,,5464,29,,,0
2000,'5306',821,,5470,29,,,0,112,,5469,29,,,0,100,,5471,29,,,0,226,,5465,29,,,0,151,,5466,29,,,0,111,,5467,29,,,0,431,,5468,46,,,0
2000,'5307',1307,,5472,29,,,0
1002000,'4327',945,,3594,52,,,0,482,,3598,52,,,0,495,,3596,52,,,0
1002000,'4332',1020,,3607,52,,,0,221,,3606,52,,,0,212,,3609,52,,,0,393,,3603,52,,,0
1002000,'4480',747,,4996,35,,,0,108,,4997,52,,,0,76,,4998,35,,,0,700,,3586,35,,,0,113,,3587,35,,,0,112,,3588,35,,,0,459,,3589,52,,,0
1002000,'4663',2115,,5719,52,,,0
1002000,'4673',2115,,5720,52,,,0
1002000,'5302',727,,4995,52,,,0,428,,3593,52,,,0,490,,3595,52,,,0
1002000,'5303',639,,3578,35,,,0,402,,3582,35,,,0,110,,3583,35,,,0,150,,4999,35,,,0,157,,3585,52,,,0,657,,3592,52,,,0
1002000,'5304',639,,5721,35,,,0,402,,5722,35,,,0,110,,5723,35,,,0,150,,5724,35,,,0,157,,5725,52,,,0
1002000,'5306',651,,5730,52,,,0,152,,5731,52,,,0,110,,5727,52,,,0,222,,5732,52,,,0,206,,5728,52,,,0,270,,5729,52,,,0,110,,5733,52,,,0,389,,5726,52,,,0
1002000,'5307',727,,5736,52,,,0,428,,5734,52,,,0,490,,5735,52,,,0
1002000,'5308',2115,,5737,52,,,0
