7000,'4327',946,,3269,5,,,0,188,,4259,5,,,0,174,,3266,5,,,0,307,,3267,5,,,0,319,,4260,5,,,0
7000,'4332',846,,4263,5,,,0,100,,3273,5,,,0,188,,3275,5,,,0,174,,3271,5,,,0,307,,4261,5,,,0,127,,3270,5,,,0,192,,4262,5,,,0,190,,3276,5,,,0
7000,'4480',653,,3258,5,,,0,105,,4265,5,,,0,191,,3259,5,,,0,369,,3257,5,,,0,284,,3261,5,,,0,199,,3260,5,,,0
7000,'4663',2034,,3263,5,,,0,102,,3262,5,,,0
7000,'4673',1927,,4266,5,,,0
7000,'5135',1927,,4264,5,,,0
7001,'4327',821,,3292,6,,,0,185,,4267,6,,,0,123,,3288,6,,,0,314,,3290,6,,,0,364,,4268,6,,,0
7001,'4332',721,,4271,6,,,0,100,,3296,6,,,0,185,,3298,6,,,0,123,,3294,6,,,0,314,,4269,6,,,0,174,,3293,6,,,0,190,,4270,6,,,0,149,,3299,6,,,0
7001,'4480',535,,3280,6,,,0,105,,4273,6,,,0,189,,3281,6,,,0,325,,3283,6,,,0,288,,3284,6,,,0,196,,3282,6,,,0
7001,'4663',1911,,3285,6,,,0,102,,3286,6,,,0
7001,'4673',1808,,4274,6,,,0
7001,'5135',1808,,4272,6,,,0
