4000,'4327',721,,4742,22,,,0,223,,4739,22,,,0,192,,4737,22,,,0,178,,4751,22,,,0,110,,4743,22,,,0,110,,4740,22,,,0,75,,4748,22,,,0,35,,4747,22,,,0,75,,4754,22,,,0,35,,4738,22,,,0,75,,4749,22,,,0,75,,4744,22,,,0,35,,4753,22,,,0
4000,'4332',655,,4839,22,,,0,72,,4844,22,,,0,111,,4824,22,,,0,72,,4840,22,,,0,34,,4821,22,,,0,77,,4837,22,,,0,107,,4828,22,,,0,110,,4820,22,,,0,75,,4825,22,,,0,35,,4829,22,,,0,75,,4838,22,,,0,113,,4827,22,,,0,107,,4842,22,,,0,79,,4841,22,,,0,31,,4830,22,,,0,186,,4823,22,,,0,77,,4846,22,,,0,35,,4835,22,,,0
4000,'4480',614,,4804,22,,,0,30,,4805,22,,,0,15,,4812,22,,,0,53,,4806,22,,,0,15,,4807,22,,,0,14,,4808,22,,,0,16,,4810,22,0,6 7,0,52,,4811,22,,,0,17,,4762,22,,,0,15,,4763,22,,,0,16,,4764,22,,,0,55,,4765,22,,,0,15,,4766,22,,,0,16,,4767,22,,,0,15,,4768,22,,,0,70,,4770,22,,,0,13,,4771,22,,,0,15,,4772,22,,,0,71,,4774,22,,,0,15,,4775,22,,,0,14,,4776,22,,,0,70,,4778,22,,,0,15,,4779,22,,,0,15,,4780,22,,,0,54,,4781,22,,,0,14,,4782,22,,,0,15,,4783,22,,,0,15,,4784,22,,,0,54,,4785,22,,,0,15,,4786,22,,,0,14,,4787,22,,,0,16,,4788,22,,,0,55,,4789,22,,,0,29,,4792,22,,,0,72,,4794,22,,,0,13,,4795,22,,,0,90,,4798,22,,,0,16,,4796,22,,,0,72,,4800,22,,,0,20,,4801,22,,,0,20,,4802,22,,,0,316,,4758,22,,,0,70,,4761,22,,,0,31,,4757,22,,,0
4000,'4663',2023,,5581,22,,,0
4000,'4673',1902,,4816,22,,,0,121,,5582,22,,,0,102,,4815,22,,,0
4000,'5241',1902,,4819,22,,,0,223,,4818,22,,,0
4000,'5302',838,,4752,22,,,0,181,,4755,22,,,0,32,,4741,22,,,0,153,,4756,22,,,0,35,,4750,22,,,0,110,,4746,22,,,0,108,,4745,22,,,0
4000,'5303',753,,4809,22,,,0,260,,4769,22,,,0,99,,4773,22,,,0,99,,4777,22,,,0,311,,4790,22,,,0,32,,4793,22,,,0,85,,4797,22,,,0,16,,4791,22,,,0,88,,4799,22,,,0,179,,4803,22,,,0,31,,4760,22,,,0,70,,4817,22,,,0,32,,4759,22,,,0
4000,'5304',753,,5594,22,,,0,260,,5585,22,,,0,99,,5586,22,,,0,99,,5587,22,,,0,311,,5588,22,,,0,32,,5590,22,,,0,85,,5591,22,,,0,16,,5589,22,,,0,88,,5592,22,,,0,179,,5593,22,,,0,31,,5584,22,,,0,102,,5583,22,,,0
4000,'5306',801,,5598,22,,,0,252,,5595,22,,,0,150,,5597,22,,,0,255,,5602,22,,,0,150,,5599,22,,,0,221,,5600,22,,,0,75,,5603,22,,,0,251,,5596,22,,,0,99,,5601,22,,,0
4000,'5307',838,,5608,22,,,0,181,,5609,22,,,0,32,,5604,22,,,0,153,,5610,22,,,0,35,,5607,22,,,0,110,,5606,22,,,0,108,,5605,22,,,0
4000,'5308',2023,,5611,22,,,0
