2001,'4327',922,,2784,28,,,0,227,,2786,28,,,0,692,,2788,28,,,0
2001,'4332',1020,,2799,28,,,0,105,,4660,28,,,0,492,,2797,28,,,0,213,,2790,28,,,0,377,,2794,45,,,0
2001,'4480',803,,4659,45,,,0,32,,2777,45,,,0,87,,2766,28,,,0,109,,4653,28,,,0,110,,4654,28,,,0,111,,4655,28,,,0,370,,2771,28,,,0,110,,2772,28,,,0
2001,'4663',1852,,5473,45,,,0,358,,5474,45,,,0
2001,'4673',1852,,5475,45,,,0,358,,5476,45,,,0
2001,'5302',1408,,2785,28,,,0,209,,2787,28,,,0
2001,'5303',700,,4658,28,,,0,832,,4656,45,,,0,320,,2782,45,,,0,99,,4657,28,,,0,259,,2783,45,,,0,197,,2774,45,,,0
2001,'5304',700,,5480,28,,,0,832,,5477,45,,,0,419,,5478,28,,,0,456,,5479,45,,,0
2001,'5306',932,,5485,28,,,0,321,,5481,28,,,0,155,,5486,28,,,0,102,,5483,28,,,0,210,,5484,28,,,0,685,,5482,45,,,0
2001,'5307',1408,,5487,28,,,0,209,,5488,28,,,0
2001,'5308',1852,,5489,45,,,0,358,,5490,45,,,0
1002001,'4327',821,,3630,45,,,0,485,,5002,45,,,0,222,,5003,45,,,0,217,,3626,45,,,0
1002001,'4332',1224,,5016,45,,,0,227,,3632,45,,,0,260,,3633,45,,,0,233,,5013,45,,,0,361,,5015,45,,,0
1002001,'4480',735,,5004,28,,,0,111,,5005,28,,,0,110,,5006,45,,,0,371,,3616,28,,,0,131,,5008,45,,,0,255,,5009,45,,,0,203,,3622,28,,,0,192,,5011,45,,,0,200,,3624,45,,,0
1002001,'5302',1034,,3629,45,,,0,1015,,3628,45,,,0
1002001,'5303',1106,,3614,28,,,0,110,,5007,28,,,0,206,,3617,45,,,0,182,,3619,45,,,0,204,,5010,28,,,0
1002001,'5304',1106,,5738,28,,,0,110,,5739,28,,,0,206,,5740,45,,,0,182,,5741,45,,,0,204,,5742,28,,,0
1002001,'5306',745,,5745,45,,,0,113,,5746,45,,,0,152,,5743,45,,,0,111,,5744,45,,,0,220,,5749,45,,,0,214,,5747,45,,,0,265,,5748,45,,,0,226,,5750,45,,,0
1002001,'5307',1034,,5752,45,,,0,1015,,5751,45,,,0
