7200,'4480',658,,3325,30,4,,0,76,,3324,30,4,,0,73,,3323,30,4,,0,37,,3322,30,4,,0,74,,3302,30,4,,0,34,,3303,30,4,,0,75,,3304,30,4,,0,76,,3305,30,4,,0,35,,3306,30,4,,0,75,,3307,30,4,,0,35,,3308,30,4,,0,75,,3309,30,4,,0,35,,3310,30,4,,0,78,,3311,30,4,,0,75,,3312,30,4,,0,35,,3313,30,4,,0,73,,3314,30,4,,0,35,,3315,30,4,,0,75,,3316,30,4,,0,113,,3317,30,4,,0,75,,3318,30,4,,0,111,,3319,30,4,,0,101,,3320,30,4,,0,100,,3321,30,4,,0
7200,'4661',1805,,3326,30,4,,0
7200,'4663',1805,,3327,30,4,,0
7200,'4673',2329,,3328,30,4,,0
7200,'4970',743,,3339,30,4,,0,105,,3329,30,4,,0,154,,3331,30,4,,0,105,,3333,30,4,,0,120,,3332,30,4,,0,99,,3334,30,4,,0,120,,3335,30,4,,0,102,,3336,30,4,,0,154,,3337,30,4,,0,110,,3338,30,4,,0,110,,3330,30,4,,0
7200,'5131',724,,3363,30,4,,0,96,,3340,30,4,,0,88,,3348,30,4,,0,21,,3341,30,4,,0,88,,3349,30,4,,0,37,,3343,30,4,,0,74,,3350,30,4,,0,83,,3344,30,4,,0,27,,3351,30,4,,0,81,,3345,30,4,,0,28,,3352,30,4,,0,83,,3353,30,4,,0,27,,3354,30,4,,0,84,,3355,30,4,,0,66,,3356,30,4,,0,44,,3357,30,4,,0,66,,3342,30,4,,0,38,,3358,30,4,,0,72,,3359,30,4,,0,75,,3360,30,4,,0,107,,3361,30,4,,0,116,,3362,30,4,,0,102,,3346,30,4,,0,100,,3347,30,4,,0
7200,'5135',2329,,3364,30,4,,0
7201,'4480',710,,3387,1,,,0,35,,3385,1,,,0,75,,3386,1,,,0,34,,3365,1,,,0,78,,3366,1,,,0,74,,3368,1,,,0,35,,3370,1,,,0,75,,3367,1,,,0,35,,3371,1,,,0,75,,3369,1,,,0,75,,3372,1,,,0,35,,3373,1,,,0,75,,3374,1,,,0,35,,3375,1,,,0,75,,3376,1,,,0,35,,3377,1,,,0,75,,3378,1,,,0,110,,3379,1,,,0,75,,3380,1,,,0,36,,3382,1,,,0,75,,3383,1,,,0,105,,3384,1,,,0,100,,3381,1,,,0
7201,'4661',1706,,3388,1,,,0
7201,'4663',1706,,3389,1,,,0
7201,'4673',2232,,3390,1,,,0,100,,3391,1,,,0
7201,'4970',748,,3392,1,,,0,152,,3394,1,,,0,111,,3396,1,,,0,115,,3397,1,,,0,104,,3395,1,,,0,115,,3399,1,,,0,107,,3400,1,,,0,151,,3401,1,,,0,106,,3402,1,,,0,111,,3393,1,,,0,115,,3398,1,,,0
7201,'5131',716,,3405,1,,,0,109,,3403,1,,,0,95,,3412,1,,,0,38,,3406,1,,,0,72,,3415,1,,,0,75,,3407,1,,,0,35,,3413,1,,,0,75,,3408,1,,,0,35,,3414,1,,,0,83,,3416,1,,,0,67,,3417,1,,,0,43,,3418,1,,,0,67,,3419,1,,,0,43,,3420,1,,,0,67,,3404,1,,,0,37,,3421,1,,,0,73,,3422,1,,,0,75,,3423,1,,,0,35,,3424,1,,,0,75,,3426,1,,,0,97,,3425,1,,,0,123,,3409,1,,,0,100,,3410,1,,,0,100,,3411,1,,,0
7201,'5135',2232,,3427,1,,,0,100,,3428,1,,,0
