3000,'4327',751,,2869,56,4,,0,158,,4678,56,4,,0,107,,4677,56,4,,0,108,,2872,56,4,,0,114,,2863,56,4,,0,110,,2865,56,4,,0,110,,2871,56,4,,0,149,,2866,56,4,,0,110,,4676,56,4,,0,109,,2864,56,4,,0,109,,2870,56,4,,0
3000,'4332',726,,4017,56,4,,0,107,,2896,56,4,,0,110,,2887,56,4,,0,111,,4013,56,4,,0,73,,2880,56,4,,0,75,,2895,56,4,,0,36,,2894,56,4,,0,75,,2897,56,4,,0,35,,2881,56,4,,0,75,,2876,56,4,,0,110,,2890,56,4,,0,184,,2884,56,4,,0,38,,2875,56,4,,0,70,,2883,56,4,,0,298,,2878,56,4,,0,202,,2879,56,4,,0
3000,'4480',657,,4680,56,4,,0,76,,2854,56,4,,0,19,,2855,56,4,,0,59,,2850,56,4,,0,18,,2856,56,4,,0,17,,2853,56,4,,0,56,,2857,56,4,,0,18,,2851,56,4,,0,34,,2832,56,4,,0,76,,2833,56,4,,0,75,,2834,56,4,,0,35,,2835,56,4,,0,75,,2836,56,4,,0,35,,2837,56,4,,0,75,,2838,56,4,,0,75,,2839,56,4,,0,35,,2840,56,4,,0,76,,2841,56,4,,0,110,,2842,56,4,,0,110,,2843,56,4,,0,111,,2844,56,4,,0,74,,2845,56,4,,0,109,,2846,56,4,,0,101,,4679,56,4,,0,99,,2848,56,4,,0,101,,2849,56,4,,0
3000,'4661',1546,,2858,56,4,,0,261,,2859,56,4,,0
3000,'4663',1546,,2860,56,4,,0,261,,2861,56,4,,0
3000,'4673',1656,,4681,56,4,,0
3000,'5241',1656,,4682,56,4,,0
3000,'5244',910,,4687,56,4,,0,107,,4686,56,4,,0,441,,4685,56,4,,0,153,,4683,56,4,,0,31,,4689,56,4,,0,259,,4684,56,4,,0,110,,4688,56,4,,0,215,,4690,56,4,,0
3001,'4327',757,,2937,1,,,0,161,,4692,1,,,0,110,,2931,1,,,0,110,,2940,1,,,0,109,,4693,1,,,0,110,,2941,1,,,0,152,,4694,1,,,0,109,,2933,1,,,0,111,,2935,1,,,0,104,,4691,1,,,0,115,,2936,1,,,0
3001,'4332',732,,2960,1,,,0,107,,2952,1,,,0,113,,2954,1,,,0,77,,2951,1,,,0,75,,4034,1,,,0,35,,2945,1,,,0,76,,2962,1,,,0,35,,4037,1,,,0,76,,2943,1,,,0,75,,2946,1,,,0,31,,2950,1,,,0,77,,2959,1,,,0,330,,2947,1,,,0,75,,2949,1,,,0,318,,2961,1,,,0
3001,'4480',621,,4698,1,,,0,85,,4697,1,,,0,36,,2922,1,,,0,58,,2924,1,,,0,17,,2921,1,,,0,18,,2925,1,,,0,17,,2899,1,,,0,74,,2900,1,,,0,75,,2901,1,,,0,35,,2902,1,,,0,75,,2903,1,,,0,35,,2904,1,,,0,75,,2906,1,,,0,35,,2907,1,,,0,75,,2908,1,,,0,75,,4695,1,,,0,35,,2909,1,,,0,77,,2910,1,,,0,110,,2911,1,,,0,75,,2912,1,,,0,35,,2913,1,,,0,75,,2914,1,,,0,35,,2915,1,,,0,76,,2917,1,,,0,109,,2918,1,,,0,199,,4696,1,,,0,100,,2919,1,,,0
3001,'4661',1553,,2926,1,,,0
3001,'4663',1553,,2927,1,,,0,581,,4699,1,,,0
3001,'4673',2134,,4700,1,,,0
3001,'4681',2134,,4701,1,,,0
3001,'5244',916,,4706,1,,,0,628,,4707,1,,,0,76,,4704,1,,,0,33,,4710,1,,,0,75,,4702,1,,,0,76,,4709,1,,,0,218,,4708,1,,,0,110,,4703,1,,,0,202,,4705,1,,,0
