2001,'4327',929,,2784,38,,,0,228,,2786,38,,,0,691,,2788,38,,,0
2001,'4332',1027,,2799,38,,,0,105,,4660,38,,,0,492,,2797,38,,,0,213,,2790,38,,,0,376,,2794,55,,,0
2001,'4480',812,,4659,55,,,0,31,,2777,55,,,0,87,,2766,38,,,0,109,,4653,38,,,0,110,,4654,38,,,0,151,,4655,38,,,0,330,,2771,38,,,0,110,,2772,38,,,0
2001,'4663',1859,,5473,55,,,0,357,,5474,55,,,0
2001,'4673',1859,,5475,55,,,0,357,,5476,55,,,0
2001,'5302',1415,,2785,38,,,0,209,,2787,38,,,0
2001,'5303',707,,4658,38,,,0,833,,4656,55,,,0,319,,2782,55,,,0,99,,4657,38,,,0,258,,2783,55,,,0,197,,2774,55,,,0
2001,'5304',707,,5480,38,,,0,833,,5477,55,,,0,418,,5478,38,,,0,455,,5479,55,,,0
2001,'5306',939,,5485,38,,,0,361,,5481,38,,,0,115,,5486,38,,,0,102,,5483,38,,,0,210,,5484,38,,,0,684,,5482,55,,,0
2001,'5307',1415,,5487,38,,,0,209,,5488,38,,,0
2001,'5308',1859,,5489,55,,,0,357,,5490,55,,,0
1002001,'4327',827,,3630,55,,,0,485,,5002,55,,,0,222,,5003,55,,,0,217,,3626,55,,,0
1002001,'4332',1230,,5016,55,,,0,227,,3632,55,,,0,260,,3633,55,,,0,233,,5013,55,,,0,361,,5015,55,,,0
1002001,'4480',742,,5004,38,,,0,111,,5005,38,,,0,150,,5006,55,,,0,331,,3616,38,,,0,171,,5008,55,,,0,215,,5009,55,,,0,202,,3622,38,,,0,192,,5011,55,,,0,200,,3624,55,,,0
1002001,'5302',1041,,3629,55,,,0,1014,,3628,55,,,0
1002001,'5303',1113,,3614,38,,,0,110,,5007,38,,,0,206,,3617,55,,,0,182,,3619,55,,,0,204,,5010,38,,,0
1002001,'5304',1113,,5738,38,,,0,110,,5739,38,,,0,206,,5740,55,,,0,182,,5741,55,,,0,204,,5742,38,,,0
1002001,'5306',751,,5745,55,,,0,153,,5746,55,,,0,112,,5743,55,,,0,111,,5744,55,,,0,220,,5749,55,,,0,254,,5747,55,,,0,225,,5748,55,,,0,226,,5750,55,,,0
1002001,'5307',1041,,5752,55,,,0,1014,,5751,55,,,0
