4000,'4327',712,,4742,10,,,0,223,,4739,10,,,0,192,,4737,10,,,0,177,,4751,10,,,0,110,,4743,10,,,0,110,,4740,10,,,0,35,,4748,10,,,0,75,,4747,10,,,0,75,,4754,10,,,0,35,,4738,10,,,0,75,,4749,10,,,0,35,,4744,10,,,0,75,,4753,10,,,0
4000,'4332',646,,4839,10,,,0,71,,4844,10,,,0,111,,4824,10,,,0,72,,4840,10,,,0,34,,4821,10,,,0,77,,4837,10,,,0,106,,4828,10,,,0,110,,4820,10,,,0,75,,4825,10,,,0,35,,4829,10,,,0,75,,4838,10,,,0,113,,4827,10,,,0,107,,4842,10,,,0,79,,4841,10,,,0,31,,4830,10,,,0,186,,4823,10,,,0,78,,4846,10,,,0,35,,4835,10,,,0
4000,'4480',605,,4804,10,,,0,29,,4805,10,,,0,15,,4812,10,,,0,53,,4806,10,,,0,15,,4807,10,,,0,14,,4808,10,,,0,16,,4810,10,0,6 7,0,12,,4811,10,,,0,57,,4762,10,,,0,15,,4763,10,,,0,16,,4764,10,,,0,55,,4765,10,,,0,15,,4766,10,,,0,17,,4767,10,,,0,15,,4768,10,,,0,70,,4770,10,,,0,13,,4771,10,,,0,14,,4772,10,,,0,71,,4774,10,,,0,15,,4775,10,,,0,14,,4776,10,,,0,70,,4778,10,,,0,15,,4779,10,,,0,15,,4780,10,,,0,54,,4781,10,,,0,14,,4782,10,,,0,15,,4783,10,,,0,15,,4784,10,,,0,13,,4785,10,,,0,55,,4786,10,,,0,14,,4787,10,,,0,16,,4788,10,,,0,15,,4789,10,,,0,69,,4792,10,,,0,32,,4794,10,,,0,53,,4795,10,,,0,90,,4798,10,,,0,16,,4796,10,,,0,32,,4800,10,,,0,60,,4801,10,,,0,20,,4802,10,,,0,318,,4758,10,,,0,70,,4761,10,,,0,31,,4757,10,,,0
4000,'4663',2014,,5581,10,,,0
4000,'4673',1851,,4816,10,,,0,163,,5582,10,,,0,102,,4815,10,,,0
4000,'5241',1851,,4819,10,,,0,265,,4818,10,,,0
4000,'5302',829,,4752,10,,,0,181,,4755,10,,,0,32,,4741,10,,,0,113,,4756,10,,,0,75,,4750,10,,,0,109,,4746,10,,,0,108,,4745,10,,,0
4000,'5303',743,,4809,10,,,0,261,,4769,10,,,0,98,,4773,10,,,0,99,,4777,10,,,0,310,,4790,10,,,0,32,,4793,10,,,0,85,,4797,10,,,0,16,,4791,10,,,0,88,,4799,10,,,0,179,,4803,10,,,0,32,,4760,10,,,0,71,,4817,10,,,0,32,,4759,10,,,0
4000,'5304',743,,5594,10,,,0,261,,5585,10,,,0,98,,5586,10,,,0,99,,5587,10,,,0,310,,5588,10,,,0,32,,5590,10,,,0,85,,5591,10,,,0,16,,5589,10,,,0,88,,5592,10,,,0,179,,5593,10,,,0,32,,5584,10,,,0,103,,5583,10,,,0
4000,'5306',751,,5598,10,,,0,292,,5595,10,,,0,109,,5597,10,,,0,295,,5602,10,,,0,110,,5599,10,,,0,261,,5600,10,,,0,35,,5603,10,,,0,292,,5596,10,,,0,99,,5601,10,,,0
4000,'5307',829,,5608,10,,,0,181,,5609,10,,,0,32,,5604,10,,,0,113,,5610,10,,,0,75,,5607,10,,,0,109,,5606,10,,,0,108,,5605,10,,,0
4000,'5308',2014,,5611,10,,,0
