4001,'4327',724,,3226,33,,,0,107,,3214,33,,,0,271,,3223,33,,,0,111,,3210,33,,,0,110,,4848,33,,,0,110,,3211,33,,,0,75,,3219,33,,,0,37,,3215,33,,,0,108,,3209,33,,,0,150,,4852,33,,,0,34,,4856,33,,,0,109,,4849,33,,,0,75,,4851,33,,,0
4001,'4332',806,,3243,33,,,0,108,,3248,33,,,0,114,,4917,33,,,0,76,,4906,33,,,0,35,,4918,33,,,0,76,,4909,33,,,0,36,,3237,33,,,0,75,,3238,33,,,0,182,,3245,33,,,0,37,,3239,33,,,0,75,,4916,33,,,0,35,,4910,33,,,0,148,,4915,33,,,0,109,,4911,33,,,0,109,,3252,33,,,0,108,,4919,33,,,0,75,,4914,33,,,0,100,,4907,33,,,0
4001,'4480',653,,3199,33,,,0,72,,4898,33,,,0,33,,4902,33,,,0,56,,4899,33,,,0,15,,4900,33,,,0,18,,4901,33,,,0,56,,4865,33,,,0,28,,4869,33,,,0,14,,4870,33,,,0,55,,4866,33,,,0,15,,4867,33,,,0,30,,4872,33,,,0,55,,4873,33,,,0,16,,4874,33,,,0,15,,4875,33,,,0,15,,4876,33,,,0,56,,4877,33,,,0,15,,3172,33,,,0,17,,4878,33,,,0,85,,4879,33,,,0,30,,4880,33,,,0,55,,4881,33,,,0,16,,4882,33,,,0,30,,4884,33,,,0,55,,4885,33,,,0,15,,4886,33,,,0,15,,4887,33,,,0,15,,4888,33,,,0,55,,4889,33,,,0,30,,4890,33,,,0,15,,4891,33,,,0,54,,3191,33,,,0,29,,4903,33,,,0,15,,4895,33,,,0,54,,3196,33,,,0,29,,4894,33,,,0,15,,4896,33,,,0,91,,4864,33,,,0,20,,4860,33,,,0,148,,3151,33,,,0,100,,4859,33,,,0,28,,4862,33,,,0,69,,4858,33,,,0,30,,4861,33,,,0,70,,4857,33,,,0
4001,'4673',2036,,4904,33,,,0
4001,'5241',2036,,4905,33,,,0
4001,'5302',952,,4853,33,,,0,186,,4850,33,,,0,113,,4847,33,,,0,107,,4855,33,,,0,255,,3218,33,,,0,115,,4854,33,,,0,178,,3212,33,,,0
4001,'5303',917,,4868,33,,,0,113,,4871,33,,,0,219,,3174,33,,,0,55,,3175,33,,,0,30,,3177,33,,,0,101,,4883,33,,,0,185,,3188,33,,,0,98,,4892,33,,,0,98,,4893,33,,,0,85,,4897,33,,,0,16,,3158,33,,,0,100,,4863,33,,,0,118,,3155,33,,,0
4001,'5304',917,,5615,33,,,0,113,,5616,33,,,0,219,,5617,33,,,0,55,,5618,33,,,0,30,,5619,33,,,0,101,,5620,33,,,0,185,,5621,33,,,0,98,,5622,33,,,0,98,,5623,33,,,0,85,,5624,33,,,0,16,,5614,33,,,0,100,,5613,33,,,0,118,,5612,33,,,0
4001,'5306',722,,5634,33,,,0,118,,5633,33,,,0,111,,5630,33,,,0,451,,5632,33,,,0,35,,5625,33,,,0,291,,5631,33,,,0,110,,5627,33,,,0,109,,5626,33,,,0,108,,5628,33,,,0,350,,5629,33,,,0
4001,'5307',952,,5639,33,,,0,186,,5637,33,,,0,113,,5635,33,,,0,107,,5641,33,,,0,255,,5638,33,,,0,115,,5640,33,,,0,178,,5636,33,,,0
