1501,'4327',1318,,4628,12,,,0,328,,4627,12,,,0
1501,'4480',848,,2698,12,,,0,69,,2699,12,,,0,30,,2700,12,,,0,70,,2697,12,,,0,30,,4634,12,,,0,70,,4635,12,,,0,29,,4636,12,,,0,71,,4637,12,,,0,130,,2705,12,,,0,768,,4639,12,,,0
1501,'4663',2005,,5438,12,,,0
1501,'4673',2005,,5439,12,,,0
1501,'5302',836,,4629,12,,,0,112,,4633,12,,,0,110,,2712,12,,,0,150,,4630,12,,,0,220,,2715,12,,,0,109,,2718,12,,,0,219,,4632,12,,,0,150,,4631,12,,,0
1501,'5303',1320,,2706,12,,,0,536,,4638,12,,,0,149,,2711,12,,,0
1501,'5304',1320,,5440,12,,,0,536,,5441,12,,,0
1501,'5306',802,,5450,12,,,0,146,,5451,12,,,0,102,,5448,12,,,0,158,,5452,12,,,0,112,,5449,12,,,0,109,,5447,12,,,0,110,,5442,12,,,0,108,,5444,12,,,0,111,,5445,12,,,0,148,,5446,12,,,0,112,,5443,12,,,0,107,,5453,12,,,0
1501,'5307',836,,5456,12,,,0,112,,5461,12,,,0,110,,5454,12,,,0,150,,5457,12,,,0,220,,5455,12,,,0,109,,5458,12,,,0,219,,5460,12,,,0,150,,5459,12,,,0
1501,'5308',2005,,5462,12,,,0
3001,'4327',841,,2937,50,,,0,382,,2940,50,,,0,220,,2941,50,,,0,259,,2933,50,,,0,213,,4691,50,,,0,115,,2936,50,,,0
3001,'4332',923,,2952,50,,,0,78,,4706,50,,,0,113,,2951,50,,,0,299,,2943,50,,,0,106,,2950,50,,,0,186,,4704,50,,,0,107,,4702,50,,,0,109,,2947,50,,,0,35,,2949,50,,,0,148,,4708,50,,,0
3001,'4480',703,,4698,50,,,0,47,,4697,50,,,0,79,,2922,50,,,0,18,,2924,50,,,0,56,,2921,50,,,0,17,,2925,50,,,0,92,,2900,50,,,0,35,,2901,50,,,0,76,,2902,50,,,0,35,,2903,50,,,0,76,,2904,50,,,0,75,,2906,50,,,0,35,,2907,50,,,0,76,,2908,50,,,0,36,,4695,50,,,0,76,,2909,50,,,0,77,,2910,50,,,0,107,,2911,50,,,0,107,,2913,50,,,0,108,,2915,50,,,0,75,,2917,50,,,0,404,,2919,50,,,0
3001,'4663',1643,,5524,50,,,0,571,,5525,50,,,0
3001,'4673',2214,,5526,50,,,0
3001,'5302',1002,,4692,50,,,0,110,,2931,50,,,0,221,,4693,50,,,0,222,,4694,50,,,0,257,,2935,50,,,0
3001,'5303',937,,2899,50,,,0,706,,2926,50,,,0,106,,2912,50,,,0,108,,2914,50,,,0,257,,2918,50,,,0,100,,4701,50,,,0,96,,4696,50,,,0
3001,'5304',937,,5527,50,,,0,812,,5528,50,,,0,108,,5529,50,,,0,257,,5531,50,,,0,196,,5530,50,,,0
3001,'5305',1643,,5532,50,,,0
3001,'5306',815,,5541,50,,,0,222,,5537,50,,,0,112,,5538,50,,,0,77,,5534,50,,,0,76,,5543,50,,,0,35,,5544,50,,,0,111,,5535,50,,,0,108,,5540,50,,,0,75,,5539,50,,,0,106,,5546,50,,,0,110,,5545,50,,,0,366,,5533,50,,,0,100,,5542,50,,,0,101,,5536,50,,,0
3001,'5307',1002,,5548,50,,,0,110,,5547,50,,,0,221,,5550,50,,,0,222,,5551,50,,,0,257,,5549,50,,,0
3001,'5308',2214,,5552,50,,,0
1001501,'4480',736,,3567,17,,,0,78,,3566,17,,,0,440,,4992,17,,,0,247,,3569,17,,,0,36,,3572,17,,,0,77,,3575,17,,,0,37,,3574,17,,,0,73,,3571,17,,,0,35,,3573,17,,,0
1001501,'4673',1833,,4993,17,,,0
1001501,'5241',1833,,4994,17,,,0
1001501,'5303',1425,,3568,17,,,0
1001501,'5304',1425,,5718,17,,,0
