3000,'4327',740,,2869,44,,,0,117,,4678,44,,,0,146,,4677,44,,,0,108,,2872,44,,,0,114,,2863,44,,,0,110,,2865,44,,,0,110,,2871,44,,,0,109,,2866,44,,,0,150,,4676,44,,,0,110,,2864,44,,,0
3000,'4332',821,,2896,44,,,0,37,,4687,44,,,0,72,,2887,44,,,0,74,,4686,44,,,0,145,,2895,44,,,0,76,,2894,44,,,0,110,,2881,44,,,0,75,,2876,44,,,0,35,,4685,44,,,0,75,,2890,44,,,0,38,,4683,44,,,0,146,,2884,44,,,0,109,,2883,44,,,0,298,,2878,44,,,0,104,,4690,44,,,0
3000,'4480',645,,4680,44,,,0,93,,2855,44,,,0,19,,2850,44,,,0,58,,2856,44,,,0,34,,2857,44,,,0,58,,2851,44,,,0,34,,2832,44,,,0,75,,2833,44,,,0,35,,2834,44,,,0,75,,2835,44,,,0,75,,2836,44,,,0,35,,2837,44,,,0,75,,2838,44,,,0,35,,2839,44,,,0,74,,2840,44,,,0,36,,2841,44,,,0,150,,2842,44,,,0,110,,2843,44,,,0,113,,2844,44,,,0,75,,2845,44,,,0,211,,4679,44,,,0,200,,2849,44,,,0
3000,'4663',1531,,5506,44,,,0,223,,5507,44,,,0
3000,'4673',1641,,4681,44,,,0
3000,'5241',1641,,4682,44,,,0
3000,'5302',1923,,2870,44,,,0
3000,'5303',721,,2854,44,,,0,111,,2853,44,,,0,699,,2858,44,,,0,223,,2859,44,,,0,259,,2846,44,,,0,201,,2848,44,,,0
3000,'5304',721,,5511,44,,,0,111,,5510,44,,,0,1181,,5508,44,,,0,201,,5509,44,,,0
3000,'5305',1531,,5512,44,,,0,223,,5513,44,,,0
3000,'5306',715,,5519,44,,,0,326,,5518,44,,,0,73,,5517,44,,,0,186,,5522,44,,,0,329,,5521,44,,,0,114,,5514,44,,,0,106,,5515,44,,,0,110,,5520,44,,,0,355,,5516,44,,,0
3000,'5307',1923,,5523,44,,,0
