2001,'4730',658,,812,24,,,0,142,,813,41,,,0,33,,814,41,,,0,87,,838,24,,,0,109,,804,24,,,0,110,,805,24,,,0,111,,806,24,,,0,280,,807,41,,,0,90,,808,24,,,0,110,,809,24,,,0,219,,810,24,,,0,456,,811,41,,,0
2001,'4737',1850,,815,41,,,0,358,,816,41,,,0
2001,'4738',930,,823,24,,,0,88,,827,24,,,0,105,,824,24,,,0,128,,817,24,,,0,155,,826,24,,,0,102,,820,24,,,0,107,,825,24,,,0,103,,821,24,,,0,110,,818,24,,,0,377,,822,41,,,0,198,,819,41,,,0
2001,'4781',920,,828,24,,,0,227,,830,24,,,0,259,,829,24,,,0,209,,831,24,,,0,224,,839,24,,,0
2001,'4783',1850,,832,41,,,0,358,,833,41,,,0
2001,'4784',1850,,834,41,,,0,358,,835,41,,,0
1002001,'4730',733,,1701,24,,,0,111,,1702,24,,,0,110,,1703,41,,,0,150,,1733,24,,,0,110,,1704,24,,,0,111,,1705,24,,,0,94,,1734,41,,,0,36,,1735,41,,,0,147,,1706,41,,,0,109,,1707,41,,,0,95,,1708,24,,,0,108,,1709,24,,,0,192,,1710,41,,,0
1002001,'4738',743,,1713,41,,,0,113,,1714,41,,,0,152,,1711,41,,,0,111,,1738,41,,,0,103,,1720,41,,,0,117,,1719,41,,,0,110,,1737,41,,,0,104,,1716,41,,,0,156,,1712,41,,,0,109,,1717,41,,,0,124,,1715,41,,,0,102,,1721,41,,,0,259,,1718,41,,,0
1002001,'4781',819,,1727,41,,,0,213,,1726,41,,,0,272,,1722,41,,,0,222,,1724,41,,,0,217,,1723,41,,,0,304,,1725,41,,,0
1002001,'4782',2306,,1736,41,,,0
1002001,'4784',2306,,1728,41,,,0
