3000,'4327',740,,2869,45,,,0,117,,4678,45,,,0,146,,4677,45,,,0,108,,2872,45,,,0,114,,2863,45,,,0,110,,2865,45,,,0,110,,2871,45,,,0,109,,2866,45,,,0,150,,4676,45,,,0,110,,2864,45,,,0
3000,'4332',821,,2896,45,,,0,37,,4687,45,,,0,72,,2887,45,,,0,74,,4686,45,,,0,145,,2895,45,,,0,76,,2894,45,,,0,110,,2881,45,,,0,75,,2876,45,,,0,35,,4685,45,,,0,75,,2890,45,,,0,38,,4683,45,,,0,146,,2884,45,,,0,109,,2883,45,,,0,298,,2878,45,,,0,104,,4690,45,,,0
3000,'4480',645,,4680,45,,,0,94,,2855,45,,,0,19,,2850,45,,,0,58,,2856,45,,,0,34,,2857,45,,,0,58,,2851,45,,,0,34,,2832,45,,,0,75,,2833,45,,,0,35,,2834,45,,,0,75,,2835,45,,,0,75,,2836,45,,,0,35,,2837,45,,,0,75,,2838,45,,,0,35,,2839,45,,,0,74,,2840,45,,,0,36,,2841,45,,,0,150,,2842,45,,,0,110,,2843,45,,,0,112,,2844,45,,,0,75,,2845,45,,,0,211,,4679,45,,,0,201,,2849,45,,,0
3000,'4663',1532,,5506,45,,,0,222,,5507,45,,,0
3000,'4673',1642,,4681,45,,,0
3000,'5241',1642,,4682,45,,,0
3000,'5302',1923,,2870,45,,,0
3000,'5303',721,,2854,45,,,0,112,,2853,45,,,0,699,,2858,45,,,0,222,,2859,45,,,0,259,,2846,45,,,0,202,,2848,45,,,0
3000,'5304',721,,5511,45,,,0,112,,5510,45,,,0,1180,,5508,45,,,0,202,,5509,45,,,0
3000,'5305',1532,,5512,45,,,0,222,,5513,45,,,0
3000,'5306',715,,5519,45,,,0,326,,5518,45,,,0,73,,5517,45,,,0,186,,5522,45,,,0,329,,5521,45,,,0,114,,5514,45,,,0,106,,5515,45,,,0,110,,5520,45,,,0,355,,5516,45,,,0
3000,'5307',1923,,5523,45,,,0
