2000,'4327',819,,2749,11,,,0,218,,2752,11,,,0,219,,2751,11,,,0,260,,2753,11,,,0,225,,2750,11,,,0
2000,'4332',810,,2763,11,,,0,112,,2762,11,,,0,100,,2764,11,,,0,118,,2754,11,,,0,108,,2755,11,,,0,111,,3968,11,,,0,151,,2758,11,,,0,111,,3967,11,,,0,103,,3969,11,,,0,204,,2759,11,0,9 12 2 5,0,218,,2765,11,0,9 12 2 5,0,102,,2761,11,0,9 12 2 5,0
2000,'4480',554,,3977,11,0,9 12 2 5,0,148,,2747,11,0,9 12 2 5,0,105,,3978,11,0,9 12 2 5,0,39,,3970,11,,,0,110,,2735,11,,,0,150,,3971,11,,,0,105,,3972,11,0,9 12 2 5,0,114,,3973,11,,,0,78,,2739,11,,,0,110,,3974,11,,,0,20,,3975,11,0,9 12 2 5,0,120,,2742,11,0,9 12 2 5,0,158,,2743,11,,,0,136,,2744,11,0,9 12 2 5,0,203,,3976,11,0,9 12 2 5,0
9200,'4663',1401,,4330,7,,,0,2,,3496,7,,,0
9200,'4673',1520,,4333,7,,,0,2,,4332,7,,,0
9200,'4681',1421,,4331,7,,,0,2,,3500,7,,,0
1002000,'4327',703,,4340,17,,,0,218,,3594,17,,,0,209,,3593,17,,,0,271,,3598,17,,,0,218,,3595,17,,,0,239,,3596,17,,,0
1002000,'4332',627,,4344,17,,,0,112,,3605,17,,,0,110,,3600,17,,,0,107,,3607,17,,,0,154,,3608,17,,,0,106,,3606,17,,,0,100,,4342,17,,,0,112,,3609,17,,,0,118,,4343,17,,,0,110,,4345,17,,,0,165,,3603,17,,,0,225,,4341,17,,,0
1002000,'4480',628,,3578,17,,,0,107,,4346,17,,,0,93,,4347,17,,,0,92,,4348,17,,,0,110,,3582,17,,,0,110,,3583,17,,,0,110,,4349,17,,,0,178,,3585,17,,,0,191,,3586,17,,,0,113,,3587,17,,,0,113,,3588,17,,,0,405,,3589,17,,,0
1002000,'4663',2050,,3590,17,,,0
1002000,'4673',2050,,3591,17,,,0
1002000,'4681',2050,,3592,17,,,0
