2000,'4528',616,,8044,42,,,0,108,,8045,42,,,0,108,,8046,42,,,0,402,,8036,42,,,0,325,,8040,42,,,0,450,,8042,42,,,0,203,,8043,42,,,0
2000,'4532',1949,,8052,42,,,0,258,,8058,42,,,0,102,,8054,42,,,0
2000,'4623',1718,,8059,42,,,0
2000,'5222',1718,,8065,42,,,0
2001,'4528',827,,8078,34,,,0,696,,8070,34,,,0,321,,8073,34,,,0,359,,8075,34,,,0,197,,8076,34,,,0
2001,'4532',2200,,8084,34,,,0,159,,8081,34,,,0
1002000,'4528',2112,,8798,48,,,0,200,,8799,48,,,0
1002000,'4532',648,,8805,48,,,0,152,,8806,48,,,0,110,,8801,48,,,0,107,,8808,48,,,0,115,,8809,48,,,0,106,,8807,48,,,0,100,,8802,48,,,0,112,,8810,48,,,0,158,,8803,48,,,0,110,,8811,48,,,0,125,,8804,48,,,0,264,,8800,48,,,0
1002000,'4623',1455,,8813,48,,,0
1002000,'5221',724,,8818,48,,,0,218,,8815,48,,,0,210,,8814,48,,,0,272,,8819,48,,,0,218,,8816,48,,,0,277,,8817,48,,,0
1002000,'5222',1455,,8821,48,,,0
1002001,'4528',1413,,8827,34,,,0,35,,8828,34,,,0,257,,8829,34,,,0,396,,8832,34,,,0,200,,8833,34,,,0
1002001,'4532',738,,8838,34,,,0,113,,8839,34,,,0,152,,8834,34,,,0,111,,8837,34,,,0,103,,8845,34,,,0,117,,8844,34,,,0,110,,8835,34,,,0,104,,8841,34,,,0,156,,8836,34,,,0,109,,8842,34,,,0,124,,8840,34,,,0,102,,8846,34,,,0,219,,8843,34,,,0
1002001,'4623',948,,8847,34,,,0,608,,8848,34,,,0
1002001,'5221',814,,8854,34,,,0,213,,8853,34,,,0,232,,8849,34,,,0,262,,8851,34,,,0,217,,8850,34,,,0,304,,8852,34,,,0
1002001,'5222',948,,8855,34,,,0,608,,8856,34,,,0
