500,'4480',809,,4460,7,0,6 7,0
500,'4663',1523,,5087,7,0,6 7,0,94,,5090,7,,,0,119,,5088,7,,,0,114,,5089,7,,,0
500,'4673',1523,,5091,7,0,6 7,0,94,,5093,7,,,0,119,,5092,7,,,0
500,'5302',852,,2215,7,,,0,150,,4458,7,,,0,112,,4456,7,,,0,100,,4457,7,,,0,130,,4459,7,,,0,104,,2214,7,,,0,156,,2221,7,,,0,110,,2220,7,,,0,110,,2222,7,,,0,110,,2218,7,,,0,110,,2216,7,4,,0
500,'5303',617,,2193,7,,,0,86,,2192,7,,,0,112,,2196,7,,,0,110,,2187,7,,,0,110,,2191,7,,,0,101,,2189,7,,,0,99,,2190,7,,,0,168,,4462,7,,,0,99,,4461,7,,,0,21,,4471,7,0,6 7,0,94,,4473,7,,,0,119,,4472,7,,,0,114,,2201,7,,,0,155,,2195,7,,,0,108,,4463,7,,,0,109,,2197,7,,,0,89,,2199,7,,,0,94,,4464,7,4,,0
500,'5304',617,,5100,7,,,0,86,,5099,7,,,0,112,,5103,7,,,0,110,,5094,7,,,0,110,,5098,7,,,0,101,,5096,7,,,0,99,,5097,7,,,0,168,,5101,7,,,0,99,,5095,7,,,0,503,,5102,7,,,0,108,,5105,7,,,0,109,,5104,7,,,0,89,,5106,7,,,0,94,,5107,7,4,,0
500,'5305',1850,,5108,7,,,0
500,'5306',805,,5109,7,,,0,196,,5110,7,,,0,110,,5111,7,,,0,116,,5112,7,,,0,117,,5113,7,,,0,109,,5114,7,,,0,150,,5115,7,,,0,109,,5116,7,,,0,112,,5117,7,,,0,109,,5118,7,,,0,105,,5119,7,,,0,107,,5120,7,,,0,109,,5121,7,,,0,150,,5122,7,4,,0
500,'5307',852,,5126,7,,,0,150,,5128,7,,,0,112,,5123,7,,,0,100,,5124,7,,,0,130,,5130,7,,,0,104,,5125,7,,,0,156,,5132,7,,,0,110,,5131,7,,,0,110,,5133,7,,,0,110,,5129,7,,,0,110,,5127,7,4,,0
500,'5308',1523,,5134,7,0,6 7,0,94,,5136,7,,,0,119,,5135,7,,,0
