100,'4327',730,,4380,3,,,0,70,,4379,3,,,0,29,,2027,3,,,0,171,,2030,3,,,0,26,,2039,3,,,0,75,,4378,3,,,0,100,,4373,3,,,0,100,,4382,3,,,0,30,,2019,3,,,0,100,,4377,3,,,0,100,,4376,3,,,0,170,,4372,3,,,0,30,,4370,3,,,0,169,,2034,3,,,0,30,,2020,3,,,0,70,,2044,3,,,0,30,,2035,3,,,0,70,,2045,3,,,0,35,,2029,3,,,0
100,'4332',641,,4400,3,,,0,400,,2063,3,,,0,71,,4401,3,,,0,200,,2066,3,,,0,100,,2052,3,,,0,30,,4397,3,,,0,100,,4396,3,,,0,73,,2055,3,,,0,227,,4402,3,,,0,99,,2069,3,,,0,98,,2047,3,,,0,72,,2075,3,,,0,100,,2048,3,,,0,105,,2070,3,,,0
100,'4480',638,,4391,3,,,0,14,,2012,3,,,0,100,,2000,3,,,0,99,,1997,3,,,0,60,,4389,3,,,0,32,,4386,3,,,0,65,,1996,3,,,0,30,,4385,3,,,0,65,,2002,3,,,0,34,,1984,3,,,0,73,,1993,3,,,0,26,,1986,3,,,0,73,,1995,3,,,0,27,,2014,3,,,0,72,,1990,3,,,0,27,,1987,3,,,0,73,,1991,3,,,0,38,,1989,3,,,0,62,,1974,3,,,0,38,,1976,3,,,0,65,,1985,3,,,0,15,,4395,3,,,0,19,,4387,3,,,0,69,,1979,3,,,0,29,,4392,3,,,0,70,,1982,3,,,0,30,,4393,3,,,0,70,,1980,3,,,0,30,,2009,3,,,0,98,,2010,3,,,0,74,,1981,3,,,0,104,,1977,3,,,0,85,,1988,3,,,0
100,'4661',1625,,2015,3,,,0
100,'4663',1625,,2016,3,,,0
100,'5302',857,,4375,3,,,0,71,,2017,3,,,0,203,,2040,3,,,0,100,,4374,3,,,0,170,,4381,3,,,0,100,,2022,3,,,0,100,,2031,3,,,0,30,,4383,3,,,0,169,,4371,3,,,0,29,,2043,3,,,0
100,'5303',610,,2005,3,,,0,104,,2006,3,,,0,19,,4390,3,,,0,81,,2004,3,,,0,18,,4388,3,,,0,693,,4384,3,,,0,589,,1978,3,,,0,131,,4394,3,,,0
100,'5304',610,,5023,3,,,0,104,,5024,3,,,0,19,,5021,3,,,0,81,,5022,3,,,0,18,,5020,3,,,0,693,,5018,3,,,0,589,,5019,3,,,0,131,,5025,3,,,0
100,'5306',711,,5045,3,,,0,30,,5031,3,,,0,70,,5034,3,,,0,30,,5036,3,,,0,63,,5040,3,,,0,37,,5028,3,,,0,71,,5029,3,,,0,127,,5030,3,,,0,71,,5027,3,,,0,29,,5038,3,,,0,103,,5037,3,,,0,170,,5039,3,,,0,130,,5035,3,,,0,70,,5032,3,,,0,26,,5026,3,,,0,74,,5033,3,,,0,100,,5044,3,,,0,99,,5043,3,,,0,130,,5041,3,,,0,100,,5042,3,,,0
100,'5307',857,,5050,3,,,0,71,,5046,3,,,0,203,,5053,3,,,0,100,,5049,3,,,0,170,,5052,3,,,0,100,,5048,3,,,0,100,,5051,3,,,0,30,,5054,3,,,0,169,,5047,3,,,0,29,,5055,3,,,0
2500,'4327',955,,4662,2,,,0,255,,2807,2,,,0
2500,'4332',1725,,4666,2,0,5,0
2500,'4480',748,,2800,2,0,5,0,207,,2801,2,,,0,265,,2802,2,0,5,0,125,,4663,2,,,0
2500,'5302',745,,4661,2,0,5,0,980,,2808,2,0,5,0,220,,2809,2,,,0
2500,'5303',1719,,2804,2,,,0
2500,'5304',1719,,5491,2,,,0
2500,'5306',745,,5493,2,0,5,0,210,,5495,2,,,0,255,,5494,2,,,0,735,,5492,2,,,0
2500,'5307',745,,5496,2,0,5,0,980,,5497,2,0,5,0,220,,5498,2,,,0
