2001,'4327',927,,2784,37,,,0,228,,2786,37,,,0,691,,2788,37,,,0
2001,'4332',1025,,2799,37,,,0,105,,4660,37,,,0,492,,2797,37,,,0,213,,2790,37,,,0,377,,2794,54,,,0
2001,'4480',809,,4659,54,,,0,32,,2777,54,,,0,87,,2766,37,,,0,109,,4653,37,,,0,110,,4654,37,,,0,111,,4655,37,,,0,370,,2771,37,,,0,110,,2772,37,,,0
2001,'4663',1857,,5473,54,,,0,358,,5474,54,,,0
2001,'4673',1857,,5475,54,,,0,358,,5476,54,,,0
2001,'5302',1413,,2785,37,,,0,209,,2787,37,,,0
2001,'5303',705,,4658,37,,,0,833,,4656,54,,,0,319,,2782,54,,,0,99,,4657,37,,,0,259,,2783,54,,,0,197,,2774,54,,,0
2001,'5304',705,,5480,37,,,0,833,,5477,54,,,0,418,,5478,37,,,0,456,,5479,54,,,0
2001,'5306',937,,5485,37,,,0,321,,5481,37,,,0,155,,5486,37,,,0,102,,5483,37,,,0,210,,5484,37,,,0,685,,5482,54,,,0
2001,'5307',1413,,5487,37,,,0,209,,5488,37,,,0
2001,'5308',1857,,5489,54,,,0,358,,5490,54,,,0
1002001,'4327',826,,3630,54,,,0,485,,5002,54,,,0,222,,5003,54,,,0,216,,3626,54,,,0
1002001,'4332',1229,,5016,54,,,0,227,,3632,54,,,0,259,,3633,54,,,0,233,,5013,54,,,0,361,,5015,54,,,0
1002001,'4480',741,,5004,37,,,0,111,,5005,37,,,0,149,,5006,54,,,0,331,,3616,37,,,0,172,,5008,54,,,0,214,,5009,54,,,0,202,,3622,37,,,0,192,,5011,54,,,0,200,,3624,54,,,0
1002001,'5302',1040,,3629,54,,,0,1013,,3628,54,,,0
1002001,'5303',1111,,3614,37,,,0,110,,5007,37,,,0,207,,3617,54,,,0,182,,3619,54,,,0,203,,5010,37,,,0
1002001,'5304',1111,,5738,37,,,0,110,,5739,37,,,0,207,,5740,54,,,0,182,,5741,54,,,0,203,,5742,37,,,0
1002001,'5306',749,,5745,54,,,0,154,,5746,54,,,0,112,,5743,54,,,0,111,,5744,54,,,0,220,,5749,54,,,0,254,,5747,54,,,0,224,,5748,54,,,0,226,,5750,54,,,0
1002001,'5307',1040,,5752,54,,,0,1013,,5751,54,,,0
