2000,'4332',1944,,5468,36,,,0,258,,2765,36,,,0,102,,2761,36,,,0
2000,'4480',611,,4649,36,,,0,108,,2747,36,,,0,108,,4650,36,,,0,402,,4644,36,,,0,323,,4647,36,,,0,160,,2742,36,,,0,292,,2744,36,,,0,203,,4648,36,,,0
2001,'4332',2156,,2794,28,,,0,199,,5482,28,,,0
2001,'4480',748,,4659,28,,,0,73,,2777,28,,,0,695,,5477,28,,,0,839,,5479,28,,,0
2001,'4661',1839,,5475,28,,,0,319,,5476,28,,,0
2001,'4663',1839,,5473,28,,,0,319,,5474,28,,,0
4000,'4332',655,,4839,23,,,0,72,,4844,23,,,0,74,,5598,23,,,0,37,,4824,23,,,0,72,,4840,23,,,0,34,,4821,23,,,0,77,,4837,23,,,0,32,,5595,23,,,0,75,,4828,23,,,0,75,,5597,23,,,0,35,,4820,23,,,0,75,,4825,23,,,0,35,,4829,23,,,0,75,,4838,23,,,0,35,,5602,23,,,0,78,,4827,23,,,0,72,,5599,23,,,0,35,,4842,23,,,0,79,,4841,23,,,0,31,,4830,23,,,0,76,,5600,23,,,0,75,,5603,23,,,0,35,,4823,23,,,0,77,,4846,23,,,0,35,,4835,23,,,0,104,,5596,23,,,0,99,,5601,23,,,0
4000,'4480',614,,4804,23,,,0,30,,4805,23,,,0,15,,4812,23,,,0,53,,4806,23,,,0,15,,4807,23,,,0,14,,4808,23,,,0,12,,5594,23,,,0,5,,4810,23,0,6 7,0,52,,4811,23,,,0,17,,4762,23,,,0,15,,4763,23,,,0,15,,4764,23,,,0,55,,4765,23,,,0,15,,4766,23,,,0,16,,4767,23,,,0,15,,4768,23,,,0,55,,5585,23,,,0,15,,4770,23,,,0,13,,4771,23,,,0,15,,4772,23,,,0,56,,5586,23,,,0,15,,4774,23,,,0,15,,4775,23,,,0,14,,4776,23,,,0,55,,5587,23,,,0,15,,4778,23,,,0,15,,4779,23,,,0,15,,4780,23,,,0,54,,4781,23,,,0,14,,4782,23,,,0,15,,4783,23,,,0,15,,4784,23,,,0,54,,4785,23,,,0,15,,4786,23,,,0,14,,4787,23,,,0,16,,4788,23,,,0,55,,4789,23,,,0,15,,5588,23,,,0,15,,4792,23,,,0,16,,5590,23,,,0,55,,4794,23,,,0,14,,4795,23,,,0,17,,5591,23,,,0,16,,5589,23,,,0,56,,4798,23,,,0,16,,4796,23,,,0,15,,5592,23,,,0,57,,4800,23,,,0,20,,4801,23,,,0,20,,4802,23,,,0,82,,5593,23,,,0,31,,5584,23,,,0,102,,5583,23,,,0,101,,4758,23,,,0,70,,4761,23,,,0,31,,4757,23,,,0
4000,'4661',1902,,4816,23,,,0,121,,5582,23,,,0,102,,4815,23,,,0
4000,'4663',1902,,4819,23,,,0,121,,5581,23,,,0,102,,4818,23,,,0
7201,'4332',739,,3405,31,,,0,110,,5688,31,,,0,96,,4968,31,,,0,78,,5690,31,,,0,33,,4970,31,,,0,75,,5691,31,,,0,75,,4969,31,,,0,35,,5692,31,,,0,75,,3414,31,,,0,43,,5694,31,,,0,67,,3417,31,,,0,83,,3418,31,,,0,27,,3419,31,,,0,83,,5695,31,,,0,27,,5689,31,,,0,77,,3421,31,,,0,32,,4971,31,,,0,75,,4972,31,,,0,74,,5696,31,,,0,35,,4974,31,,,0,96,,4973,31,,,0,122,,3409,31,,,0,100,,5693,31,,,0,99,,3411,31,,,0
7201,'4480',734,,3387,31,,,0,78,,3385,31,,,0,34,,3386,31,,,0,74,,5677,31,,,0,35,,5678,31,,,0,75,,4956,31,,,0,76,,5680,31,,,0,35,,4955,31,,,0,75,,3371,31,,,0,35,,5679,31,,,0,75,,5681,31,,,0,75,,5682,31,,,0,35,,5683,31,,,0,75,,3375,31,,,0,35,,5684,31,,,0,75,,4959,31,,,0,35,,5685,31,,,0,149,,5686,31,,,0,35,,3380,31,,,0,75,,5687,31,,,0,35,,4962,31,,,0,105,,4963,31,,,0,100,,3381,31,,,0
7201,'4661',1731,,3388,31,,,0,522,,4964,31,,,0,99,,4965,31,,,0
7201,'4663',1731,,3389,31,,,0,522,,4966,31,,,0,99,,4967,31,,,0
1002000,'4332',643,,5730,42,,,0,112,,5731,42,,,0,150,,5727,42,,,0,107,,3607,42,,,0,115,,5732,42,,,0,106,,3606,42,,,0,100,,5728,42,,,0,112,,3609,42,,,0,158,,5729,42,,,0,110,,5733,42,,,0,125,,3603,42,,,0,264,,5726,42,,,0
1002000,'4480',847,,4997,42,,,0,601,,5725,42,,,0,859,,3589,42,,,0
1002000,'4661',2107,,5720,42,,,0
1002000,'4663',2107,,5719,42,,,0
1002001,'4332',734,,5745,28,,,0,113,,5746,28,,,0,111,,5743,28,,,0,151,,5744,28,,,0,103,,5016,28,,,0,117,,5749,28,,,0,110,,3632,28,,,0,104,,5747,28,,,0,116,,3633,28,,,0,149,,5748,28,,,0,124,,5013,28,,,0,103,,5750,28,,,0,219,,5015,28,,,0
1002001,'4480',942,,5006,28,,,0,464,,5740,28,,,0,35,,5008,28,,,0,109,,5741,28,,,0,109,,5009,28,,,0,397,,5011,28,,,0,200,,3624,28,,,0
