2500,'4327',815,,3989,27,4,,0,210,,3990,27,,,0,215,,2807,27,,,0,515,,2808,27,4,,0,260,,2809,27,,,0
2500,'4332',815,,3992,27,4,,0,210,,3994,27,,,0,215,,3993,27,,,0,515,,3995,27,4,,0,260,,3991,27,,,0
2500,'4480',819,,2800,27,4,,0,207,,2801,27,,,0,226,,2802,27,4,,0,498,,2804,27,,,0
2500,'5214',1417,,2803,27,,,0
2500,'5216',1417,,3996,27,,,0
4000,'4327',751,,4080,52,,,0,158,,4090,52,,,0,107,,4077,52,,,0,35,,4093,52,,,0,72,,4079,52,,,0,85,,4075,52,,,0,28,,4094,52,,,0,75,,4088,52,,,0,35,,4089,52,,,0,75,,4084,52,,,0,35,,4081,52,,,0,73,,4083,52,,,0,77,,4078,52,,,0,35,,4086,52,,,0,75,,4085,52,,,0,35,,4092,52,,,0,75,,4076,52,,,0,75,,4087,52,,,0,34,,4082,52,,,0,75,,4091,52,,,0
4000,'4332',726,,4114,52,,,0,32,,4119,52,,,0,75,,4107,52,,,0,77,,4099,52,,,0,33,,4115,52,,,0,74,,4096,52,,,0,37,,4112,52,,,0,73,,4097,52,,,0,75,,4103,52,,,0,35,,4106,52,,,0,76,,4095,52,,,0,35,,4100,52,,,0,75,,4104,52,,,0,35,,4113,52,,,0,75,,4118,52,,,0,77,,4102,52,,,0,32,,4108,52,,,0,75,,4117,52,,,0,39,,4116,52,,,0,71,,4105,52,,,0,76,,4109,52,,,0,34,,4120,52,,,0,75,,4098,52,,,0,36,,4121,52,,,0,75,,4110,52,,,0,104,,4101,52,,,0,99,,4111,52,,,0
4000,'4663',2055,,4122,52,,,0
4000,'4681',2055,,4123,52,,,0
4000,'5135',1935,,4125,52,,,0,221,,4124,52,,,0
4000,'5214',644,,3085,52,,,0,70,,3086,52,,,0,16,,3093,52,,,0,15,,3087,52,,,0,55,,3088,52,,,0,17,,3089,52,,,0,15,,3090,52,,,0,15,,3092,52,,,0,55,,3043,52,,,0,15,,3044,52,,,0,15,,3045,52,,,0,15,,3046,52,,,0,55,,3047,52,,,0,15,,3048,52,,,0,15,,3049,52,,,0,15,,3050,52,,,0,55,,3051,52,,,0,15,,3052,52,,,0,15,,3053,52,,,0,16,,3054,52,,,0,55,,3055,52,,,0,15,,3056,52,,,0,15,,3057,52,,,0,15,,3058,52,,,0,55,,3059,52,,,0,15,,3060,52,,,0,15,,3061,52,,,0,15,,3062,52,,,0,55,,3063,52,,,0,15,,3064,52,,,0,15,,3065,52,,,0,15,,3066,52,,,0,55,,3067,52,,,0,15,,3068,52,,,0,15,,3069,52,,,0,15,,3070,52,,,0,55,,3071,52,,,0,15,,3073,52,,,0,15,,3074,52,,,0,15,,3075,52,,,0,55,,3076,52,,,0,15,,3078,52,,,0,15,,3072,52,,,0,15,,3079,52,,,0,55,,3077,52,,,0,15,,3080,52,,,0,17,,3081,52,,,0,20,,3082,52,,,0,60,,3083,52,,,0,20,,3097,52,,,0,20,,3084,52,,,0,70,,3041,52,,,0,30,,3095,52,,,0,72,,3040,52,,,0,29,,3096,52,,,0,70,,3039,52,,,0,29,,3042,52,,,0,71,,3038,52,,,0
4000,'5216',644,,4173,52,,,0,70,,4174,52,,,0,16,,4181,52,,,0,15,,4175,52,,,0,55,,4176,52,,,0,17,,4177,52,,,0,15,,4178,52,,,0,15,,4180,52,,,0,55,,4131,52,,,0,15,,4132,52,,,0,15,,4133,52,,,0,15,,4134,52,,,0,55,,4135,52,,,0,15,,4136,52,,,0,15,,4137,52,,,0,15,,4138,52,,,0,55,,4139,52,,,0,15,,4140,52,,,0,15,,4141,52,,,0,16,,4142,52,,,0,55,,4143,52,,,0,15,,4144,52,,,0,15,,4145,52,,,0,15,,4146,52,,,0,55,,4147,52,,,0,15,,4148,52,,,0,15,,4149,52,,,0,15,,4150,52,,,0,55,,4151,52,,,0,15,,4152,52,,,0,15,,4153,52,,,0,15,,4154,52,,,0,55,,4155,52,,,0,15,,4156,52,,,0,15,,4157,52,,,0,15,,4158,52,,,0,55,,4159,52,,,0,15,,4161,52,,,0,15,,4162,52,,,0,15,,4163,52,,,0,55,,4164,52,,,0,15,,4166,52,,,0,15,,4160,52,,,0,15,,4167,52,,,0,55,,4165,52,,,0,15,,4168,52,,,0,17,,4169,52,,,0,20,,4170,52,,,0,60,,4171,52,,,0,40,,4172,52,,,0,70,,4129,52,,,0,102,,4128,52,,,0,99,,4127,52,,,0,29,,4130,52,,,0,71,,4126,52,,,0
4000,'5219',1935,,4184,52,,,0,120,,4182,52,,,0,101,,4183,52,,,0
