700,'4327',748,,2403,26,4,,0,110,,4524,26,4,,0,266,,2404,26,4,,0,111,,4523,26,4,,0,106,,2401,26,4,,0,261,,2399,26,4,,0,216,,2406,26,4,,0,215,,2398,26,4,,0
700,'4332',858,,4542,26,4,,0,151,,2420,26,4,,0,111,,4538,26,4,,0,437,,4540,26,4,,0,160,,4541,26,4,,0,694,,2424,26,4,,0
700,'4480',644,,4528,26,4,,0,85,,4533,26,4,,0,87,,4529,26,4,,0,187,,4527,26,4,,0,115,,4532,26,4,,0,115,,4525,26,4,,0,115,,4526,26,4,,0,155,,2384,26,4,,0,105,,2385,26,4,,0,236,,2382,26,4,,0,115,,4531,26,4,,0,155,,4534,26,4,,0,111,,2389,26,4,,0,192,,2375,26,4,,0
700,'4663',1811,,5275,26,4,,0
700,'4673',1656,,4536,26,4,,0,155,,5276,26,4,,0
700,'5241',1656,,4537,26,4,,0
700,'5302',1020,,2408,26,4,,0,430,,2405,26,4,,0,262,,2407,26,4,,0,216,,2400,26,4,,0
700,'5303',747,,2393,26,4,,0,103,,2377,26,4,,0,881,,4530,26,4,,0,80,,2397,26,4,,0,113,,2392,26,4,,0,420,,4535,26,4,,0
700,'5304',747,,5281,26,4,,0,103,,5277,26,4,,0,881,,5278,26,4,,0,193,,5280,26,4,,0,420,,5279,26,4,,0
700,'5306',748,,5284,26,4,,0,484,,5285,26,4,,0,109,,5286,26,4,,0,112,,5282,26,4,,0,365,,5288,26,4,,0,110,,5283,26,4,,0,105,,5289,26,4,,0,105,,5290,26,4,,0,107,,5287,26,4,,0
700,'5307',1020,,5294,26,4,,0,430,,5292,26,4,,0,262,,5293,26,4,,0,216,,5291,26,4,,0
700,'5308',1811,,5295,26,4,,0
701,'4327',711,,2454,1,,,0,109,,4547,1,,,0,225,,2455,1,,,0,111,,4546,1,,,0,146,,2452,1,,,0,220,,2450,1,,,0,218,,2457,1,,,0,215,,2449,1,,,0
701,'4332',820,,4565,1,,,0,110,,2471,1,,,0,111,,4561,1,,,0,476,,4563,1,,,0,120,,4564,1,,,0,698,,2475,1,,,0
701,'4480',650,,4557,1,,,0,85,,4551,1,,,0,187,,4549,1,,,0,115,,4556,1,,,0,115,,4548,1,,,0,155,,4550,1,,,0,115,,2435,1,,,0,105,,2429,1,,,0,281,,2438,1,,,0,115,,4553,1,,,0,115,,4555,1,,,0,112,,2441,1,,,0,192,,2426,1,,,0
701,'4663',1733,,5296,1,,,0
701,'4673',1617,,4559,1,,,0,116,,5297,1,,,0
701,'5241',1617,,4560,1,,,0
701,'5302',941,,2459,1,,,0,469,,2456,1,,,0,223,,2458,1,,,0,217,,2451,1,,,0
701,'5303',706,,2444,1,,,0,103,,2428,1,,,0,843,,4554,1,,,0,81,,2448,1,,,0,115,,2443,1,,,0,461,,4558,1,,,0
701,'5304',706,,5302,1,,,0,103,,5298,1,,,0,843,,5299,1,,,0,196,,5301,1,,,0,461,,5300,1,,,0
701,'5306',710,,5305,1,,,0,443,,5306,1,,,0,149,,5307,1,,,0,111,,5303,1,,,0,327,,5309,1,,,0,110,,5304,1,,,0,105,,5310,1,,,0,145,,5311,1,,,0,108,,5308,1,,,0
701,'5307',941,,5315,1,,,0,469,,5313,1,,,0,223,,5314,1,,,0,217,,5312,1,,,0
701,'5308',1733,,5316,1,,,0
