701,'4327',714,,2454,6,,,0,109,,4547,6,,,0,225,,2455,6,,,0,111,,4546,6,,,0,146,,2452,6,,,0,221,,2450,6,,,0,217,,2457,6,,,0,215,,2449,6,,,0
701,'4332',823,,4565,6,,,0,110,,2471,6,,,0,111,,4561,6,,,0,477,,4563,6,,,0,120,,4564,6,,,0,697,,2475,6,,,0
701,'4480',653,,4557,6,,,0,85,,4551,6,,,0,187,,4549,6,,,0,115,,4556,6,,,0,116,,4548,6,,,0,155,,4550,6,,,0,115,,2435,6,,,0,105,,2429,6,,,0,280,,2438,6,,,0,115,,4553,6,,,0,115,,4555,6,,,0,112,,2441,6,,,0,192,,2426,6,,,0
701,'4663',1737,,5296,6,,,0
701,'4673',1621,,4559,6,,,0,116,,5297,6,,,0
701,'5241',1621,,4560,6,,,0
701,'5302',944,,2459,6,,,0,470,,2456,6,,,0,223,,2458,6,,,0,216,,2451,6,,,0
701,'5303',709,,2444,6,,,0,103,,2428,6,,,0,844,,4554,6,,,0,81,,2448,6,,,0,114,,2443,6,,,0,461,,4558,6,,,0
701,'5304',709,,5302,6,,,0,103,,5298,6,,,0,844,,5299,6,,,0,195,,5301,6,,,0,461,,5300,6,,,0
701,'5306',713,,5305,6,,,0,443,,5306,6,,,0,149,,5307,6,,,0,112,,5303,6,,,0,326,,5309,6,,,0,110,,5304,6,,,0,105,,5310,6,,,0,145,,5311,6,,,0,108,,5308,6,,,0
701,'5307',944,,5315,6,,,0,470,,5313,6,,,0,223,,5314,6,,,0,216,,5312,6,,,0
701,'5308',1737,,5316,6,,,0
