501,'4327',831,,2264,2,,,0,110,,2266,2,,,0,110,,2261,2,,,0,100,,2262,2,,,0,170,,2268,2,,,0,104,,2263,2,,,0,116,,2270,2,,,0,110,,2269,2,,,0,150,,2271,2,,,0,110,,2267,2,,,0,110,,2265,2,,,0
501,'4332',744,,2274,2,,,0,196,,2275,2,,,0,108,,2276,2,,,0,156,,2277,2,,,0,117,,2278,2,,,0,109,,2279,2,,,0,110,,2280,2,,,0,109,,2281,2,,,0,152,,2282,2,,,0,110,,2283,2,,,0,105,,2284,2,,,0,107,,2285,2,,,0,110,,2273,2,,,0
501,'4480',641,,2241,2,,,0,110,,2245,2,,,0,150,,2237,2,,,0,110,,2242,2,,,0,101,,2239,2,,,0,99,,2240,2,,,0,128,,2244,2,,,0,97,,2238,2,,,0,505,,2243,2,,,0,109,,2247,2,,,0,151,,2246,2,,,0,49,,2248,2,,,0
501,'4661',1826,,2250,2,,,0
501,'4663',1551,,2253,2,,,0,160,,2254,2,,,0,115,,2252,2,,,0
501,'4673',1551,,2256,2,,,0,160,,2257,2,,,0
501,'4681',1551,,2259,2,,,0,160,,2260,2,,,0
601,'4327',801,,2353,2,,,0,110,,2359,2,,,0,110,,2349,2,,,0,110,,2355,2,,,0,110,,2350,2,,,0,110,,2352,2,,,0,150,,2356,2,,,0,110,,2351,2,,,0,110,,2358,2,,,0,110,,2357,2,,,0,110,,2354,2,,,0
601,'4332',726,,2368,2,,,0,185,,2369,2,,,0,102,,2366,2,,,0,118,,2370,2,,,0,110,,2367,2,,,0,110,,2365,2,,,0,150,,2360,2,,,0,109,,2362,2,,,0,111,,2363,2,,,0,110,,2364,2,,,0,112,,2361,2,,,0,108,,2373,2,,,0,96,,2374,2,,,0,104,,2371,2,,,0,85,,2372,2,,,0
601,'4480',651,,2338,2,,,0,80,,2337,2,,,0,70,,2333,2,,,0,46,,2345,2,,,0,155,,2334,2,,,0,125,,2344,2,,,0,113,,2336,2,,,0,114,,2335,2,,,0,155,,2339,2,,,0,116,,2341,2,,,0,115,,2342,2,,,0,118,,2340,2,,,0,157,,2343,2,,,0,112,,2346,2,,,0,120,,2347,2,,,0,91,,2348,2,,,0
4001,'4327',651,,3226,2,,,0,106,,3214,2,,,0,158,,3221,2,,,0,110,,3223,2,,,0,76,,3216,2,,,0,35,,3210,2,,,0,77,,3207,2,,,0,32,,3208,2,,,0,75,,3224,2,,,0,35,,3211,2,,,0,75,,3219,2,,,0,77,,3215,2,,,0,29,,3218,2,,,0,81,,3209,2,,,0,35,,3222,2,,,0,76,,3220,2,,,0,75,,3225,2,,,0,29,,3212,2,,,0,81,,3213,2,,,0,35,,3217,2,,,0
4001,'4332',647,,3254,2,,,0,83,,3243,2,,,0,74,,3251,2,,,0,33,,3248,2,,,0,75,,3240,2,,,0,37,,3247,2,,,0,76,,3227,2,,,0,34,,3249,2,,,0,76,,3231,2,,,0,75,,3237,2,,,0,35,,3238,2,,,0,76,,3250,2,,,0,35,,3229,2,,,0,71,,3245,2,,,0,78,,3239,2,,,0,36,,3246,2,,,0,75,,3232,2,,,0,34,,3241,2,,,0,75,,3244,2,,,0,76,,3234,2,,,0,34,,3233,2,,,0,75,,3230,2,,,0,35,,3252,2,,,0,75,,3235,2,,,0,35,,3253,2,,,0,75,,3242,2,,,0,101,,3228,2,,,0,101,,3236,2,,,0
4001,'4480',621,,3199,2,,,0,30,,3200,2,,,0,70,,3204,2,,,0,16,,3201,2,,,0,15,,3202,2,,,0,55,,3203,2,,,0,18,,3159,2,,,0,15,,3162,2,,,0,15,,3163,2,,,0,55,,3164,2,,,0,15,,3160,2,,,0,15,,3161,2,,,0,15,,3165,2,,,0,55,,3166,2,,,0,15,,3167,2,,,0,15,,3168,2,,,0,15,,3169,2,,,0,55,,3170,2,,,0,15,,3171,2,,,0,15,,3172,2,,,0,16,,3173,2,,,0,55,,3174,2,,,0,15,,3175,2,,,0,15,,3176,2,,,0,15,,3177,2,,,0,55,,3178,2,,,0,15,,3179,2,,,0,15,,3180,2,,,0,15,,3181,2,,,0,55,,3182,2,,,0,15,,3183,2,,,0,15,,3184,2,,,0,15,,3185,2,,,0,55,,3186,2,,,0,15,,3187,2,,,0,15,,3188,2,,,0,15,,3189,2,,,0,55,,3190,2,,,0,15,,3191,2,,,0,15,,3192,2,,,0,15,,3205,2,,,0,55,,3195,2,,,0,15,,3196,2,,,0,15,,3193,2,,,0,15,,3194,2,,,0,55,,3197,2,,,0,15,,3198,2,,,0,17,,3158,2,,,0,60,,3157,2,,,0,20,,3152,2,,,0,20,,3156,2,,,0,89,,3151,2,,,0,70,,3155,2,,,0,31,,3150,2,,,0,70,,3154,2,,,0,30,,3149,2,,,0,70,,3153,2,,,0,30,,3148,2,,,0
4001,'4673',2003,,3206,2,,,0
4001,'5135',2003,,3255,2,,,0
