500,'4327',853,,2215,8,,,0,150,,4458,8,,,0,112,,4456,8,,,0,100,,4457,8,,,0,130,,4459,8,,,0,104,,2214,8,,,0,156,,2221,8,,,0,110,,2220,8,,,0,110,,2222,8,,,0,110,,2218,8,,,0
500,'4332',806,,3749,8,,,0,196,,3750,8,,,0,110,,3751,8,,,0,116,,3752,8,,,0,226,,3754,8,,,0,259,,3756,8,,,0,112,,3757,8,,,0,321,,3760,8,,,0,109,,3761,8,,,0
500,'4480',618,,2193,8,,,0,86,,2192,8,,,0,107,,4460,8,0,6 7,0,6,,2196,8,,,0,109,,2187,8,,,0,110,,2191,8,,,0,101,,2189,8,,,0,99,,2190,8,,,0,168,,4462,8,,,0,99,,4461,8,,,0,503,,2195,8,,,0,108,,4463,8,,,0,109,,2197,8,,,0,89,,2199,8,,,0
500,'4661',1851,,2201,8,,,0
500,'4663',1524,,4465,8,0,6 7,0,94,,4467,8,,,0,119,,4466,8,,,0,114,,2204,8,,,0
500,'4673',1524,,4468,8,0,6 7,0,94,,4470,8,,,0,119,,4469,8,,,0
500,'4681',1524,,4471,8,0,6 7,0,94,,4473,8,,,0,119,,4472,8,,,0
500,'5244',1345,,4474,8,,,0,259,,4475,8,,,0,330,,4476,8,,,0,105,,4477,8,,,0
1001500,'4480',701,,3558,15,,,0,35,,3555,15,,,0,77,,3557,15,,,0,33,,3556,15,,,0,401,,4989,15,,,0,285,,3562,15,,,0,76,,3563,15,,,0,37,,3560,15,,,0,76,,3561,15,,,0
1001500,'4673',1756,,4990,15,,,0
1001500,'5241',1756,,4991,15,,,0
