500,'4528',614,,7519,1,,,0,86,,7518,1,,,0,112,,7522,1,,,0,110,,7513,1,,,0,110,,7517,1,,,0,101,,7515,1,,,0,99,,7516,1,,,0,227,,7514,1,,,0,274,,7521,1,,,0,269,,7520,1,,,0,108,,7524,1,,,0,109,,7523,1,,,0,89,,7525,1,,,0,94,,7526,1,0,8,0
500,'4532',802,,7527,1,,,0,156,,7528,1,,,0,150,,7529,1,,,0,116,,7530,1,,,0,117,,7531,1,,,0,109,,7532,1,,,0,150,,7533,1,,,0,109,,7534,1,,,0,112,,7535,1,,,0,109,,7536,1,,,0,105,,7537,1,,,0,107,,7538,1,,,0,109,,7539,1,,,0,150,,7540,1,0,8,0
500,'4623',1400,,7541,1,,,0,214,,7543,1,,,0,233,,7542,1,,,0
500,'5221',849,,7547,1,,,0,110,,7549,1,,,0,152,,7544,1,,,0,100,,7545,1,,,0,130,,7551,1,,,0,104,,7546,1,,,0,156,,7553,1,,,0,110,,7552,1,,,0,110,,7554,1,,,0,110,,7550,1,,,0,110,,7548,1,0,8,0
500,'5222',1400,,7555,1,,,0,214,,7557,1,,,0,233,,7556,1,,,0
501,'4528',700,,7562,22,4,,0,112,,7566,22,4,,0,110,,7558,22,4,,0,110,,7563,22,4,,0,101,,7560,22,4,,0,99,,7561,22,4,,0,227,,7559,22,4,,0,274,,7564,22,4,,0,269,,7565,22,4,,0,108,,7568,22,4,,0,109,,7567,22,4,,0,89,,7569,22,4,,0,94,,7570,10,4,,0
501,'4532',802,,7574,22,4,,0,156,,7573,22,4,,0,150,,7575,22,4,,0,116,,7576,22,4,,0,117,,7577,22,4,,0,109,,7579,22,4,,0,150,,7580,22,4,,0,109,,7581,22,4,,0,112,,7578,22,4,,0,109,,7582,22,4,,0,105,,7583,22,4,,0,107,,7584,22,4,,0,109,,7572,22,4,,0,150,,7571,10,4,,0
501,'4623',1400,,7587,22,4,,0,214,,7586,22,4,,0,233,,7585,22,4,,0
501,'5221',849,,7591,22,4,,0,110,,7593,22,4,,0,152,,7588,22,4,,0,100,,7589,22,4,,0,130,,7595,22,4,,0,104,,7590,22,4,,0,156,,7597,22,4,,0,110,,7596,22,4,,0,110,,7598,22,4,,0,110,,7594,22,4,,0,110,,7592,22,4,,0
501,'5222',1400,,7601,22,4,,0,214,,7600,22,4,,0,233,,7599,22,4,,0
