3000,'4327',729,,2869,28,,,0,117,,4678,28,,,0,106,,4677,28,,,0,107,,2872,28,,,0,154,,2863,28,,,0,110,,2865,28,,,0,110,,2871,28,,,0,109,,2866,28,,,0,110,,4676,28,,,0,150,,2864,28,,,0
3000,'4332',809,,2896,28,,,0,37,,4687,28,,,0,72,,2887,28,,,0,34,,4686,28,,,0,184,,2895,28,,,0,76,,2894,28,,,0,110,,2881,28,,,0,35,,2876,28,,,0,75,,4685,28,,,0,75,,2890,28,,,0,38,,4683,28,,,0,106,,2884,28,,,0,150,,2883,28,,,0,258,,2878,28,,,0,144,,4690,28,,,0
3000,'4480',634,,4680,28,,,0,91,,2855,28,,,0,18,,2850,28,,,0,58,,2856,28,,,0,34,,2857,28,,,0,18,,2851,28,,,0,75,,2832,28,,,0,75,,2833,28,,,0,35,,2834,28,,,0,75,,2835,28,,,0,34,,2836,28,,,0,75,,2837,28,,,0,35,,2838,28,,,0,74,,2839,28,,,0,74,,2840,28,,,0,36,,2841,28,,,0,111,,2842,28,,,0,150,,2843,28,,,0,115,,2844,28,,,0,35,,2845,28,,,0,251,,4679,28,,,0,202,,2849,28,,,0
3000,'4663',1517,,5506,28,,,0,224,,5507,28,,,0
3000,'4673',1627,,4681,28,,,0
3000,'5241',1627,,4682,28,,,0
3000,'5302',1912,,2870,28,,,0
3000,'5303',709,,2854,28,,,0,109,,2853,28,,,0,699,,2858,28,,,0,224,,2859,28,,,0,260,,2846,28,,,0,203,,2848,28,,,0
3000,'5304',709,,5511,28,,,0,109,,5510,28,,,0,1183,,5508,28,,,0,203,,5509,28,,,0
3000,'5305',1517,,5512,28,,,0,224,,5513,28,,,0
3000,'5306',703,,5519,28,,,0,326,,5518,28,,,0,72,,5517,28,,,0,146,,5522,28,,,0,369,,5521,28,,,0,114,,5514,28,,,0,107,,5515,28,,,0,110,,5520,28,,,0,355,,5516,28,,,0
3000,'5307',1912,,5523,28,,,0
