2001,'4327',918,,2784,21,,,0,227,,2786,21,,,0,692,,2788,21,,,0
2001,'4332',1016,,2799,21,,,0,105,,4660,21,,,0,492,,2797,21,,,0,213,,2790,21,,,0,377,,2794,38,,,0
2001,'4480',758,,4659,38,,,0,73,,2777,38,,,0,87,,2766,21,,,0,109,,4653,21,,,0,110,,4654,21,,,0,111,,4655,21,,,0,370,,2771,21,,,0,110,,2772,21,,,0
2001,'4663',1848,,5473,38,,,0,358,,5474,38,,,0
2001,'4673',1848,,5475,38,,,0,358,,5476,38,,,0
2001,'5302',1404,,2785,21,,,0,209,,2787,21,,,0
2001,'5303',656,,4658,21,,,0,872,,4656,38,,,0,320,,2782,38,,,0,99,,4657,21,,,0,259,,2783,38,,,0,197,,2774,38,,,0
2001,'5304',656,,5480,21,,,0,872,,5477,38,,,0,419,,5478,21,,,0,456,,5479,38,,,0
2001,'5306',928,,5485,21,,,0,321,,5481,21,,,0,155,,5486,21,,,0,102,,5483,21,,,0,210,,5484,21,,,0,686,,5482,38,,,0
2001,'5307',1404,,5487,21,,,0,209,,5488,21,,,0
2001,'5308',1848,,5489,38,,,0,358,,5490,38,,,0
1002001,'4327',817,,3630,38,,,0,485,,5002,38,,,0,222,,5003,38,,,0,217,,3626,38,,,0
1002001,'4332',1220,,5016,38,,,0,227,,3632,38,,,0,260,,3633,38,,,0,233,,5013,38,,,0,361,,5015,38,,,0
1002001,'4480',731,,5004,21,,,0,111,,5005,21,,,0,110,,5006,38,,,0,371,,3616,21,,,0,130,,5008,38,,,0,256,,5009,38,,,0,203,,3622,21,,,0,192,,5011,38,,,0,200,,3624,38,,,0
1002001,'5302',1030,,3629,38,,,0,1015,,3628,38,,,0
1002001,'5303',1102,,3614,21,,,0,110,,5007,21,,,0,205,,3617,38,,,0,183,,3619,38,,,0,204,,5010,21,,,0
1002001,'5304',1102,,5738,21,,,0,110,,5739,21,,,0,205,,5740,38,,,0,183,,5741,38,,,0,204,,5742,21,,,0
1002001,'5306',741,,5745,38,,,0,113,,5746,38,,,0,152,,5743,38,,,0,111,,5744,38,,,0,220,,5749,38,,,0,214,,5747,38,,,0,265,,5748,38,,,0,226,,5750,38,,,0
1002001,'5307',1030,,5752,38,,,0,1015,,5751,38,,,0
