7200,'4327',735,,3339,23,,,0,324,,3333,23,,,0,160,,3332,23,,,0,219,,3335,23,,,0,102,,3336,23,,,0,114,,3337,23,,,0,150,,3338,23,,,0,110,,3330,23,,,0
7200,'4332',716,,3363,23,,,0,96,,3340,23,,,0,88,,3348,23,,,0,109,,4947,23,,,0,110,,4948,23,,,0,110,,4949,23,,,0,110,,3352,23,,,0,110,,3354,23,,,0,84,,3355,23,,,0,26,,3356,23,,,0,188,,3358,23,,,0,72,,4950,23,,,0,35,,4951,23,,,0,147,,4952,23,,,0,116,,4953,23,,,0,102,,3346,23,,,0
7200,'4480',651,,3325,23,,,0,75,,4944,23,,,0,33,,3323,23,,,0,77,,3322,23,,,0,74,,3302,23,,,0,144,,4935,23,,,0,150,,4936,23,,,0,35,,3308,23,,,0,298,,3313,23,,,0,108,,4939,23,,,0,264,,3318,23,,,0,111,,4942,23,,,0,102,,4943,23,,,0,100,,3321,23,,,0
7200,'4661',1757,,3326,23,,,0
7200,'4663',1757,,3327,23,,,0
7200,'4673',2322,,4945,23,,,0
7200,'5241',2322,,4946,23,,,0
7200,'5302',840,,4934,23,,,0,114,,3331,23,,,0,364,,3334,23,,,0
7200,'5303',944,,3303,23,,,0,75,,3304,23,,,0,110,,3306,23,,,0,185,,4937,23,,,0,35,,3310,23,,,0,78,,4938,23,,,0,75,,3312,23,,,0,108,,3314,23,,,0,110,,4940,23,,,0,114,,4941,23,,,0
7200,'5304',944,,5656,23,,,0,75,,5657,23,,,0,110,,5658,23,,,0,185,,5659,23,,,0,35,,5660,23,,,0,78,,5661,23,,,0,75,,5662,23,,,0,108,,5663,23,,,0,110,,5664,23,,,0,114,,5665,23,,,0
7200,'5306',921,,5666,23,,,0,124,,5668,23,,,0,157,,5669,23,,,0,109,,5670,23,,,0,111,,5672,23,,,0,221,,5673,23,,,0,66,,5667,23,,,0,610,,5671,23,,,0
7200,'5307',840,,5674,23,,,0,114,,5675,23,,,0,364,,5676,23,,,0
