701,'4327',716,,2454,9,,,0,109,,3860,9,,,0,121,,2459,9,,,0,104,,2455,9,,,0,151,,3859,9,,,0,106,,2452,9,,,0,109,,2456,9,,,0,112,,2450,9,,,0,111,,2458,9,,,0,106,,2457,9,,,0,110,,2451,9,,,0,145,,2449,9,,,0
701,'4332',715,,2466,9,,,0,110,,3866,9,,,0,110,,2471,9,,,0,111,,3861,9,,,0,112,,3867,9,,,0,149,,3868,9,,,0,112,,3862,9,,,0,104,,3864,9,,,0,120,,3865,9,,,0,102,,2472,9,,,0,110,,3863,9,,,0,145,,3869,9,,,0,105,,3870,9,,,0,108,,2470,9,,,0,127,,2475,9,,,0
701,'4480',711,,2444,9,,,0,103,,2428,9,,,0,614,,2435,9,,,0,105,,2429,9,,,0,280,,2438,9,,,0,40,,2443,9,,,0,302,,2441,9,,,0,192,,2426,9,,,0
701,'4663',1739,,2445,9,,,0
701,'4673',1739,,2447,9,,,0
701,'4681',1739,,2448,9,,,0
701,'5135',1623,,3871,9,,,0
701,'5214',655,,2440,9,,,0,85,,2432,9,,,0,187,,2430,9,,,0,115,,2439,9,,,0,116,,2427,9,,,0,155,,2431,9,,,0,310,,2446,9,,,0,35,,2436,9,,,0,270,,2434,9,,,0,115,,2437,9,,,0,271,,2442,9,,,0
701,'5216',655,,3881,9,,,0,85,,3875,9,,,0,187,,3873,9,,,0,115,,3880,9,,,0,116,,3872,9,,,0,155,,3874,9,,,0,345,,3878,9,,,0,270,,3877,9,,,0,115,,3879,9,,,0,271,,3882,9,,,0
701,'5219',1623,,3883,9,,,0
