3001,'4327',821,,2937,30,,,0,382,,2940,30,,,0,219,,2941,30,,,0,220,,2933,30,,,0,214,,4691,30,,,0,155,,2936,30,,,0
3001,'4332',904,,2952,30,,,0,37,,4706,30,,,0,113,,2951,30,,,0,297,,2943,30,,,0,106,,2950,30,,,0,187,,4704,30,,,0,108,,4702,30,,,0,150,,2947,30,,,0,35,,2949,30,,,0,108,,4708,30,,,0
3001,'4480',644,,4698,30,,,0,86,,4697,30,,,0,79,,2922,30,,,0,18,,2924,30,,,0,16,,2921,30,,,0,58,,2925,30,,,0,51,,2900,30,,,0,75,,2901,30,,,0,75,,2902,30,,,0,35,,2903,30,,,0,76,,2904,30,,,0,35,,2906,30,,,0,75,,2907,30,,,0,36,,2908,30,,,0,75,,4695,30,,,0,76,,2909,30,,,0,37,,2910,30,,,0,108,,2911,30,,,0,148,,2913,30,,,0,109,,2915,30,,,0,35,,2917,30,,,0,406,,2919,30,,,0
3001,'4663',1621,,5524,30,,,0,535,,5525,30,,,0
3001,'4673',2156,,5526,30,,,0
3001,'5302',942,,4692,30,,,0,110,,2931,30,,,0,260,,4693,30,,,0,222,,4694,30,,,0,219,,2935,30,,,0
3001,'5303',918,,2899,30,,,0,703,,2926,30,,,0,108,,2912,30,,,0,108,,2914,30,,,0,218,,2918,30,,,0,101,,4701,30,,,0,97,,4696,30,,,0
3001,'5304',918,,5527,30,,,0,811,,5528,30,,,0,108,,5529,30,,,0,218,,5531,30,,,0,198,,5530,30,,,0
3001,'5305',1621,,5532,30,,,0
3001,'5306',756,,5541,30,,,0,261,,5537,30,,,0,112,,5538,30,,,0,75,,5534,30,,,0,36,,5543,30,,,0,75,,5544,30,,,0,111,,5535,30,,,0,108,,5540,30,,,0,75,,5539,30,,,0,108,,5546,30,,,0,110,,5545,30,,,0,327,,5533,30,,,0,100,,5542,30,,,0,101,,5536,30,,,0
3001,'5307',942,,5548,30,,,0,110,,5547,30,,,0,260,,5550,30,,,0,222,,5551,30,,,0,219,,5549,30,,,0
3001,'5308',2156,,5552,30,,,0
