1501,'4327',835,,3952,11,,,0,111,,3956,11,,,0,110,,2712,11,,,0,150,,3953,11,,,0,110,,3951,11,,,0,110,,2715,11,,,0,110,,2718,11,,,0,109,,3950,11,,,0,110,,3955,11,,,0,150,,3954,11,,,0
1501,'4332',801,,2730,11,,,0,145,,3960,11,,,0,102,,2728,11,,,0,158,,2732,11,,,0,112,,3959,11,,,0,109,,2727,11,,,0,110,,3957,11,,,0,109,,2724,11,,,0,111,,3958,11,,,0,148,,2726,11,,,0,112,,2723,11,,,0,107,,2733,11,,,0
1501,'4480',847,,2698,11,,,0,69,,2699,11,,,0,30,,2700,11,,,0,70,,2697,11,,,0,30,,3961,11,,,0,70,,3962,11,,,0,29,,3963,11,,,0,71,,3964,11,,,0,103,,2706,11,,,0,27,,2705,11,,,0,508,,3965,11,,,0,260,,3966,11,,,0
1501,'4663',2004,,2709,11,,,0
1501,'4673',2004,,2710,11,,,0
1501,'4681',2004,,2711,11,,,0
3001,'4327',839,,2937,49,,,0,162,,4026,49,,,0,110,,2931,49,,,0,111,,2940,49,,,0,110,,4027,49,,,0,110,,2941,49,,,0,112,,4028,49,,,0,147,,2933,49,,,0,110,,2935,49,,,0,102,,4025,49,,,0,115,,2936,49,,,0
3001,'4332',814,,2960,49,,,0,108,,2952,49,,,0,37,,4033,49,,,0,76,,2954,49,,,0,77,,2951,49,,,0,35,,4034,49,,,0,77,,2945,49,,,0,76,,2962,49,,,0,35,,4037,49,,,0,76,,2943,49,,,0,35,,2946,49,,,0,71,,2950,49,,,0,37,,2959,49,,,0,75,,4035,49,,,0,74,,4031,49,,,0,33,,4039,49,,,0,75,,4029,49,,,0,35,,4038,49,,,0,74,,2947,49,,,0,35,,2949,49,,,0,148,,4036,49,,,0,108,,4030,49,,,0,100,,2961,49,,,0,101,,4032,49,,,0
3001,'4480',701,,4045,49,,,0,48,,4044,49,,,0,79,,2922,49,,,0,18,,2924,49,,,0,56,,2921,49,,,0,17,,2925,49,,,0,17,,2899,49,,,0,75,,2900,49,,,0,35,,2901,49,,,0,75,,2902,49,,,0,35,,2903,49,,,0,76,,2904,49,,,0,75,,2906,49,,,0,35,,2907,49,,,0,76,,2908,49,,,0,36,,4042,49,,,0,76,,2909,49,,,0,77,,2910,49,,,0,107,,2911,49,,,0,34,,2912,49,,,0,74,,2913,49,,,0,34,,2914,49,,,0,74,,2915,49,,,0,75,,2917,49,,,0,107,,2918,49,,,0,197,,4043,49,,,0,100,,2919,49,,,0
3001,'4661',1641,,2926,49,,,0
3001,'4663',1641,,2927,49,,,0,571,,4040,49,,,0
3001,'4673',2212,,4046,49,,,0
3001,'4681',2212,,4041,49,,,0
1001501,'4480',735,,3567,16,,,0,78,,3566,16,,,0,439,,4338,16,,,0,171,,3568,16,,,0,36,,3569,16,,,0,76,,3572,16,,,0,77,,3575,16,,,0,37,,3574,16,,,0,73,,3571,16,,,0,35,,3573,16,,,0
1001501,'4673',1831,,4339,16,,,0
1001501,'5135',1831,,4337,16,,,0
