100,'4327',742,,4380,9,,,0,70,,4379,9,,,0,30,,2027,9,,,0,172,,2030,9,,,0,26,,2039,9,,,0,75,,4378,9,,,0,100,,4373,9,,,0,100,,4382,9,,,0,30,,2019,9,,,0,100,,4377,9,,,0,100,,4376,9,,,0,170,,4372,9,,,0,30,,4370,9,,,0,169,,2034,9,,,0,30,,2020,9,,,0,70,,2044,9,,,0,29,,2035,9,,,0,70,,2045,9,,,0,35,,2029,9,,,0
100,'4332',653,,4400,9,,,0,402,,2063,9,,,0,71,,4401,9,,,0,200,,2066,9,,,0,100,,2052,9,,,0,30,,4397,9,,,0,100,,4396,9,,,0,73,,2055,9,,,0,227,,4402,9,,,0,99,,2069,9,,,0,97,,2047,9,,,0,72,,2075,9,,,0,99,,2048,9,,,0,104,,2070,9,,,0
100,'4480',652,,4391,9,,,0,54,,2012,9,,,0,100,,2000,9,,,0,99,,1997,9,,,0,20,,4389,9,,,0,32,,4386,9,,,0,65,,1996,9,,,0,30,,4385,9,,,0,66,,2002,9,,,0,34,,1984,9,,,0,73,,1993,9,,,0,26,,1986,9,,,0,73,,1995,9,,,0,27,,2014,9,,,0,72,,1990,9,,,0,27,,1987,9,,,0,73,,1991,9,,,0,78,,1989,9,,,0,22,,1974,9,,,0,78,,1976,9,,,0,25,,1985,9,,,0,15,,4395,9,,,0,59,,4387,9,,,0,29,,1979,9,,,0,28,,4392,9,,,0,70,,1982,9,,,0,30,,4393,9,,,0,70,,1980,9,,,0,30,,2009,9,,,0,96,,2010,9,,,0,74,,1981,9,,,0,103,,1977,9,,,0,85,,1988,9,,,0
100,'4661',1640,,2015,9,,,0
100,'4663',1640,,2016,9,,,0
100,'5302',910,,4375,9,,,0,32,,2017,9,,,0,203,,2040,9,,,0,100,,4374,9,,,0,170,,4381,9,,,0,100,,2022,9,,,0,100,,2031,9,,,0,30,,4383,9,,,0,169,,4371,9,,,0,29,,2043,9,,,0
100,'5303',622,,2005,9,,,0,106,,2006,9,,,0,19,,4390,9,,,0,81,,2004,9,,,0,18,,4388,9,,,0,694,,4384,9,,,0,587,,1978,9,,,0,130,,4394,9,,,0
100,'5304',622,,5023,9,,,0,106,,5024,9,,,0,19,,5021,9,,,0,81,,5022,9,,,0,18,,5020,9,,,0,694,,5018,9,,,0,587,,5019,9,,,0,130,,5025,9,,,0
100,'5306',723,,5045,9,,,0,30,,5031,9,,,0,70,,5034,9,,,0,30,,5036,9,,,0,65,,5040,9,,,0,37,,5028,9,,,0,71,,5029,9,,,0,127,,5030,9,,,0,71,,5027,9,,,0,29,,5038,9,,,0,103,,5037,9,,,0,170,,5039,9,,,0,130,,5035,9,,,0,70,,5032,9,,,0,26,,5026,9,,,0,74,,5033,9,,,0,100,,5044,9,,,0,99,,5043,9,,,0,129,,5041,9,,,0,99,,5042,9,,,0
100,'5307',910,,5050,9,,,0,32,,5046,9,,,0,203,,5053,9,,,0,100,,5049,9,,,0,170,,5052,9,,,0,100,,5048,9,,,0,100,,5051,9,,,0,30,,5054,9,,,0,169,,5047,9,,,0,29,,5055,9,,,0
7200,'4327',737,,3339,26,,,0,364,,3333,26,,,0,120,,3332,26,,,0,219,,3335,26,,,0,102,,3336,26,,,0,114,,3337,26,,,0,150,,3338,26,,,0,110,,3330,26,,,0
7200,'4332',718,,3363,26,,,0,96,,3340,26,,,0,88,,3348,26,,,0,109,,4947,26,,,0,110,,4948,26,,,0,110,,4949,26,,,0,110,,3352,26,,,0,110,,3354,26,,,0,84,,3355,26,,,0,66,,3356,26,,,0,148,,3358,26,,,0,72,,4950,26,,,0,35,,4951,26,,,0,147,,4952,26,,,0,116,,4953,26,,,0,102,,3346,26,,,0
7200,'4480',653,,3325,26,,,0,75,,4944,26,,,0,73,,3323,26,,,0,37,,3322,26,,,0,74,,3302,26,,,0,144,,4935,26,,,0,150,,4936,26,,,0,35,,3308,26,,,0,298,,3313,26,,,0,108,,4939,26,,,0,264,,3318,26,,,0,111,,4942,26,,,0,102,,4943,26,,,0,100,,3321,26,,,0
7200,'4661',1759,,3326,26,,,0
7200,'4663',1759,,3327,26,,,0
7200,'4673',2324,,4945,26,,,0
7200,'5241',2324,,4946,26,,,0
7200,'5302',842,,4934,26,,,0,114,,3331,26,,,0,364,,3334,26,,,0
7200,'5303',946,,3303,26,,,0,75,,3304,26,,,0,110,,3306,26,,,0,185,,4937,26,,,0,35,,3310,26,,,0,78,,4938,26,,,0,75,,3312,26,,,0,108,,3314,26,,,0,110,,4940,26,,,0,114,,4941,26,,,0
7200,'5304',946,,5656,26,,,0,75,,5657,26,,,0,110,,5658,26,,,0,185,,5659,26,,,0,35,,5660,26,,,0,78,,5661,26,,,0,75,,5662,26,,,0,108,,5663,26,,,0,110,,5664,26,,,0,114,,5665,26,,,0
7200,'5306',923,,5666,26,,,0,124,,5668,26,,,0,157,,5669,26,,,0,109,,5670,26,,,0,111,,5672,26,,,0,221,,5673,26,,,0,66,,5667,26,,,0,610,,5671,26,,,0
7200,'5307',842,,5674,26,,,0,114,,5675,26,,,0,364,,5676,26,,,0
