2000,'4327',849,,2749,46,4,,0,259,,2752,46,4,,0,440,,2753,46,4,,0,264,,2750,46,4,,0
2000,'4332',1214,,2754,46,4,,0,440,,4651,46,4,,0,103,,4652,46,4,,0,469,,2765,63,4,,0,102,,2761,63,4,,0
2000,'4480',634,,4649,63,4,,0,111,,2747,63,4,,0,109,,4650,63,4,,0,65,,4642,46,4,,0,110,,2735,46,4,,0,110,,4643,46,4,,0,117,,4644,63,4,,0,103,,4645,46,4,,0,189,,4646,46,4,,0,74,,4647,63,4,,0,118,,2742,63,4,,0,289,,2744,63,4,,0,201,,4648,63,4,,0
2000,'5302',1327,,2751,46,4,,0
2000,'5303',1437,,2739,46,4,,0,405,,2743,46,4,,0
2000,'5304',1437,,5463,46,4,,0,405,,5464,46,4,,0
2000,'5306',842,,5470,46,4,,0,112,,5469,46,4,,0,102,,5471,46,4,,0,266,,5465,46,4,,0,112,,5466,46,4,,0,111,,5467,46,4,,0,465,,5468,63,4,,0
2000,'5307',1327,,5472,46,4,,0
2001,'4327',900,,2784,1,,,0,226,,2786,1,,,0,694,,2788,1,,,0
2001,'4332',958,,2799,1,,,0,145,,4660,1,,,0,451,,2797,1,,,0,255,,2790,1,,,0,325,,2794,1,0,9 10 11,0
2001,'4480',725,,4659,1,0,9 10 11,0,31,,2777,1,0,9 10 11,0,145,,2766,1,,,0,109,,4653,1,,,0,110,,4654,1,,,0,110,,4655,1,,,0,370,,2771,1,,,0,110,,2772,1,,,0
2001,'4663',1816,,5473,1,0,9 10 11,0,319,,5474,1,0,9 10 11,0
2001,'4673',1816,,5475,1,0,9 10 11,0,319,,5476,1,0,9 10 11,0
2001,'5302',1345,,2785,1,,,0,209,,2787,1,,,0
2001,'5303',640,,4658,1,,,0,810,,4656,1,0,9 10 11,0,366,,2782,1,0,9 10 11,0,114,,4657,1,,,0,205,,2783,1,0,9 10 11,0,200,,2774,1,0,9 10 11,0
2001,'5304',640,,5480,1,,,0,810,,5477,1,0,9 10 11,0,480,,5478,1,,,0,405,,5479,1,0,9 10 11,0
2001,'5306',910,,5485,1,,,0,320,,5481,1,,,0,115,,5486,1,,,0,102,,5483,1,,,0,211,,5484,1,,,0,676,,5482,1,0,9 10 11,0
2001,'5307',1345,,5487,1,,,0,209,,5488,1,,,0
2001,'5308',1816,,5489,1,0,9 10 11,0,319,,5490,1,0,9 10 11,0
1002000,'4327',1003,,3594,69,4,,0,443,,3598,69,4,,0,493,,3596,69,4,,0
1002000,'4332',1039,,3607,69,4,,0,261,,3606,69,4,,0,213,,3609,69,4,,0,391,,3603,69,4,,0
1002000,'4480',809,,4996,52,4,,0,104,,4997,69,4,,0,40,,4998,52,4,,0,702,,3586,52,4,,0,152,,3587,52,4,,0,110,,3588,52,4,,0,413,,3589,69,4,,0
1002000,'4663',2130,,5719,69,4,,0
1002000,'4673',2130,,5720,69,4,,0
1002000,'5302',743,,4995,69,4,,0,470,,3593,69,4,,0,490,,3595,69,4,,0
1002000,'5303',659,,3578,52,4,,0,445,,3582,52,4,,0,110,,3583,52,4,,0,110,,4999,52,4,,0,194,,3585,69,4,,0,612,,3592,69,4,,0
1002000,'5304',659,,5721,52,4,,0,445,,5722,52,4,,0,110,,5723,52,4,,0,110,,5724,52,4,,0,194,,5725,69,4,,0
1002000,'5306',707,,5730,69,4,,0,112,,5731,69,4,,0,111,,5727,69,4,,0,224,,5732,69,4,,0,247,,5728,69,4,,0,228,,5729,69,4,,0,110,,5733,69,4,,0,387,,5726,69,4,,0
1002000,'5307',743,,5736,69,4,,0,470,,5734,69,4,,0,490,,5735,69,4,,0
1002000,'5308',2130,,5737,69,4,,0
1002001,'4327',748,,3630,1,,,0,482,,5002,1,,,0,222,,5003,1,,,0,258,,3626,1,,,0
1002001,'4332',1149,,5016,1,,,0,266,,3632,1,,,0,221,,3633,1,,,0,273,,5013,1,,,0,323,,5015,1,,,0
1002001,'4480',715,,5004,1,,,0,110,,5005,1,,,0,94,,5006,1,,,0,386,,3616,1,,,0,110,,5008,1,,,0,220,,5009,1,,,0,220,,3622,1,,,0,178,,5011,1,,,0,202,,3624,1,,,0
1002001,'5302',958,,3629,1,,,0,1057,,3628,1,,,0
1002001,'5303',1045,,3614,1,,,0,110,,5007,1,,,0,185,,3617,1,,,0,185,,3619,1,,,0,222,,5010,1,,,0
1002001,'5304',1045,,5738,1,,,0,110,,5739,1,,,0,185,,5740,1,,,0,185,,5741,1,,,0,222,,5742,1,,,0
1002001,'5306',712,,5745,1,,,0,113,,5746,1,,,0,110,,5743,1,,,0,111,,5744,1,,,0,259,,5749,1,,,0,214,,5747,1,,,0,226,,5748,1,,,0,267,,5750,1,,,0
1002001,'5307',958,,5752,1,,,0,1057,,5751,1,,,0
