4000,'4327',724,2,4742,24,,,0,223,2,4739,24,,,0,192,2,4737,24,,,0,178,2,4751,24,,,0,110,2,4743,24,,,0,110,2,4740,24,,,0,75,2,4748,24,,,0,35,2,4747,24,,,0,75,2,4754,24,,,0,35,2,4738,24,,,0,75,2,4749,24,,,0,75,2,4744,24,,,0,35,2,4753,24,,,0
4000,'4332',658,2,4839,24,,,0,72,2,4844,24,,,0,111,2,4824,24,,,0,72,2,4840,24,,,0,34,2,4821,24,,,0,77,2,4837,24,,,0,107,2,4828,24,,,0,110,2,4820,24,,,0,75,2,4825,24,,,0,35,2,4829,24,,,0,75,2,4838,24,,,0,113,2,4827,24,,,0,107,2,4842,24,,,0,79,2,4841,24,,,0,31,2,4830,24,,,0,186,2,4823,24,,,0,77,2,4846,24,,,0,35,2,4835,24,,,0
4000,'4480',617,2,4804,24,,,0,30,2,4805,24,,,0,55,2,4812,24,,,0,13,2,4806,24,,,0,15,2,4807,24,,,0,14,2,4808,24,,,0,57,42,4810,24,0,6 7,0,12,2,4811,24,,,0,17,2,4762,24,,,0,15,2,4763,24,,,0,55,42,4764,24,,,0,15,2,4765,24,,,0,15,2,4766,24,,,0,16,2,4767,24,,,0,55,42,4768,24,,,0,30,2,4770,24,,,0,13,2,4771,24,,,0,15,2,4772,24,,,0,71,2,4774,24,,,0,15,2,4775,24,,,0,14,2,4776,24,,,0,70,2,4778,24,,,0,15,2,4779,24,,,0,15,2,4780,24,,,0,54,2,4781,24,,,0,14,2,4782,24,,,0,15,2,4783,24,,,0,15,2,4784,24,,,0,54,2,4785,24,,,0,15,2,4786,24,,,0,14,2,4787,24,,,0,16,2,4788,24,,,0,55,2,4789,24,,,0,30,2,4792,24,,,0,71,2,4794,24,,,0,14,2,4795,24,,,0,89,2,4798,24,,,0,16,2,4796,24,,,0,72,2,4800,24,,,0,20,2,4801,24,,,0,20,2,4802,24,,,0,316,2,4758,24,,,0,70,2,4761,24,,,0,71,42,4757,24,,,0
4000,'4663',2026,2,5581,24,,,0
4000,'4673',1905,2,4816,24,,,0,121,2,5582,24,,,0,102,2,4815,24,,,0
4000,'5241',1905,2,4819,24,,,0,223,2,4818,24,,,0
4000,'5302',841,2,4752,24,,,0,181,2,4755,24,,,0,32,2,4741,24,,,0,153,2,4756,24,,,0,35,2,4750,24,,,0,110,2,4746,24,,,0,148,42,4745,24,,,0
4000,'5303',756,2,4809,24,,,0,260,2,4769,24,,,0,99,2,4773,24,,,0,99,2,4777,24,,,0,312,2,4790,24,,,0,31,2,4793,24,,,0,86,2,4797,24,,,0,16,2,4791,24,,,0,87,2,4799,24,,,0,179,2,4803,24,,,0,31,2,4760,24,,,0,70,2,4817,24,,,0,32,2,4759,24,,,0
4000,'5304',756,2,5594,24,,,0,260,2,5585,24,,,0,99,2,5586,24,,,0,99,2,5587,24,,,0,312,2,5588,24,,,0,31,2,5590,24,,,0,86,2,5591,24,,,0,16,2,5589,24,,,0,87,2,5592,24,,,0,179,2,5593,24,,,0,31,2,5584,24,,,0,102,2,5583,24,,,0
4000,'5306',804,2,5598,24,,,0,252,2,5595,24,,,0,150,2,5597,24,,,0,295,42,5602,24,,,0,110,2,5599,24,,,0,221,2,5600,24,,,0,75,2,5603,24,,,0,251,2,5596,24,,,0,99,2,5601,24,,,0
4000,'5307',841,2,5608,24,,,0,181,2,5609,24,,,0,32,2,5604,24,,,0,153,2,5610,24,,,0,35,2,5607,24,,,0,110,2,5606,24,,,0,148,42,5605,24,,,0
4000,'5308',2026,2,5611,24,,,0
