3000,'4327',731,,2869,33,,,0,117,,4678,33,,,0,106,,4677,33,,,0,148,,2872,33,,,0,114,,2863,33,,,0,110,,2865,33,,,0,110,,2871,33,,,0,109,,2866,33,,,0,110,,4676,33,,,0,150,,2864,33,,,0
3000,'4332',811,,2896,33,,,0,37,,4687,33,,,0,72,,2887,33,,,0,34,,4686,33,,,0,185,,2895,33,,,0,76,,2894,33,,,0,110,,2881,33,,,0,75,,2876,33,,,0,35,,4685,33,,,0,75,,2890,33,,,0,38,,4683,33,,,0,106,,2884,33,,,0,149,,2883,33,,,0,298,,2878,33,,,0,104,,4690,33,,,0
3000,'4480',636,,4680,33,,,0,93,,2855,33,,,0,18,,2850,33,,,0,58,,2856,33,,,0,34,,2857,33,,,0,18,,2851,33,,,0,74,,2832,33,,,0,75,,2833,33,,,0,35,,2834,33,,,0,75,,2835,33,,,0,35,,2836,33,,,0,75,,2837,33,,,0,75,,2838,33,,,0,34,,2839,33,,,0,74,,2840,33,,,0,35,,2841,33,,,0,111,,2842,33,,,0,151,,2843,33,,,0,114,,2844,33,,,0,35,,2845,33,,,0,251,,4679,33,,,0,201,,2849,33,,,0
3000,'4663',1520,,5506,33,,,0,225,,5507,33,,,0
3000,'4673',1631,,4681,33,,,0
3000,'5241',1631,,4682,33,,,0
3000,'5302',1914,,2870,33,,,0
3000,'5303',712,,2854,33,,,0,110,,2853,33,,,0,698,,2858,33,,,0,225,,2859,33,,,0,259,,2846,33,,,0,202,,2848,33,,,0
3000,'5304',712,,5511,33,,,0,110,,5510,33,,,0,1182,,5508,33,,,0,202,,5509,33,,,0
3000,'5305',1520,,5512,33,,,0,225,,5513,33,,,0
3000,'5306',705,,5519,33,,,0,326,,5518,33,,,0,73,,5517,33,,,0,146,,5522,33,,,0,369,,5521,33,,,0,114,,5514,33,,,0,106,,5515,33,,,0,110,,5520,33,,,0,355,,5516,33,,,0
3000,'5307',1914,,5523,33,,,0
