701,'4327',713,,2454,4,,,0,109,,3860,4,,,0,121,,2459,4,,,0,104,,2455,4,,,0,111,,3859,4,,,0,146,,2452,4,,,0,108,,2456,4,,,0,112,,2450,4,,,0,111,,2458,4,,,0,107,,2457,4,,,0,110,,2451,4,,,0,105,,2449,4,,,0
701,'4332',712,,2466,4,,,0,110,,3866,4,,,0,110,,2471,4,,,0,111,,3861,4,,,0,112,,3867,4,,,0,149,,3868,4,,,0,111,,3862,4,,,0,104,,3864,4,,,0,120,,3865,4,,,0,103,,2472,4,,,0,110,,3863,4,,,0,105,,3869,4,,,0,145,,3870,4,,,0,108,,2470,4,,,0,127,,2475,4,,,0
701,'4480',708,,2444,4,,,0,103,,2428,4,,,0,613,,2435,4,,,0,105,,2429,4,,,0,281,,2438,4,,,0,40,,2443,4,,,0,302,,2441,4,,,0,192,,2426,4,,,0
701,'4663',1735,,2445,4,,,0
701,'4673',1735,,2447,4,,,0
701,'4681',1735,,2448,4,,,0
701,'5135',1619,,3871,4,,,0
701,'5214',652,,2440,4,,,0,85,,2432,4,,,0,187,,2430,4,,,0,115,,2439,4,,,0,115,,2427,4,,,0,155,,2431,4,,,0,310,,2446,4,,,0,35,,2436,4,,,0,271,,2434,4,,,0,115,,2437,4,,,0,271,,2442,4,,,0
701,'5216',652,,3881,4,,,0,85,,3875,4,,,0,187,,3873,4,,,0,115,,3880,4,,,0,115,,3872,4,,,0,155,,3874,4,,,0,345,,3878,4,,,0,271,,3877,4,,,0,115,,3879,4,,,0,271,,3882,4,,,0
701,'5219',1619,,3883,4,,,0
