900,'4327',825,,2590,20,,,0,103,,2587,20,,,0,174,,2593,20,,,0,123,,2589,20,,,0,128,,2594,20,,,0,100,,2585,20,,,0,169,,4589,20,,,0,134,,2588,20,,,0,283,,2591,20,,,0
900,'4332',841,,4599,20,,,0,81,,2598,20,,,0,99,,2603,20,,,0,85,,2600,20,,,0,239,,2608,20,,,0,112,,4600,20,,,0,66,,2609,20,,,0,31,,4602,20,,,0,146,,2596,20,,,0,100,,4601,20,,,0,115,,2607,20,,,0,97,,2606,20,,,0
900,'4480',613,,2583,20,,,0,101,,2582,20,,,0,30,,2580,20,,,0,71,,2581,20,,,0,99,,4591,20,,,0,200,,2563,20,,,0,197,,2584,20,,,0,135,,4593,20,,,0,200,,2572,20,,,0,71,,4595,20,,,0,103,,4598,20,,,0,92,,2575,20,,,0,298,,2579,20,,,0
900,'5302',1919,,4590,20,,,0
900,'5303',1615,,4596,20,,,0,131,,4597,20,,,0
900,'5304',1615,,5401,20,,,0,131,,5402,20,,,0
900,'5306',741,,5403,20,,,0,497,,5404,20,,,0
900,'5307',1919,,5405,20,,,0
9701,'4332',739,,3512,20,,,0,100,,3513,20,,,0,109,,3514,20,,,0,152,,3515,20,,,0,120,,3516,20,,,0,94,,3518,20,,,0,109,,3517,20,,,0,98,,3519,20,,,0,97,,3520,20,,,0,102,,3521,20,,,0
9701,'4480',810,,3509,20,,,0,97,,3510,20,,,0,105,,3508,20,,,0,98,,3507,20,,,0,100,,3505,20,,,0,102,,3506,20,,,0,95,,3504,20,,,0,105,,3502,20,,,0,97,,3501,20,,,0,103,,3511,20,,,0,108,,3503,20,,,0
