2000,'4327',823,,2749,18,,,0,218,,2752,18,,,0,259,,2751,18,,,0,221,,2753,18,,,0,225,,2750,18,,,0
2000,'4332',814,,2763,18,,,0,112,,2762,18,,,0,100,,2764,18,,,0,118,,2754,18,,,0,108,,2755,18,,,0,151,,3968,18,,,0,111,,2758,18,,,0,111,,4651,18,,,0,103,,4652,18,,,0,204,,2759,18,0,9 12 2 5,0,218,,2765,18,0,9 12 2 5,0,102,,2761,18,0,9 12 2 5,0
2000,'4480',558,,4649,18,0,9 12 2 5,0,148,,2747,18,0,9 12 2 5,0,106,,4650,18,0,9 12 2 5,0,39,,4642,18,,,0,149,,2735,18,,,0,110,,4643,18,,,0,105,,4644,18,0,9 12 2 5,0,115,,4645,18,,,0,78,,2739,18,,,0,110,,4646,18,,,0,20,,4647,18,0,9 12 2 5,0,120,,2742,18,0,9 12 2 5,0,157,,2743,18,,,0,136,,2744,18,0,9 12 2 5,0,203,,4648,18,0,9 12 2 5,0
9200,'4663',1406,,4985,14,,,0,2,,3496,14,,,0
9200,'4673',1525,,4987,14,,,0,2,,4986,14,,,0
9200,'4681',1426,,4988,14,,,0,2,,3500,14,,,0
1002000,'4327',707,,4995,24,,,0,218,,3594,24,,,0,209,,3593,24,,,0,272,,3598,24,,,0,218,,3595,24,,,0,278,,3596,24,,,0
1002000,'4332',631,,4344,24,,,0,112,,3605,24,,,0,110,,3600,24,,,0,147,,3607,24,,,0,114,,3608,24,,,0,106,,3606,24,,,0,100,,4342,24,,,0,112,,3609,24,,,0,118,,4343,24,,,0,150,,5001,24,,,0,125,,3603,24,,,0,225,,5000,24,,,0
1002000,'4480',632,,3578,24,,,0,108,,4996,24,,,0,93,,4997,24,,,0,91,,4998,24,,,0,110,,3582,24,,,0,110,,3583,24,,,0,110,,4999,24,,,0,179,,3585,24,,,0,191,,3586,24,,,0,113,,3587,24,,,0,112,,3588,24,,,0,405,,3589,24,,,0
1002000,'4663',2054,,3590,24,,,0
1002000,'4673',2054,,3591,24,,,0
1002000,'4681',2054,,3592,24,,,0
