1002000,'4327',916,,3594,9,,,0,440,,3598,9,,,0,497,,3596,9,,,0
1002000,'4332',951,,3607,9,,,0,260,,3606,9,,,0,212,,3609,9,,,0,393,,3603,9,,,0
1002000,'4480',730,,4996,9,,,0,90,,4997,9,,,0,95,,4998,9,,,0,698,,3586,9,,,0,113,,3587,9,,,0,113,,3588,9,,,0,406,,3589,9,,,0
1002000,'4663',2045,,5719,9,,,0
1002000,'4673',2045,,5720,9,,,0
1002000,'5302',658,,4995,9,,,0,467,,3593,9,,,0,488,,3595,9,,,0
1002000,'5303',623,,3578,9,,,0,402,,3582,9,,,0,109,,3583,9,,,0,110,,4999,9,,,0,178,,3585,9,,,0,623,,3592,9,,,0
1002000,'5304',623,,5721,9,,,0,402,,5722,9,,,0,109,,5723,9,,,0,110,,5724,9,,,0,178,,5725,9,,,0
1002000,'5306',622,,5730,9,,,0,112,,5731,9,,,0,110,,5727,9,,,0,261,,5732,9,,,0,206,,5728,9,,,0,230,,5729,9,,,0,110,,5733,9,,,0,390,,5726,9,,,0
1002000,'5307',658,,5736,9,,,0,467,,5734,9,,,0,488,,5735,9,,,0
1002000,'5308',2045,,5737,9,,,0
