2000,'4528',614,,8044,38,,,0,108,,8045,38,,,0,108,,8046,38,,,0,402,,8036,38,,,0,324,,8040,38,,,0,451,,8042,38,,,0,203,,8043,38,,,0
2000,'4532',1947,,8052,38,,,0,258,,8058,38,,,0,102,,8054,38,,,0
2000,'4623',1715,,8059,38,,,0
2000,'5222',1715,,8065,38,,,0
2001,'4528',825,,8078,30,,,0,695,,8070,30,,,0,322,,8073,30,,,0,359,,8075,30,,,0,157,,8076,30,,,0
2001,'4532',2159,,8084,30,,,0,199,,8081,30,,,0
4001,'4528',652,,8429,30,,,0,105,,8431,30,,,0,71,,8430,30,,,0,74,,8410,30,,,0,28,,8412,30,,,0,29,,8411,30,,,0,70,,8413,30,,,0,30,,8414,30,,,0,71,,8415,30,,,0,103,,8416,30,,,0,70,,8417,30,,,0,30,,8418,30,,,0,70,,8419,30,,,0,31,,8420,30,,,0,70,,8421,30,,,0,30,,8422,30,,,0,70,,8424,30,,,0,30,,8423,30,,,0,69,,8425,30,,,0,29,,8432,30,,,0,69,,8427,30,,,0,29,,8426,30,,,0,70,,8428,30,,,0,36,,8409,30,,,0,70,,8408,30,,,0,29,,8407,30,,,0,69,,8403,30,,,0,30,,8406,30,,,0,70,,8402,30,,,0,28,,8405,30,,,0,69,,8401,30,,,0,30,,8404,30,,,0,70,,8400,30,,,0
4001,'4532',721,,8460,30,,,0,84,,8449,30,,,0,34,,8457,30,,,0,74,,8454,30,,,0,37,,8446,30,,,0,77,,8453,30,,,0,76,,8433,30,,,0,35,,8455,30,,,0,76,,8437,30,,,0,36,,8443,30,,,0,75,,8444,30,,,0,76,,8456,30,,,0,35,,8435,30,,,0,71,,8451,30,,,0,37,,8445,30,,,0,75,,8452,30,,,0,35,,8438,30,,,0,73,,8447,30,,,0,75,,8450,30,,,0,35,,8440,30,,,0,74,,8439,30,,,0,35,,8436,30,,,0,74,,8458,30,,,0,34,,8441,30,,,0,74,,8459,30,,,0,75,,8448,30,,,0,100,,8434,30,,,0,101,,8442,30,,,0
4001,'4623',724,,8462,30,,,0,477,,8461,30,,,0
4001,'5221',723,,8482,30,,,0,107,,8470,30,,,0,121,,8477,30,,,0,150,,8479,30,,,0,36,,8472,30,,,0,75,,8466,30,,,0,38,,8463,30,,,0,72,,8464,30,,,0,35,,8480,30,,,0,75,,8467,30,,,0,75,,8475,30,,,0,37,,8471,30,,,0,68,,8474,30,,,0,40,,8465,30,,,0,75,,8478,30,,,0,75,,8476,30,,,0,34,,8481,30,,,0,69,,8468,30,,,0,40,,8469,30,,,0,75,,8473,30,,,0
4001,'5222',724,,8484,30,,,0,477,,8483,30,,,0
7200,'4528',633,,8553,2,,,0,75,,8552,2,,,0,33,,8551,2,,,0,76,,8550,2,,,0,34,,8529,2,,,0,75,,8530,2,,,0,75,,8531,2,,,0,35,,8532,2,,,0,75,,8533,2,,,0,35,,8534,2,,,0,75,,8535,2,,,0,35,,8536,2,,,0,75,,8537,2,,,0,75,,8538,2,,,0,35,,8539,2,,,0,110,,8540,2,,,0,75,,8541,2,,,0,75,,8542,2,,,0,38,,8543,2,,,0,77,,8544,2,,,0,35,,8545,2,,,0,152,,8546,2,,,0,102,,8547,2,,,0,100,,8548,2,,,0,100,,8549,2,,,0
7200,'4532',659,,8577,2,,,0,95,,8554,2,,,0,88,,8562,2,,,0,61,,8555,2,,,0,48,,8563,2,,,0,76,,8557,2,,,0,74,,8564,2,,,0,43,,8558,2,,,0,67,,8565,2,,,0,42,,8559,2,,,0,68,,8566,2,,,0,83,,8567,2,,,0,27,,8568,2,,,0,84,,8569,2,,,0,26,,8570,2,,,0,84,,8571,2,,,0,26,,8556,2,,,0,78,,8572,2,,,0,72,,8573,2,,,0,35,,8574,2,,,0,108,,8575,2,,,0,156,,8576,2,,,0,102,,8560,2,,,0,100,,8561,2,,,0
7200,'4623',1516,,8578,2,,,0
7200,'5221',718,,8589,2,,,0,105,,8579,2,,,0,113,,8581,2,,,0,105,,8583,2,,,0,160,,8582,2,,,0,99,,8584,2,,,0,120,,8585,2,,,0,102,,8586,2,,,0,114,,8587,2,,,0,110,,8588,2,,,0,110,,8580,2,,,0
7200,'5222',1516,,8590,2,,,0
1002000,'4528',2110,,8798,44,,,0,200,,8799,44,,,0
1002000,'4532',646,,8805,44,,,0,112,,8806,44,,,0,150,,8801,44,,,0,107,,8808,44,,,0,115,,8809,44,,,0,106,,8807,44,,,0,100,,8802,44,,,0,112,,8810,44,,,0,158,,8803,44,,,0,110,,8811,44,,,0,125,,8804,44,,,0,264,,8800,44,,,0
1002000,'4623',1452,,8813,44,,,0
1002000,'5221',722,,8818,44,,,0,218,,8815,44,,,0,210,,8814,44,,,0,272,,8819,44,,,0,218,,8816,44,,,0,277,,8817,44,,,0
1002000,'5222',1452,,8821,44,,,0
1002001,'4528',1410,,8827,30,,,0,35,,8828,30,,,0,258,,8829,30,,,0,356,,8832,30,,,0,200,,8833,30,,,0
1002001,'4532',737,,8838,30,,,0,113,,8839,30,,,0,151,,8834,30,,,0,111,,8837,30,,,0,103,,8845,30,,,0,117,,8844,30,,,0,110,,8835,30,,,0,104,,8841,30,,,0,156,,8836,30,,,0,109,,8842,30,,,0,124,,8840,30,,,0,103,,8846,30,,,0,219,,8843,30,,,0
1002001,'4623',946,,8847,30,,,0,608,,8848,30,,,0
1002001,'5221',813,,8854,30,,,0,212,,8853,30,,,0,232,,8849,30,,,0,262,,8851,30,,,0,217,,8850,30,,,0,305,,8852,30,,,0
1002001,'5222',946,,8855,30,,,0,608,,8856,30,,,0
