701,'4327',714,,2454,5,,,0,109,,4547,5,,,0,225,,2455,5,,,0,111,,4546,5,,,0,146,,2452,5,,,0,220,,2450,5,,,0,218,,2457,5,,,0,215,,2449,5,,,0
701,'4332',823,,4565,5,,,0,110,,2471,5,,,0,111,,4561,5,,,0,476,,4563,5,,,0,120,,4564,5,,,0,698,,2475,5,,,0
701,'4480',653,,4557,5,,,0,85,,4551,5,,,0,187,,4549,5,,,0,115,,4556,5,,,0,115,,4548,5,,,0,155,,4550,5,,,0,115,,2435,5,,,0,105,,2429,5,,,0,281,,2438,5,,,0,115,,4553,5,,,0,115,,4555,5,,,0,112,,2441,5,,,0,192,,2426,5,,,0
701,'4663',1736,,5296,5,,,0
701,'4673',1620,,4559,5,,,0,116,,5297,5,,,0
701,'5241',1620,,4560,5,,,0
701,'5302',944,,2459,5,,,0,469,,2456,5,,,0,223,,2458,5,,,0,217,,2451,5,,,0
701,'5303',709,,2444,5,,,0,103,,2428,5,,,0,843,,4554,5,,,0,81,,2448,5,,,0,115,,2443,5,,,0,461,,4558,5,,,0
701,'5304',709,,5302,5,,,0,103,,5298,5,,,0,843,,5299,5,,,0,196,,5301,5,,,0,461,,5300,5,,,0
701,'5306',713,,5305,5,,,0,443,,5306,5,,,0,149,,5307,5,,,0,111,,5303,5,,,0,327,,5309,5,,,0,110,,5304,5,,,0,105,,5310,5,,,0,145,,5311,5,,,0,108,,5308,5,,,0
701,'5307',944,,5315,5,,,0,469,,5313,5,,,0,223,,5314,5,,,0,217,,5312,5,,,0
701,'5308',1736,,5316,5,,,0
