500,'4327',910,,2215,26,,,0,110,,3747,26,,,0,112,,3745,26,,,0,100,,3746,26,,,0,170,,3748,26,,,0,104,,2214,26,,,0,116,,2221,26,,,0,110,,2220,26,,,0,109,,2222,26,,,0,110,,2218,26,,,0
500,'4480',635,,2193,26,,,0,86,,2192,26,,,0,117,,2196,26,,,0,106,,2187,26,,,0,110,,2191,26,,,0,101,,2189,26,,,0,99,,2190,26,,,0,168,,3770,26,,,0,99,,3769,26,,,0,502,,2195,26,,,0,108,,3771,26,,,0,108,,2197,26,,,0,89,,2199,26,,,0
500,'4661',1908,,2201,26,,,0
500,'4663',1636,,3764,26,,,0,118,,3763,26,,,0,154,,2204,26,,,0
500,'4673',1636,,3775,26,,,0,118,,3774,26,,,0
500,'4681',1636,,3767,26,,,0,118,,3766,26,,,0
600,'4327',717,,3806,26,,,0,111,,2315,26,,,0,110,,2314,26,,,0,111,,2312,26,,,0,151,,2309,26,,,0,109,,2316,26,,,0,110,,2306,26,,,0,111,,2313,26,,,0,111,,2311,26,,,0,111,,2317,26,,,0,106,,2310,26,,,0,151,,2308,26,,,0
600,'4332',718,,2323,26,,,0,111,,2326,26,,,0,109,,2320,26,,,0,110,,2330,26,,,0,108,,2321,26,,,0,159,,2324,26,,,0,106,,3809,26,,,0,112,,2327,26,,,0,108,,3810,26,,,0,116,,2318,26,,,0,143,,3808,26,,,0,108,,3807,26,,,0,109,,3811,26,,,0,110,,3812,26,,,0,100,,2328,26,,,0
600,'4480',642,,3817,26,,,0,88,,2293,26,,,0,29,,2288,26,,,0,74,,2286,26,,,0,84,,2292,26,,,0,113,,2297,26,,,0,120,,3813,26,,,0,162,,2298,26,,,0,118,,3814,26,,,0,94,,2291,26,,,0,23,,2290,26,,,0,267,,2295,26,,,0,111,,3815,26,,,0,114,,3816,26,,,0,112,,2300,26,,,0,151,,3818,26,,,0,50,,2302,26,,,0
600,'4663',1700,,2303,26,,,0
600,'4673',1700,,2304,26,,,0
600,'4681',1700,,2305,26,,,0
