3000,'4327',733,,2869,36,,,0,117,,4678,36,,,0,106,,4677,36,,,0,148,,2872,36,,,0,114,,2863,36,,,0,110,,2865,36,,,0,110,,2871,36,,,0,109,,2866,36,,,0,110,,4676,36,,,0,150,,2864,36,,,0
3000,'4332',813,,2896,36,,,0,37,,4687,36,,,0,72,,2887,36,,,0,34,,4686,36,,,0,185,,2895,36,,,0,76,,2894,36,,,0,110,,2881,36,,,0,75,,2876,36,,,0,35,,4685,36,,,0,75,,2890,36,,,0,38,,4683,36,,,0,106,,2884,36,,,0,149,,2883,36,,,0,298,,2878,36,,,0,104,,4690,36,,,0
3000,'4480',638,,4680,36,,,0,93,,2855,36,,,0,18,,2850,36,,,0,58,,2856,36,,,0,34,,2857,36,,,0,18,,2851,36,,,0,74,,2832,36,,,0,75,,2833,36,,,0,35,,2834,36,,,0,75,,2835,36,,,0,35,,2836,36,,,0,75,,2837,36,,,0,75,,2838,36,,,0,34,,2839,36,,,0,74,,2840,36,,,0,36,,2841,36,,,0,111,,2842,36,,,0,150,,2843,36,,,0,114,,2844,36,,,0,35,,2845,36,,,0,251,,4679,36,,,0,201,,2849,36,,,0
3000,'4663',1523,,5506,36,,,0,224,,5507,36,,,0
3000,'4673',1633,,4681,36,,,0
3000,'5241',1633,,4682,36,,,0
3000,'5302',1916,,2870,36,,,0
3000,'5303',714,,2854,36,,,0,110,,2853,36,,,0,699,,2858,36,,,0,224,,2859,36,,,0,259,,2846,36,,,0,202,,2848,36,,,0
3000,'5304',714,,5511,36,,,0,110,,5510,36,,,0,1182,,5508,36,,,0,202,,5509,36,,,0
3000,'5305',1523,,5512,36,,,0,224,,5513,36,,,0
3000,'5306',707,,5519,36,,,0,326,,5518,36,,,0,73,,5517,36,,,0,146,,5522,36,,,0,369,,5521,36,,,0,114,,5514,36,,,0,106,,5515,36,,,0,110,,5520,36,,,0,355,,5516,36,,,0
3000,'5307',1916,,5523,36,,,0
