501,'4327',847,,2264,21,,,0,110,,3778,21,,,0,152,,3776,21,,,0,100,,3777,21,,,0,130,,3779,21,,,0,104,,2263,21,,,0,116,,2270,21,,,0,150,,2269,21,,,0,110,,2271,21,,,0,110,,2267,21,,,0,110,,2265,21,,,0
501,'4332',800,,3781,20,,,0,156,,3782,20,,,0,150,,3783,20,,,0,116,,3784,20,,,0,117,,3785,20,,,0,109,,3786,20,,,0,110,,3787,20,,,0,149,,3788,20,,,0,112,,3789,20,,,0,109,,3790,20,,,0,105,,3791,20,,,0,107,,3792,20,,,0,109,,3780,20,,,0,110,,2272,8,,,0
501,'4480',658,,2241,21,,,0,152,,2245,21,,,0,110,,2237,21,,,0,110,,2242,21,,,0,101,,2239,21,,,0,99,,2240,21,,,0,770,,2243,21,,,0,217,,2246,21,,,0,89,,2248,21,,,0
501,'4661',1845,,2250,21,,,0
501,'4663',1518,,3793,8,,,0,94,,3794,21,,,0,119,,3795,21,,,0,114,,2252,21,,,0
501,'4681',1518,,3796,8,,,0,94,,3797,21,,,0,119,,3798,21,,,0
501,'5214',1358,,2244,21,,,0,99,,2238,21,,,0,61,,2255,8,,,0,94,,2256,21,,,0,119,,2257,21,,,0,377,,2247,21,,,0,292,,2249,8,,,0
501,'5216',1358,,3800,21,,,0,99,,3799,21,,,0,651,,3801,21,,,0,292,,3802,8,,,0
501,'5219',1518,,3803,8,,,0,94,,3804,21,,,0,119,,3805,21,,,0
1001501,'4480',719,,3567,8,,,0,38,,3566,8,,,0,650,,3568,8,,,0,36,,3569,8,,,0,75,,3572,8,,,0,37,,3575,8,,,0,77,,3574,8,,,0,75,,3571,8,,,0,35,,3573,8,,,0
1001501,'5135',1816,,4337,8,,,0
1001501,'5214',1237,,3570,8,,,0,579,,3576,8,,,0
1001501,'5216',1237,,4338,8,,,0
1001501,'5219',1816,,4339,8,,,0
