3100,'4327',844,,2987,18,,,0,165,,2983,18,,,0,120,,4712,18,,,0,130,,2984,18,,,0,165,,4711,18,,,0,130,,2990,18,,,0,160,,2982,18,,,0,126,,2985,18,,,0,179,,2988,18,,,0
3100,'4332',755,,2995,18,,,0,145,,2999,18,,,0,58,,3001,18,,,0,172,,3000,18,,,0,170,,4049,18,,,0,100,,4722,18,,,0,100,,2991,18,,,0,100,,2992,18,,,0,100,,2997,18,,,0,100,,4721,18,,,0,100,,4723,18,,,0
3100,'4480',649,,2966,18,,,0,94,,2967,18,,,0,112,,2968,18,,,0,90,,2969,18,,,0,109,,4713,18,,,0,100,,2971,18,,,0,100,,2972,18,,,0,100,,4714,18,,,0,100,,2974,18,,,0,98,,2975,18,,,0,102,,4715,18,,,0,100,,4716,18,,,0,105,,4717,18,,,0
3100,'4663',1959,,4718,18,,,0
3100,'4673',1959,,4719,18,,,0
3100,'4681',1959,,4720,18,,,0
4001,'4327',738,,3226,51,,,0,107,,3214,51,,,0,161,,4853,51,,,0,110,,3223,51,,,0,36,,4850,51,,,0,75,,3210,51,,,0,78,,4847,51,,,0,32,,4848,51,,,0,75,,4855,51,,,0,35,,3211,51,,,0,75,,3219,51,,,0,37,,3215,51,,,0,67,,3218,51,,,0,80,,3209,51,,,0,35,,4854,51,,,0,75,,4852,51,,,0,33,,4856,51,,,0,69,,3212,51,,,0,40,,4849,51,,,0,75,,4851,51,,,0
4001,'4332',736,,3254,51,,,0,84,,3243,51,,,0,34,,3251,51,,,0,74,,3248,51,,,0,77,,3240,51,,,0,37,,4917,51,,,0,76,,4906,51,,,0,35,,4918,51,,,0,76,,4909,51,,,0,76,,3237,51,,,0,35,,3238,51,,,0,76,,3250,51,,,0,35,,3229,51,,,0,71,,3245,51,,,0,37,,3239,51,,,0,75,,4916,51,,,0,75,,4910,51,,,0,32,,4913,51,,,0,75,,4915,51,,,0,35,,4201,51,,,0,74,,4911,51,,,0,75,,4908,51,,,0,34,,3252,51,,,0,74,,4912,51,,,0,34,,4919,51,,,0,75,,4914,51,,,0,100,,4907,51,,,0,100,,3236,51,,,0
4001,'4480',705,,3199,51,,,0,34,,4898,51,,,0,75,,4902,51,,,0,16,,4899,51,,,0,14,,4900,51,,,0,57,,4901,51,,,0,15,,4865,51,,,0,14,,4868,51,,,0,14,,4869,51,,,0,14,,4870,51,,,0,55,,4866,51,,,0,15,,4867,51,,,0,15,,4871,51,,,0,15,,4872,51,,,0,55,,4873,51,,,0,16,,4874,51,,,0,15,,4875,51,,,0,15,,4876,51,,,0,56,,4877,51,,,0,15,,3172,51,,,0,18,,4878,51,,,0,55,,3174,51,,,0,15,,3175,51,,,0,15,,4879,51,,,0,15,,3177,51,,,0,55,,4880,51,,,0,16,,4881,51,,,0,16,,4882,51,,,0,15,,4883,51,,,0,55,,4884,51,,,0,15,,4885,51,,,0,15,,4886,51,,,0,15,,4887,51,,,0,54,,4888,51,,,0,15,,4889,51,,,0,15,,3188,51,,,0,15,,4890,51,,,0,55,,4891,51,,,0,14,,3191,51,,,0,13,,4892,51,,,0,15,,4903,51,,,0,55,,4895,51,,,0,14,,3196,51,,,0,14,,4893,51,,,0,15,,4894,51,,,0,15,,4896,51,,,0,55,,4897,51,,,0,16,,3158,51,,,0,20,,4864,51,,,0,60,,4860,51,,,0,20,,4863,51,,,0,88,,3151,51,,,0,30,,3155,51,,,0,70,,4859,51,,,0,26,,4862,51,,,0,69,,4858,51,,,0,29,,4861,51,,,0,70,,4857,51,,,0
4001,'4673',2049,,4904,51,,,0
4001,'5241',2049,,4905,51,,,0
1002001,'4327',836,,3630,66,,,0,214,,3629,66,,,0,271,,5002,66,,,0,222,,5003,66,,,0,216,,3626,66,,,0,344,,3628,66,,,0
1002001,'4332',759,,4353,66,,,0,154,,5012,66,,,0,112,,3631,66,,,0,111,,4352,66,,,0,103,,5016,66,,,0,117,,4359,66,,,0,150,,3632,66,,,0,104,,4356,66,,,0,115,,3633,66,,,0,109,,5014,66,,,0,124,,5013,66,,,0,142,,5017,66,,,0,219,,5015,66,,,0
1002001,'4480',751,,5004,49,,,0,151,,5005,49,,,0,109,,5006,66,,,0,110,,3614,49,,,0,110,,5007,49,,,0,111,,3616,49,,,0,97,,3617,66,,,0,76,,5008,66,,,0,106,,3619,66,,,0,107,,5009,66,,,0,94,,5010,49,,,0,107,,3622,49,,,0,192,,5011,66,,,0,200,,3624,66,,,0
