601,'5302',815,,4511,22,,,0,110,,4515,22,,,0,110,,2349,22,,,0,110,,4512,22,,,0,110,,2350,22,,,0,150,,2352,22,,,0,110,,2356,22,,,0,110,,4510,22,,,0,110,,4514,22,,,0,110,,4513,22,,,0,110,,2354,22,,,0
601,'5303',705,,2338,22,,,0,42,,2337,22,,,0,72,,2333,22,,,0,83,,2345,22,,,0,115,,2334,22,,,0,125,,2344,22,,,0,113,,2336,22,,,0,155,,2335,22,,,0,115,,2339,22,,,0,116,,2341,22,,,0,115,,4517,22,,,0,157,,4516,22,,,0,116,,2343,22,,,0,112,,4518,22,,,0,159,,2347,22,,,0,50,,4519,22,,,0
601,'5304',705,,5238,21,,,0,42,,5237,21,,,0,72,,5233,21,,,0,83,,5245,21,,,0,115,,5234,21,,,0,125,,5244,21,,,0,113,,5236,21,,,0,155,,5235,21,,,0,115,,5239,21,,,0,116,,5241,21,,,0,115,,5242,21,,,0,157,,5240,21,,,0,116,,5243,21,,,0,112,,5246,21,,,0,159,,5247,21,,,0,50,,5248,21,,,0
601,'5306',740,,5257,21,,,0,185,,5258,21,,,0,102,,5255,21,,,0,118,,5259,21,,,0,111,,5256,21,,,0,150,,5254,21,,,0,110,,5249,21,,,0,109,,5251,21,,,0,111,,5252,21,,,0,109,,5253,21,,,0,112,,5250,21,,,0,147,,5262,21,,,0,96,,5263,21,,,0,104,,5260,21,,,0,45,,5261,21,,,0
601,'5307',815,,5268,21,,,0,110,,5274,21,,,0,110,,5264,21,,,0,110,,5270,21,,,0,110,,5265,21,,,0,150,,5267,21,,,0,110,,5271,21,,,0,110,,5266,21,,,0,110,,5273,21,,,0,110,,5272,21,,,0,110,,5269,21,,,0
4001,'4327',657,,3226,8,,,0,146,,3214,8,,,0,228,,3223,8,,,0,111,,3210,8,,,0,109,,4848,8,,,0,150,,3211,8,,,0,35,,3219,8,,,0,77,,3215,8,,,0,110,,3209,8,,,0,111,,4852,8,,,0,75,,4856,8,,,0,110,,4849,8,,,0,35,,4851,8,,,0
4001,'4332',736,,3243,8,,,0,107,,3248,8,,,0,113,,4917,8,,,0,76,,4906,8,,,0,74,,4918,8,,,0,36,,4909,8,,,0,75,,3237,8,,,0,35,,3238,8,,,0,182,,3245,8,,,0,78,,3239,8,,,0,35,,4916,8,,,0,75,,4910,8,,,0,109,,4915,8,,,0,110,,4911,8,,,0,110,,3252,8,,,0,150,,4919,8,,,0,35,,4914,8,,,0,100,,4907,8,,,0
4001,'4480',626,,3199,8,,,0,31,,4898,8,,,0,71,,4902,8,,,0,16,,4899,8,,,0,15,,4900,8,,,0,56,,4901,8,,,0,17,,4865,8,,,0,70,,4869,8,,,0,15,,4870,8,,,0,15,,4866,8,,,0,15,,4867,8,,,0,70,,4872,8,,,0,15,,4873,8,,,0,15,,4874,8,,,0,55,,4875,8,,,0,15,,4876,8,,,0,15,,4877,8,,,0,15,,3172,8,,,0,56,,4878,8,,,0,45,,4879,8,,,0,70,,4880,8,,,0,15,,4881,8,,,0,15,,4882,8,,,0,70,,4884,8,,,0,15,,4885,8,,,0,15,,4886,8,,,0,55,,4887,8,,,0,15,,4888,8,,,0,15,,4889,8,,,0,70,,4890,8,,,0,15,,4891,8,,,0,15,,3191,8,,,0,70,,4903,8,,,0,15,,4895,8,,,0,15,,3196,8,,,0,70,,4894,8,,,0,15,,4896,8,,,0,92,,4864,8,,,0,20,,4860,8,,,0,108,,3151,8,,,0,101,,4859,8,,,0,69,,4862,8,,,0,30,,4858,8,,,0,70,,4861,8,,,0,30,,4857,8,,,0
4001,'4673',2009,,4904,8,,,0
4001,'5241',2009,,4905,8,,,0
4001,'5302',921,,4853,8,,,0,186,,4850,8,,,0,112,,4847,8,,,0,107,,4855,8,,,0,216,,3218,8,,,0,116,,4854,8,,,0,180,,3212,8,,,0
4001,'5303',847,,4868,8,,,0,155,,4871,8,,,0,216,,3174,8,,,0,15,,3175,8,,,0,70,,3177,8,,,0,100,,4883,8,,,0,145,,3188,8,,,0,100,,4892,8,,,0,100,,4893,8,,,0,85,,4897,8,,,0,17,,3158,8,,,0,100,,4863,8,,,0,158,,3155,8,,,0
4001,'5304',847,,5615,8,,,0,155,,5616,8,,,0,216,,5617,8,,,0,15,,5618,8,,,0,70,,5619,8,,,0,100,,5620,8,,,0,145,,5621,8,,,0,100,,5622,8,,,0,100,,5623,8,,,0,85,,5624,8,,,0,17,,5614,8,,,0,100,,5613,8,,,0,158,,5612,8,,,0
4001,'5306',653,,5634,8,,,0,157,,5633,8,,,0,109,,5630,8,,,0,409,,5632,8,,,0,75,,5625,8,,,0,253,,5631,8,,,0,151,,5627,8,,,0,109,,5626,8,,,0,110,,5628,8,,,0,311,,5629,8,,,0
4001,'5307',921,,5639,8,,,0,186,,5637,8,,,0,112,,5635,8,,,0,107,,5641,8,,,0,216,,5638,8,,,0,116,,5640,8,,,0,180,,5636,8,,,0
