4000,'4327',742,,4742,41,,,0,264,,4739,41,,,0,152,,4737,41,,,0,178,,4751,41,,,0,110,,4743,41,,,0,110,,4740,41,,,0,75,,4748,41,,,0,75,,4747,41,,,0,35,,4754,41,,,0,75,,4738,41,,,0,35,,4749,41,,,0,74,,4744,41,,,0,75,,4753,41,,,0
4000,'4332',716,,4839,41,,,0,32,,4844,41,,,0,111,,4824,41,,,0,73,,4840,41,,,0,74,,4821,41,,,0,37,,4837,41,,,0,108,,4828,41,,,0,151,,4820,41,,,0,35,,4825,41,,,0,75,,4829,41,,,0,35,,4838,41,,,0,112,,4827,41,,,0,147,,4842,41,,,0,39,,4841,41,,,0,71,,4830,41,,,0,185,,4823,41,,,0,36,,4846,41,,,0,75,,4835,41,,,0
4000,'4480',635,,4804,41,,,0,70,,4805,41,,,0,16,,4812,41,,,0,14,,4806,41,,,0,15,,4807,41,,,0,56,,4808,41,,,0,31,,4811,41,,,0,15,,4762,41,,,0,55,,4763,41,,,0,15,,4764,41,,,0,15,,4765,41,,,0,15,,4766,41,,,0,55,,4767,41,,,0,15,,4768,41,,,0,30,,4770,41,,,0,54,,4771,41,,,0,15,,4772,41,,,0,31,,4774,41,,,0,55,,4775,41,,,0,15,,4776,41,,,0,30,,4778,41,,,0,55,,4779,41,,,0,15,,4780,41,,,0,14,,4781,41,,,0,15,,4782,41,,,0,55,,4783,41,,,0,15,,4784,41,,,0,14,,4785,41,,,0,15,,4786,41,,,0,55,,4787,41,,,0,15,,4788,41,,,0,15,,4789,41,,,0,70,,4792,41,,,0,30,,4794,41,,,0,15,,4795,41,,,0,87,,4798,41,,,0,15,,4796,41,,,0,72,,4800,41,,,0,20,,4801,41,,,0,60,,4802,41,,,0,313,,4758,41,,,0,29,,4761,41,,,0,71,,4757,41,,,0
4000,'4663',2045,,5581,41,,,0
4000,'4673',1925,,4816,41,,,0,120,,5582,41,,,0,102,,4815,41,,,0
4000,'5241',1925,,4819,41,,,0,222,,4818,41,,,0
4000,'5302',859,,4752,41,,,0,182,,4755,41,,,0,72,,4741,41,,,0,113,,4756,41,,,0,75,,4750,41,,,0,110,,4746,41,,,0,108,,4745,41,,,0
4000,'5303',821,,4809,41,,,0,216,,4769,41,,,0,100,,4773,41,,,0,100,,4777,41,,,0,313,,4790,41,,,0,70,,4793,41,,,0,87,,4797,41,,,0,15,,4791,41,,,0,85,,4799,41,,,0,138,,4803,41,,,0,70,,4760,41,,,0,30,,4817,41,,,0,72,,4759,41,,,0
4000,'5304',821,,5594,41,,,0,216,,5585,41,,,0,100,,5586,41,,,0,100,,5587,41,,,0,313,,5588,41,,,0,70,,5590,41,,,0,87,,5591,41,,,0,15,,5589,41,,,0,85,,5592,41,,,0,138,,5593,41,,,0,70,,5584,41,,,0,102,,5583,41,,,0
4000,'5306',822,,5598,41,,,0,294,,5595,41,,,0,110,,5597,41,,,0,296,,5602,41,,,0,109,,5599,41,,,0,221,,5600,41,,,0,74,,5603,41,,,0,290,,5596,41,,,0,99,,5601,41,,,0
4000,'5307',859,,5608,41,,,0,182,,5609,41,,,0,72,,5604,41,,,0,113,,5610,41,,,0,75,,5607,41,,,0,110,,5606,41,,,0,108,,5605,41,,,0
4000,'5308',2045,,5611,41,,,0
