2000,'4528',627,,8044,54,,,0,110,,8045,54,,,0,107,,8046,54,,,0,66,,8033,37,,,0,110,,8034,37,,,0,110,,8035,37,,,0,117,,8036,54,,,0,103,,8037,37,,,0,78,,8038,37,,,0,110,,8039,37,,,0,74,,8040,54,,,0,223,,8041,37,,,0,187,,8042,54,,,0,201,,8043,54,,,0
2000,'4532',833,,8056,37,,,0,112,,8055,37,,,0,101,,8057,37,,,0,158,,8047,37,,,0,108,,8048,37,,,0,112,,8050,37,,,0,111,,8051,37,,,0,110,,8049,37,,,0,103,,8053,37,,,0,253,,8052,54,,,0,217,,8058,54,,,0,102,,8054,54,,,0
2000,'4623',1731,,8059,54,,,0
2000,'5221',840,,8060,37,,,0,219,,8063,37,,,0,259,,8062,37,,,0,221,,8064,37,,,0,265,,8061,37,,,0
2000,'5222',1731,,8065,54,,,0
2500,'4528',811,,8095,19,0,5,0,207,,8096,19,,,0,226,,8097,19,0,5,0,165,,8098,19,,,0,333,,8099,19,,,0
2500,'4532',807,,8101,19,0,5,0,210,,8103,19,,,0,215,,8102,19,,,0,515,,8104,19,0,5,0,260,,8100,19,,,0
2500,'5221',807,,8105,19,0,5,0,210,,8106,19,,,0,215,,8107,19,,,0,515,,8108,19,0,5,0,260,,8109,19,,,0
1002000,'4528',651,,8790,43,,,0,149,,8791,43,,,0,144,,8792,43,,,0,261,,8793,43,,,0,110,,8794,43,,,0,330,,8795,43,,,0,113,,8796,43,,,0,152,,8797,43,,,0,213,,8798,60,,,0,200,,8799,60,,,0
1002000,'4532',659,,8805,60,,,0,152,,8806,60,,,0,110,,8801,60,,,0,108,,8808,60,,,0,115,,8809,60,,,0,106,,8807,60,,,0,101,,8802,60,,,0,152,,8810,60,,,0,117,,8803,60,,,0,110,,8811,60,,,0,125,,8804,60,,,0,263,,8800,60,,,0
1002000,'4623',1055,,8812,43,,,0,453,,8813,60,,,0
1002000,'5221',735,,8818,60,,,0,219,,8815,60,,,0,250,,8814,60,,,0,233,,8819,60,,,0,217,,8816,60,,,0,277,,8817,60,,,0
1002000,'5222',1055,,8820,43,,,0,453,,8821,60,,,0
