101,'4480',649,,2110,13,,,0,73,,2109,13,,,0,19,,2113,13,,,0,60,,2107,13,,,0,21,,2111,13,,,0,19,,2112,13,,,0,17,,2106,13,,,0,65,,2105,13,,,0,33,,2102,13,,,0,72,,2100,13,,,0,25,,2104,13,,,0,72,,2091,13,,,0,26,,2103,13,,,0,74,,2092,13,,,0,34,,2099,13,,,0,66,,2120,13,,,0,33,,2098,13,,,0,67,,2095,13,,,0,33,,2097,13,,,0,56,,2118,13,,,0,21,,2093,13,,,0,23,,2080,13,,,0,57,,2108,13,,,0,21,,2082,13,,,0,22,,2090,13,,,0,57,,2081,13,,,0,20,,2096,13,,,0,24,,2094,13,,,0,55,,2119,13,,,0,16,,2101,13,,,0,72,,2085,13,,,0,53,,2086,13,,,0,70,,2114,13,,,0,30,,2087,13,,,0,70,,2116,13,,,0,30,,2088,13,,,0,70,,2115,13,,,0,30,,2089,13,,,0,68,,2117,13,,,0,32,,2084,13,,,0,83,,2083,13,,,0
101,'4663',1925,,2121,13,,,0
101,'4673',1925,,2122,13,,,0
101,'4681',1925,,2123,13,,,0
101,'4970',812,,2133,13,,,0,30,,2138,13,,,0,70,,2136,13,,,0,28,,2135,13,,,0,73,,2144,13,,,0,32,,2132,13,,,0,71,,2142,13,,,0,33,,2145,13,,,0,70,,2126,13,,,0,30,,2130,13,,,0,70,,2143,13,,,0,30,,2147,13,,,0,70,,2146,13,,,0,30,,2125,13,,,0,70,,2137,13,,,0,30,,2131,13,,,0,69,,2129,13,,,0,29,,2127,13,,,0,70,,2134,13,,,0,29,,2128,13,,,0,70,,2149,13,,,0,30,,2148,13,,,0,70,,2140,13,,,0,29,,2124,13,,,0,70,,2141,13,,,0,30,,2150,13,,,0,81,,2139,13,,,0
101,'5131',725,,2163,13,,,0,30,,2185,13,,,0,71,,2165,13,,,0,27,,2170,13,,,0,74,,2160,13,,,0,22,,2156,13,,,0,81,,2172,13,,,0,29,,2164,13,,,0,68,,2151,13,,,0,31,,2154,13,,,0,68,,2176,13,,,0,33,,2167,13,,,0,71,,2158,13,,,0,70,,2177,13,,,0,30,,2169,13,,,0,70,,2157,13,,,0,30,,2178,13,,,0,70,,2173,13,,,0,29,,2152,13,,,0,72,,2162,13,,,0,27,,2155,13,,,0,30,,2166,13,,,0,70,,2179,13,,,0,29,,2180,13,,,0,69,,2168,13,,,0,30,,2171,13,,,0,69,,2159,13,,,0,32,,2181,13,,,0,68,,2153,13,,,0,77,,2183,13,,,0,23,,2174,13,,,0,29,,2184,13,,,0,69,,2182,13,,,0,31,,2161,13,,,0,80,,2175,13,,,0
1501,'4480',852,,2698,16,,,0,69,,2699,16,,,0,30,,2700,16,,,0,70,,2697,16,,,0,30,,2701,16,,,0,70,,2702,16,,,0,29,,2703,16,,,0,71,,2704,16,,,0,103,,2706,16,,,0,27,,2705,16,,,0,508,,2707,16,,,0,259,,2708,16,,,0
1501,'4663',2008,,2709,16,,,0
1501,'4673',2008,,2710,16,,,0
1501,'4681',2008,,2711,16,,,0
1501,'4970',839,,2716,16,,,0,112,,2721,16,,,0,150,,2712,16,,,0,110,,2717,16,,,0,110,,2714,16,,,0,110,,2715,16,,,0,109,,2718,16,,,0,109,,2713,16,,,0,109,,2720,16,,,0,150,,2719,16,,,0
1501,'5131',805,,2730,16,,,0,146,,2731,16,,,0,102,,2728,16,,,0,158,,2732,16,,,0,112,,2729,16,,,0,109,,2727,16,,,0,110,,2722,16,,,0,108,,2724,16,,,0,151,,2725,16,,,0,107,,2726,16,,,0,112,,2723,16,,,0,107,,2733,16,,,0
3001,'4480',706,,2923,54,,,0,47,,2920,54,,,0,79,,2922,54,,,0,18,,2924,54,,,0,56,,2921,54,,,0,17,,2925,54,,,0,17,,2899,54,,,0,75,,2900,54,,,0,35,,2901,54,,,0,76,,2902,54,,,0,75,,2903,54,,,0,36,,2904,54,,,0,75,,2906,54,,,0,35,,2907,54,,,0,77,,2908,54,,,0,76,,2905,54,,,0,36,,2909,54,,,0,76,,2910,54,,,0,107,,2911,54,,,0,33,,2912,54,,,0,74,,2913,54,,,0,74,,2914,54,,,0,34,,2915,54,,,0,75,,2917,54,,,0,108,,2918,54,,,0,196,,2916,54,,,0,99,,2919,54,,,0
3001,'4661',1646,,2926,54,,,0
3001,'4663',1646,,2927,54,,,0,571,,2928,54,,,0
3001,'4673',2217,,2929,54,,,0
3001,'4681',2217,,2930,54,,,0
3001,'4970',844,,2937,54,,,0,161,,2934,54,,,0,110,,2931,54,,,0,111,,2940,54,,,0,110,,2938,54,,,0,110,,2941,54,,,0,112,,2939,54,,,0,147,,2933,54,,,0,110,,2935,54,,,0,103,,2932,54,,,0,115,,2936,54,,,0
3001,'5131',818,,2960,54,,,0,108,,2952,54,,,0,78,,2955,54,,,0,36,,2954,54,,,0,77,,2951,54,,,0,35,,2956,54,,,0,77,,2945,54,,,0,76,,2962,54,,,0,35,,2963,54,,,0,76,,2943,54,,,0,35,,2946,54,,,0,71,,2950,54,,,0,37,,2959,54,,,0,75,,2957,54,,,0,74,,2948,54,,,0,32,,2965,54,,,0,75,,2942,54,,,0,35,,2964,54,,,0,74,,2947,54,,,0,35,,2949,54,,,0,148,,2958,54,,,0,109,,2944,54,,,0,100,,2961,54,,,0,101,,2953,54,,,0
1001501,'4480',740,,3567,21,,,0,78,,3566,21,,,0,439,,3570,21,,,0,172,,3568,21,,,0,76,,3569,21,,,0,36,,3572,21,,,0,77,,3575,21,,,0,37,,3574,21,,,0,72,,3571,21,,,0,75,,3573,21,,,0
1001501,'4673',1836,,3576,21,,,0
1001501,'5135',1836,,3577,21,,,0
