2000,'4528',553,,8044,9,0,9 12 2 5,0,147,,8045,9,0,9 12 2 5,0,105,,8046,9,0,9 12 2 5,0,39,,8033,9,,,0,110,,8034,9,,,0,150,,8035,9,,,0,105,,8036,9,0,9 12 2 5,0,114,,8037,9,,,0,78,,8038,9,,,0,110,,8039,9,,,0,20,,8040,9,0,9 12 2 5,0,278,,8041,9,,,0,136,,8042,9,0,9 12 2 5,0,203,,8043,9,0,9 12 2 5,0
2000,'4532',808,,8056,9,,,0,112,,8055,9,,,0,100,,8057,9,,,0,118,,8047,9,,,0,108,,8048,9,,,0,111,,8050,9,,,0,151,,8051,9,,,0,111,,8049,9,,,0,103,,8053,9,,,0,204,,8052,9,0,9 12 2 5,0,218,,8058,9,0,9 12 2 5,0,103,,8054,9,0,9 12 2 5,0
2000,'4623',1651,,8059,9,0,9 12 2 5,0
2000,'5221',817,,8060,9,,,0,218,,8063,9,,,0,219,,8062,9,,,0,260,,8064,9,,,0,225,,8061,9,,,0
2000,'5222',1651,,8065,9,0,9 12 2 5,0
1002000,'4528',627,,8790,15,,,0,107,,8791,15,,,0,185,,8792,15,,,0,219,,8793,15,,,0,110,,8794,15,,,0,369,,8795,15,,,0,113,,8796,15,,,0,113,,8797,15,,,0,206,,8798,15,,,0,200,,8799,15,,,0
1002000,'4532',626,,8805,15,,,0,112,,8806,15,,,0,110,,8801,15,,,0,107,,8808,15,,,0,154,,8809,15,,,0,106,,8807,15,,,0,100,,8802,15,,,0,112,,8810,15,,,0,118,,8803,15,,,0,110,,8811,15,,,0,165,,8804,15,,,0,225,,8800,15,,,0
1002000,'4623',1029,,8812,15,,,0,397,,8813,15,,,0
1002000,'5221',702,,8818,15,,,0,218,,8815,15,,,0,209,,8814,15,,,0,271,,8819,15,,,0,217,,8816,15,,,0,240,,8817,15,,,0
1002000,'5222',1029,,8820,15,,,0,397,,8821,15,,,0
