3000,'4327',727,,2869,25,,,0,117,,4678,25,,,0,106,,4677,25,,,0,107,,2872,25,,,0,154,,2863,25,,,0,110,,2865,25,,,0,110,,2871,25,,,0,109,,2866,25,,,0,110,,4676,25,,,0,150,,2864,25,,,0
3000,'4332',807,,2896,25,,,0,37,,4687,25,,,0,72,,2887,25,,,0,34,,4686,25,,,0,184,,2895,25,,,0,76,,2894,25,,,0,110,,2881,25,,,0,35,,2876,25,,,0,75,,4685,25,,,0,75,,2890,25,,,0,38,,4683,25,,,0,106,,2884,25,,,0,110,,2883,25,,,0,298,,2878,25,,,0,144,,4690,25,,,0
3000,'4480',632,,4680,25,,,0,91,,2855,25,,,0,18,,2850,25,,,0,18,,2856,25,,,0,74,,2857,25,,,0,18,,2851,25,,,0,75,,2832,25,,,0,75,,2833,25,,,0,35,,2834,25,,,0,75,,2835,25,,,0,34,,2836,25,,,0,75,,2837,25,,,0,35,,2838,25,,,0,74,,2839,25,,,0,74,,2840,25,,,0,35,,2841,25,,,0,111,,2842,25,,,0,151,,2843,25,,,0,115,,2844,25,,,0,35,,2845,25,,,0,251,,4679,25,,,0,202,,2849,25,,,0
3000,'4663',1514,,5506,25,,,0,225,,5507,25,,,0
3000,'4673',1625,,4681,25,,,0
3000,'5241',1625,,4682,25,,,0
3000,'5302',1910,,2870,25,,,0
3000,'5303',707,,2854,25,,,0,109,,2853,25,,,0,698,,2858,25,,,0,225,,2859,25,,,0,220,,2846,25,,,0,243,,2848,25,,,0
3000,'5304',707,,5511,25,,,0,109,,5510,25,,,0,1143,,5508,25,,,0,243,,5509,25,,,0
3000,'5305',1514,,5512,25,,,0,225,,5513,25,,,0
3000,'5306',701,,5519,25,,,0,326,,5518,25,,,0,32,,5517,25,,,0,186,,5522,25,,,0,369,,5521,25,,,0,114,,5514,25,,,0,107,,5515,25,,,0,110,,5520,25,,,0,355,,5516,25,,,0
3000,'5307',1910,,5523,25,,,0
3001,'4327',832,,2937,41,,,0,382,,2940,41,,,0,220,,2941,41,,,0,220,,2933,41,,,0,253,,4691,41,,,0,115,,2936,41,,,0
3001,'4332',915,,2952,41,,,0,37,,4706,41,,,0,153,,2951,41,,,0,298,,2943,41,,,0,106,,2950,41,,,0,147,,4704,41,,,0,148,,4702,41,,,0,109,,2947,41,,,0,35,,2949,41,,,0,108,,4708,41,,,0
3001,'4480',655,,4698,41,,,0,86,,4697,41,,,0,79,,2922,41,,,0,18,,2924,41,,,0,16,,2921,41,,,0,58,,2925,41,,,0,91,,2900,41,,,0,35,,2901,41,,,0,75,,2902,41,,,0,35,,2903,41,,,0,76,,2904,41,,,0,35,,2906,41,,,0,75,,2907,41,,,0,76,,2908,41,,,0,36,,4695,41,,,0,76,,2909,41,,,0,37,,2910,41,,,0,147,,2911,41,,,0,108,,2913,41,,,0,109,,2915,41,,,0,35,,2917,41,,,0,445,,2919,41,,,0
3001,'4663',1633,,5524,41,,,0,573,,5525,41,,,0
3001,'4673',2206,,5526,41,,,0
3001,'5302',953,,4692,41,,,0,150,,2931,41,,,0,221,,4693,41,,,0,222,,4694,41,,,0,258,,2935,41,,,0
3001,'5303',929,,2899,41,,,0,704,,2926,41,,,0,107,,2912,41,,,0,108,,2914,41,,,0,258,,2918,41,,,0,100,,4701,41,,,0,97,,4696,41,,,0
3001,'5304',929,,5527,41,,,0,811,,5528,41,,,0,108,,5529,41,,,0,258,,5531,41,,,0,197,,5530,41,,,0
3001,'5305',1633,,5532,41,,,0
3001,'5306',807,,5541,41,,,0,221,,5537,41,,,0,112,,5538,41,,,0,76,,5534,41,,,0,36,,5543,41,,,0,75,,5544,41,,,0,111,,5535,41,,,0,108,,5540,41,,,0,75,,5539,41,,,0,108,,5546,41,,,0,110,,5545,41,,,0,366,,5533,41,,,0,100,,5542,41,,,0,101,,5536,41,,,0
3001,'5307',953,,5548,41,,,0,150,,5547,41,,,0,221,,5550,41,,,0,222,,5551,41,,,0,258,,5549,41,,,0
3001,'5308',2206,,5552,41,,,0
