701,'4327',713,,2454,3,,,0,109,,4547,3,,,0,225,,2455,3,,,0,111,,4546,3,,,0,146,,2452,3,,,0,220,,2450,3,,,0,218,,2457,3,,,0,215,,2449,3,,,0
701,'4332',822,,4565,3,,,0,110,,2471,3,,,0,111,,4561,3,,,0,476,,4563,3,,,0,120,,4564,3,,,0,698,,2475,3,,,0
701,'4480',652,,4557,3,,,0,85,,4551,3,,,0,187,,4549,3,,,0,115,,4556,3,,,0,115,,4548,3,,,0,155,,4550,3,,,0,115,,2435,3,,,0,105,,2429,3,,,0,281,,2438,3,,,0,115,,4553,3,,,0,115,,4555,3,,,0,112,,2441,3,,,0,192,,2426,3,,,0
701,'4663',1735,,5296,3,,,0
701,'4673',1619,,4559,3,,,0,116,,5297,3,,,0
701,'5241',1619,,4560,3,,,0
701,'5302',943,,2459,3,,,0,469,,2456,3,,,0,223,,2458,3,,,0,217,,2451,3,,,0
701,'5303',708,,2444,3,,,0,103,,2428,3,,,0,843,,4554,3,,,0,81,,2448,3,,,0,115,,2443,3,,,0,461,,4558,3,,,0
701,'5304',708,,5302,3,,,0,103,,5298,3,,,0,843,,5299,3,,,0,196,,5301,3,,,0,461,,5300,3,,,0
701,'5306',712,,5305,3,,,0,443,,5306,3,,,0,149,,5307,3,,,0,111,,5303,3,,,0,327,,5309,3,,,0,110,,5304,3,,,0,105,,5310,3,,,0,145,,5311,3,,,0,108,,5308,3,,,0
701,'5307',943,,5315,3,,,0,469,,5313,3,,,0,223,,5314,3,,,0,217,,5312,3,,,0
701,'5308',1735,,5316,3,,,0
