800,'4327',2018,,2505,1,,,0
800,'4663',1552,,5317,1,,,0
800,'4673',1552,,5318,1,,,0
800,'5302',722,,2497,1,,,0,110,,2498,1,,,0,121,,2499,1,,,0,104,,2500,1,,,0,151,,2501,1,,,0,117,,2502,1,,,0,109,,2503,1,,,0,112,,2496,1,,,0,111,,2494,1,,,0,146,,2495,1,,,0,110,,2504,1,,,0
800,'5303',549,,4572,1,,,0,169,,2478,1,,,0,103,,2481,1,,,0,114,,2486,1,,,0,115,,2477,1,,,0,166,,2485,1,,,0,115,,4569,1,,,0,116,,2479,1,,,0,105,,2493,1,,,0,165,,2482,1,,,0,114,,4571,1,,,0,114,,4570,1,,,0,155,,2488,1,,,0,111,,4573,1,,,0,118,,2490,1,,,0
800,'5304',549,,5329,1,,,0,169,,5320,1,,,0,103,,5323,1,,,0,114,,5328,1,,,0,115,,5319,1,,,0,166,,5327,1,,,0,115,,5322,1,,,0,116,,5321,1,,,0,270,,5324,1,,,0,114,,5326,1,,,0,114,,5325,1,,,0,155,,5330,1,,,0,111,,5331,1,,,0,118,,5332,1,,,0
800,'5306',722,,5335,1,,,0,110,,5334,1,,,0,110,,5336,1,,,0,111,,5337,1,,,0,163,,5345,1,,,0,109,,5346,1,,,0,112,,5338,1,,,0,104,,5339,1,,,0,160,,5340,1,,,0,102,,5341,1,,,0,110,,5333,1,,,0,105,,5342,1,,,0,105,,5344,1,,,0,108,,5343,1,,,0
800,'5307',722,,5350,1,,,0,110,,5351,1,,,0,121,,5352,1,,,0,104,,5353,1,,,0,151,,5354,1,,,0,117,,5355,1,,,0,109,,5356,1,,,0,112,,5349,1,,,0,111,,5347,1,,,0,146,,5348,1,,,0,110,,5357,1,,,0
800,'5308',1552,,5358,1,,,0
801,'4327',2018,,2547,30,4,,0
801,'4663',1552,,5359,30,4,,0
801,'4673',1552,,5360,30,4,,0
801,'5302',722,,2541,15,4,,0,110,,2542,30,4,,0,121,,2540,30,4,,0,104,,2544,30,4,,0,151,,2543,30,4,,0,117,,2545,30,4,,0,109,,2546,30,4,,0,112,,2539,30,4,,0,111,,2537,30,4,,0,146,,2538,30,4,,0,110,,2548,30,4,,0
801,'5303',549,,4582,30,4,,0,169,,2521,30,4,,0,103,,2524,30,4,,0,114,,2530,30,4,,0,115,,2520,30,4,,0,166,,2529,30,4,,0,115,,4579,30,4,,0,116,,2522,30,4,,0,105,,2536,30,4,,0,165,,2525,30,4,,0,114,,4580,30,4,,0,114,,4581,30,4,,0,155,,2526,30,4,,0,111,,4583,30,4,,0,118,,2533,30,4,,0
801,'5304',549,,5372,30,4,,0,169,,5362,30,4,,0,103,,5365,30,4,,0,114,,5371,30,4,,0,115,,5361,30,4,,0,166,,5370,30,4,,0,115,,5364,30,4,,0,116,,5363,30,4,,0,270,,5366,30,4,,0,114,,5368,30,4,,0,114,,5369,30,4,,0,155,,5367,30,4,,0,111,,5373,30,4,,0,118,,5374,30,4,,0
801,'5306',722,,5376,30,4,,0,110,,5377,30,4,,0,110,,5378,30,4,,0,111,,5379,30,4,,0,163,,5387,30,4,,0,109,,5388,30,4,,0,112,,5380,30,4,,0,104,,5381,30,4,,0,160,,5382,30,4,,0,102,,5383,30,4,,0,110,,5375,30,4,,0,105,,5384,30,4,,0,105,,5385,30,4,,0,108,,5386,30,4,,0
801,'5307',722,,5393,15,4,,0,110,,5394,30,4,,0,121,,5392,30,4,,0,104,,5396,30,4,,0,151,,5395,30,4,,0,117,,5397,30,4,,0,109,,5398,30,4,,0,112,,5391,30,4,,0,111,,5389,30,4,,0,146,,5390,30,4,,0,110,,5399,30,4,,0
801,'5308',1552,,5400,30,4,,0
