7201,'4327',1030,,3396,23,,,0,116,,3397,23,,,0,259,,3399,23,,,0,107,,3400,23,,,0,111,,3401,23,,,0,106,,3402,23,,,0,110,,3393,23,,,0
7201,'4332',733,,3405,23,,,0,206,,4968,23,,,0,111,,4970,23,,,0,150,,4969,23,,,0,110,,3414,23,,,0,110,,3417,23,,,0,83,,3418,23,,,0,27,,3419,23,,,0,187,,3421,23,,,0,32,,4971,23,,,0,75,,4972,23,,,0,109,,4974,23,,,0,96,,4973,23,,,0,122,,3409,23,,,0,199,,3411,23,,,0
7201,'4480',728,,3387,23,,,0,77,,3385,23,,,0,34,,3386,23,,,0,185,,4956,23,,,0,111,,4955,23,,,0,75,,3371,23,,,0,295,,3375,23,,,0,110,,4959,23,,,0,219,,3380,23,,,0,110,,4962,23,,,0,105,,4963,23,,,0,100,,3381,23,,,0
7201,'4661',1725,,3388,23,,,0
7201,'4663',1725,,3389,23,,,0
7201,'4673',2247,,4964,23,,,0,99,,4965,23,,,0
7201,'5241',2247,,4966,23,,,0,99,,4967,23,,,0
7201,'5302',806,,4954,23,,,0,113,,3394,23,,,0,331,,3395,23,,,0,703,,3398,23,,,0
7201,'5303',914,,3365,23,,,0,35,,3366,23,,,0,151,,3370,23,,,0,145,,4957,23,,,0,75,,3372,23,,,0,35,,4958,23,,,0,75,,3374,23,,,0,110,,3376,23,,,0,110,,4960,23,,,0,109,,4961,23,,,0,150,,3382,23,,,0
7201,'5304',914,,5677,23,,,0,35,,5678,23,,,0,151,,5680,23,,,0,145,,5679,23,,,0,75,,5681,23,,,0,35,,5682,23,,,0,75,,5683,23,,,0,110,,5684,23,,,0,110,,5685,23,,,0,109,,5686,23,,,0,150,,5687,23,,,0
7201,'5306',843,,5688,23,,,0,174,,5690,23,,,0,108,,5691,23,,,0,110,,5692,23,,,0,118,,5694,23,,,0,260,,5695,23,,,0,27,,5689,23,,,0,218,,5696,23,,,0,393,,5693,23,,,0
7201,'5307',806,,5697,23,,,0,113,,5698,23,,,0,331,,5699,23,,,0,703,,5700,23,,,0
