100,110517,1,0
100,109927,2,0
100,104795,3,0
100,110088,4,0
100,104980,5,0
100,110090,6,0
100,110516,7,0
100,110207,8,0
100,110208,9,0
100,109968,10,0
100,109969,11,0
100,109772,12,0
100,109773,13,0
100,104183,14,1
101,104183,1,0
101,109775,2,0
101,109776,3,0
101,109777,4,0
101,110209,5,0
101,110210,6,0
101,109802,7,0
101,110213,8,0
101,110214,9,0
101,110215,10,0
101,104794,11,0
101,110006,12,0
101,110007,13,0
101,110517,14,1
500,109756,1,0
500,109757,2,0
500,109758,3,0
500,109759,4,0
500,109760,5,0
500,109761,6,0
500,109762,7,0
500,109763,8,0
500,109764,9,0
500,109765,10,0
500,104997,11,0
500,109766,12,0
500,109767,13,0
500,109768,14,0
500,109769,15,0
500,110520,16,0
500,104184,17,0
500,110101,18,0
500,110102,19,0
500,110103,20,0
500,110104,21,0
500,110105,22,0
500,110106,23,0
500,110107,24,0
500,110108,25,0
500,110109,26,0
500,110110,27,0
500,109773,28,0
500,104180,29,1
501,104180,1,0
501,109874,2,0
501,110091,3,0
501,110092,4,0
501,104999,5,0
501,110094,6,0
501,110095,7,0
501,110096,8,0
501,110097,9,0
501,110098,10,0
501,110099,11,0
501,110100,12,0
501,104185,13,0
501,110520,14,0
501,104995,15,0
501,110073,16,0
501,109750,17,0
501,109751,18,0
501,109752,19,0
501,104172,20,0
501,109754,21,0
501,109755,22,0
501,109756,23,1
600,110070,1,0
600,104995,2,0
600,110494,3,0
600,110099,4,0
600,110503,5,0
600,110064,6,0
600,110065,7,0
600,110128,8,0
600,110129,9,0
600,110130,10,0
600,110131,11,0
600,110132,12,0
600,110133,13,0
600,110134,14,0
600,110135,15,0
600,110136,16,0
600,110137,17,0
600,110138,18,0
600,110139,19,0
600,110140,20,0
600,110141,21,0
600,110142,22,0
600,110143,23,0
600,110144,24,0
600,110108,25,0
600,110109,26,0
600,110110,27,0
600,109773,28,0
600,104181,29,1
601,104181,1,0
601,109874,2,0
601,110091,3,0
601,110092,4,0
601,104999,5,0
601,110111,6,0
601,110112,7,0
601,110113,8,0
601,110114,9,0
601,110115,10,0
601,110116,11,0
601,110117,12,0
601,110118,13,0
601,110119,14,0
601,110120,15,0
601,110121,16,0
601,110122,17,0
601,110123,18,0
601,110124,19,0
601,110125,20,0
601,110127,21,0
601,110066,22,0
601,110068,23,0
601,110069,24,0
601,110070,25,1
700,110163,1,0
700,110164,2,0
700,110165,3,0
700,110166,4,0
700,110167,5,0
700,110168,6,0
700,110169,7,0
700,110170,8,0
700,110171,9,0
700,110172,10,0
700,110173,11,0
700,110174,12,0
700,110175,13,0
700,110176,14,0
700,110206,15,0
700,110157,16,0
700,110472,17,0
700,110473,18,0
700,110474,19,0
700,110475,20,0
700,110476,21,0
700,110477,22,0
700,110478,23,0
700,110479,24,0
700,110480,25,0
700,110481,26,0
700,104182,27,1
701,104182,1,0
701,110145,2,0
701,110146,3,0
701,110147,4,0
701,110148,5,0
701,110149,6,0
701,110150,7,0
701,110151,8,0
701,110152,9,0
701,110153,10,0
701,110154,11,0
701,110155,12,0
701,110156,13,0
701,104776,14,0
701,110159,15,0
701,110160,16,0
701,110161,17,0
701,110162,18,0
701,110163,19,1
800,110190,1,0
800,110191,2,0
800,110192,3,0
800,110193,4,0
800,110194,5,0
800,110195,6,0
800,110196,7,0
800,110197,8,0
800,110198,9,0
800,110199,10,0
800,110200,11,0
800,110201,12,0
800,110202,13,0
800,110203,14,0
800,110204,15,0
800,110205,16,0
800,110157,17,0
800,104193,18,0
800,104191,19,0
800,104189,20,0
800,104187,21,0
800,110137,22,0
800,110138,23,0
800,104807,24,0
800,110125,25,0
800,110127,26,0
800,110486,27,0
800,110100,28,0
800,104185,29,0
800,110071,30,1
801,110071,1,0
801,104184,2,0
801,110101,3,0
801,110064,4,0
801,110065,5,0
801,110128,6,0
801,110129,7,0
801,110130,8,0
801,110131,9,0
801,104806,10,0
801,110118,11,0
801,104186,12,0
801,104188,13,0
801,104190,14,0
801,104192,15,0
801,104776,16,0
801,110177,17,0
801,110178,18,0
801,110179,19,0
801,110180,20,0
801,110181,21,0
801,110182,22,0
801,110183,23,0
801,110184,24,0
801,110185,25,0
801,110186,26,0
801,110187,27,0
801,110188,28,0
801,110189,29,0
801,110190,30,1
900,110358,1,0
900,110359,2,0
900,110360,3,0
900,110361,4,0
900,110362,5,0
900,110421,6,0
900,110363,7,0
900,110364,8,0
900,110365,9,0
900,110366,10,0
900,110367,11,0
900,110368,12,0
900,110369,13,0
900,110370,14,0
900,110371,15,0
900,110372,16,0
900,110373,17,0
900,110374,18,0
900,110375,19,0
900,110376,20,0
900,110378,21,0
900,104050,22,0
900,110382,23,0
900,104058,24,0
900,110383,25,0
900,110384,26,0
900,110385,27,0
900,110386,28,0
900,104044,29,0
900,110387,30,0
900,110388,31,0
900,110389,32,0
900,110390,33,0
900,110391,34,0
900,110392,35,0
900,110393,36,0
900,110394,37,0
900,110395,38,0
900,110396,39,0
900,104052,40,0
900,104045,41,0
900,104160,42,0
900,110399,43,0
900,110400,44,0
900,110401,45,0
900,110402,46,0
900,110403,47,0
900,110404,48,0
900,110405,49,0
900,110406,50,0
900,110407,51,0
900,110408,52,0
900,110409,53,0
900,110410,54,0
900,110411,55,0
900,110412,56,0
900,104173,57,0
900,104169,58,0
900,110415,59,0
900,110418,60,0
900,110300,61,0
900,109925,62,1
901,110517,1,0
901,109928,2,0
901,110304,3,0
901,110307,4,0
901,110308,5,0
901,110309,6,0
901,110310,7,0
901,110311,8,0
901,110312,9,0
901,110313,10,0
901,110314,11,0
901,110315,12,0
901,110316,13,0
901,110317,14,0
901,110318,15,0
901,110319,16,0
901,110320,17,0
901,110321,18,0
901,110496,19,0
901,110322,20,0
901,104046,21,0
901,104159,22,0
901,104051,23,0
901,110325,24,0
901,110326,25,0
901,110293,26,0
901,110294,27,0
901,110295,28,0
901,110296,29,0
901,110297,30,0
901,110298,31,0
901,110299,32,0
901,110507,33,0
901,110288,34,0
901,110328,35,0
901,110329,36,0
901,110330,37,0
901,110331,38,0
901,104059,39,0
901,110335,40,0
901,104049,41,0
901,104175,42,0
901,110339,43,0
901,110340,44,0
901,110341,45,0
901,110342,46,0
901,110343,47,0
901,110344,48,0
901,110345,49,0
901,104075,50,0
901,110346,51,0
901,110347,52,0
901,110348,53,0
901,110349,54,0
901,110350,55,0
901,110351,56,0
901,110352,57,0
901,110353,58,0
901,110354,59,0
901,110355,60,0
901,110356,61,0
901,110357,62,0
901,110358,63,1
1500,109925,1,0
1500,110008,2,0
1500,110009,3,0
1500,110010,4,0
1500,104998,5,0
1500,110011,6,0
1500,110012,7,0
1500,110013,8,0
1500,110014,9,0
1500,110015,10,0
1500,110492,11,0
1500,109765,12,0
1500,104997,13,0
1500,109766,14,0
1500,109767,15,0
1500,109768,16,0
1500,109769,17,0
1500,110071,18,1
1501,110071,1,0
1501,104993,2,0
1501,110073,3,0
1501,109750,4,0
1501,109751,5,0
1501,109752,6,0
1501,104172,7,0
1501,110000,8,0
1501,104035,9,0
1501,110001,10,0
1501,110002,11,0
1501,110003,12,0
1501,110004,13,0
1501,110005,14,0
1501,110006,15,0
1501,110007,16,0
1501,109925,17,1
2000,110518,1,0
2000,109927,2,0
2000,109932,3,0
2000,109933,4,0
2000,109934,5,0
2000,109935,6,0
2000,109936,7,0
2000,109937,8,0
2000,109938,9,0
2000,109939,10,0
2000,109940,11,0
2000,109941,12,0
2000,109942,13,0
2000,109943,14,0
2000,109944,15,0
2000,109945,16,0
2000,109946,17,0
2000,109947,18,0
2000,109948,19,0
2000,109949,20,0
2000,109950,21,0
2000,109951,22,0
2000,109952,23,0
2000,109953,24,0
2000,109954,25,0
2000,109955,26,0
2000,109956,27,0
2000,109888,28,0
2000,109889,29,0
2000,109890,30,0
2000,109799,31,0
2000,109800,32,0
2000,109801,33,0
2000,104047,34,0
2000,109804,35,0
2000,109846,36,0
2000,110516,37,0
2000,109848,38,0
2000,109849,39,0
2000,109850,40,0
2000,109851,41,0
2000,109891,42,0
2000,109892,43,0
2000,109893,44,0
2000,109957,45,0
2000,109958,46,0
2000,109959,47,0
2000,109960,48,0
2000,109860,49,0
2000,109961,50,0
2000,109962,51,0
2000,109963,52,0
2000,109880,53,0
2000,109964,54,0
2000,109965,55,0
2000,109966,56,0
2000,109967,57,0
2000,109870,58,0
2000,109871,59,0
2000,109968,60,0
2000,109969,61,0
2000,109772,62,0
2000,109773,63,0
2000,104178,64,1
2001,104178,1,0
2001,109775,2,0
2001,109776,3,0
2001,109777,4,0
2001,109778,5,0
2001,109779,6,0
2001,109876,7,0
2001,109877,8,0
2001,109878,9,0
2001,109879,10,0
2001,109880,11,0
2001,109881,12,0
2001,109882,13,0
2001,109883,14,0
2001,109789,15,0
2001,109884,16,0
2001,109885,17,0
2001,109886,18,0
2001,109887,19,0
2001,109888,20,0
2001,109889,21,0
2001,109890,22,0
2001,109799,23,0
2001,109800,24,0
2001,109801,25,0
2001,104047,26,0
2001,109804,27,0
2001,109846,28,0
2001,110515,29,0
2001,109848,30,0
2001,109849,31,0
2001,109850,32,0
2001,109851,33,0
2001,109891,34,0
2001,109892,35,0
2001,109893,36,0
2001,109894,37,0
2001,109895,38,0
2001,109896,39,0
2001,109897,40,0
2001,109898,41,0
2001,109899,42,0
2001,109900,43,0
2001,109901,44,0
2001,109902,45,0
2001,109903,46,0
2001,109904,47,0
2001,109905,48,0
2001,109906,49,0
2001,109907,50,0
2001,109908,51,0
2001,109909,52,0
2001,109910,53,0
2001,109911,54,0
2001,109912,55,0
2001,109913,56,0
2001,109914,57,0
2001,109915,58,0
2001,109921,59,0
2001,109922,60,0
2001,109923,61,0
2001,110518,62,1
2500,109925,1,0
2500,104795,2,0
2500,110088,3,0
2500,104980,4,0
2500,110090,5,0
2500,110516,6,0
2500,110490,7,0
2500,110491,8,0
2500,110022,9,0
2500,104983,10,0
2500,110058,11,0
2500,110059,12,0
2500,110060,13,0
2500,110061,14,0
2500,109961,15,0
2500,109962,16,0
2500,109963,17,0
2500,109880,18,0
2500,109964,19,0
2500,109965,20,0
2500,109966,21,0
2500,109967,22,0
2500,109870,23,0
2500,109871,24,0
2500,104992,25,0
2500,104196,26,0
2500,109872,27,0
2500,104994,28,1
2501,104994,1,0
2501,104181,2,0
2501,109775,3,0
2501,109776,4,0
2501,109777,5,0
2501,109778,6,0
2501,109779,7,0
2501,109876,8,0
2501,109877,9,0
2501,109878,10,0
2501,109879,11,0
2501,109880,12,0
2501,109881,13,0
2501,109882,14,0
2501,109883,15,0
2501,110044,16,0
2501,110045,17,0
2501,110046,18,0
2501,110047,19,0
2501,104984,20,0
2501,109991,21,0
2501,109992,22,0
2501,110501,23,0
2501,109802,24,0
2501,110213,25,0
2501,110214,26,0
2501,110215,27,0
2501,104794,28,0
2501,109925,29,1
3000,110518,1,0
3000,109927,2,0
3000,110008,3,0
3000,110009,4,0
3000,110010,5,0
3000,104998,6,0
3000,110011,7,0
3000,110012,8,0
3000,110013,9,0
3000,110014,10,0
3000,110015,11,0
3000,110016,12,0
3000,110017,13,0
3000,110018,14,0
3000,110019,15,0
3000,110020,16,0
3000,110021,17,0
3000,110501,18,0
3000,110489,19,0
3000,110090,20,0
3000,110511,21,0
3000,110490,22,0
3000,109993,23,0
3000,109994,24,0
3000,109995,25,0
3000,110459,26,0
3000,110460,27,0
3000,110461,28,0
3000,110462,29,0
3000,110463,30,0
3000,110464,31,0
3000,104972,32,0
3000,104975,33,0
3000,104987,34,0
3000,104988,35,0
3000,110025,36,0
3000,110026,37,0
3000,110027,38,0
3000,110029,39,0
3000,110030,40,0
3000,110031,41,0
3000,110032,42,0
3000,110033,43,0
3000,110034,44,0
3000,110035,45,0
3000,110036,46,0
3000,110037,47,0
3000,110038,48,0
3000,110039,49,0
3000,110040,50,0
3000,110041,51,0
3000,110042,52,0
3000,109968,53,0
3000,109969,54,0
3000,109772,55,0
3000,109773,56,0
3000,104179,57,1
3001,104179,1,0
3001,109775,2,0
3001,109776,3,0
3001,109972,4,0
3001,109973,5,0
3001,109974,6,0
3001,109975,7,0
3001,109976,8,0
3001,109977,9,0
3001,109978,10,0
3001,109979,11,0
3001,109980,12,0
3001,109981,13,0
3001,109982,14,0
3001,109983,15,0
3001,109984,16,0
3001,109985,17,0
3001,109987,18,0
3001,109988,19,0
3001,109989,20,0
3001,104989,21,0
3001,104986,22,0
3001,104974,23,0
3001,104973,24,0
3001,110081,25,0
3001,110082,26,0
3001,110083,27,0
3001,110084,28,0
3001,110085,29,0
3001,110086,30,0
3001,109996,31,0
3001,109997,32,0
3001,110087,33,0
3001,110088,34,0
3001,104980,35,0
3001,110090,36,0
3001,110513,37,0
3001,110490,38,0
3001,109993,39,0
3001,109994,40,0
3001,109995,41,0
3001,109998,42,0
3001,109999,43,0
3001,110000,44,0
3001,104035,45,0
3001,110001,46,0
3001,110002,47,0
3001,110003,48,0
3001,110004,49,0
3001,110005,50,0
3001,110006,51,0
3001,110007,52,0
3001,110517,53,1
3100,110226,1,0
3100,110228,2,0
3100,110223,3,0
3100,104976,4,0
3100,104981,5,0
3100,104982,6,0
3100,110229,7,0
3100,110230,8,0
3100,110231,9,0
3100,110232,10,0
3100,110233,11,0
3100,110234,12,0
3100,110235,13,0
3100,110236,14,0
3100,110237,15,0
3100,110238,16,0
3100,109825,17,0
3100,110300,18,0
3100,109925,19,1
3101,109925,1,0
3101,110216,2,0
3101,110217,3,0
3101,110218,4,0
3101,110219,5,0
3101,110220,6,0
3101,110221,7,0
3101,110222,8,0
3101,110224,9,0
3101,110225,10,0
3101,110226,11,1
4000,109926,1,0
4000,109928,2,0
4000,109826,3,0
4000,109827,4,0
4000,109828,5,0
4000,109829,6,0
4000,109830,7,0
4000,109831,8,0
4000,109832,9,0
4000,109833,10,0
4000,109834,11,0
4000,109836,12,0
4000,109837,13,0
4000,109838,14,0
4000,109839,15,0
4000,110451,16,0
4000,110452,17,0
4000,110453,18,0
4000,110454,19,0
4000,104174,20,0
4000,110456,21,0
4000,109845,22,0
4000,109846,23,0
4000,109847,24,0
4000,110490,25,0
4000,110491,26,0
4000,110022,27,0
4000,110023,28,0
4000,110024,29,0
4000,110465,30,0
4000,110466,31,0
4000,110467,32,0
4000,110468,33,0
4000,110469,34,0
4000,110038,35,0
4000,110500,36,0
4000,110498,37,0
4000,109768,38,0
4000,109769,39,0
4000,110519,40,0
4000,110482,41,0
4000,110483,42,0
4000,110484,43,0
4000,110485,44,0
4000,110486,45,0
4000,110487,46,0
4000,110488,47,0
4000,109971,48,0
4000,109771,49,0
4000,110505,50,0
4000,104196,51,0
4000,109872,52,0
4000,109873,53,1
4001,109873,1,0
4001,109874,2,0
4001,109875,3,0
4001,104979,4,0
4001,110063,5,0
4001,110064,6,0
4001,110065,7,0
4001,110066,8,0
4001,110068,9,0
4001,110069,10,0
4001,110519,11,0
4001,104996,12,0
4001,110072,13,0
4001,110073,14,0
4001,110074,15,0
4001,110075,16,0
4001,109977,17,0
4001,110076,18,0
4001,110077,19,0
4001,110078,20,0
4001,110079,21,0
4001,110080,22,0
4001,109990,23,0
4001,109991,24,0
4001,109992,25,0
4001,110501,26,0
4001,110489,27,0
4001,110090,28,0
4001,110514,29,0
4001,109848,30,0
4001,109849,31,0
4001,110444,32,0
4001,110445,33,0
4001,110446,34,0
4001,110447,35,0
4001,110449,36,0
4001,110450,37,0
4001,109811,38,0
4001,109812,39,0
4001,109813,40,0
4001,109814,41,0
4001,109815,42,0
4001,109816,43,0
4001,109817,44,0
4001,109818,45,0
4001,109819,46,0
4001,109820,47,0
4001,109821,48,0
4001,109823,49,0
4001,109824,50,0
4001,109825,51,0
4001,110300,52,0
4001,110518,53,1
7000,104033,1,0
7000,106148,2,0
7000,106131,3,0
7000,108329,4,0
7000,108327,5,0
7000,104985,6,0
7000,104775,7,0
7000,110157,8,0
7000,104180,9,1
7001,104180,1,0
7001,104776,2,0
7001,104775,3,0
7001,104985,4,0
7001,108327,5,0
7001,108329,6,0
7001,108229,7,0
7001,136034,8,0
7001,104033,9,1
7200,110512,1,0
7200,109848,2,0
7200,109849,3,0
7200,109850,4,0
7200,109851,5,0
7200,109852,6,0
7200,109853,7,0
7200,109854,8,0
7200,109855,9,0
7200,109856,10,0
7200,109857,11,0
7200,109858,12,0
7200,109859,13,0
7200,110212,14,0
7200,110211,15,0
7200,109860,16,0
7200,109861,17,0
7200,109862,18,0
7200,109863,19,0
7200,109864,20,0
7200,109865,21,0
7200,109866,22,0
7200,109867,23,0
7200,109868,24,0
7200,109869,25,0
7200,110208,26,0
7200,109968,27,0
7200,109969,28,0
7200,109772,29,0
7200,109773,30,0
7200,104177,31,1
7201,104177,1,0
7201,109775,2,0
7201,109776,3,0
7201,109777,4,0
7201,110470,5,0
7201,110471,6,0
7201,109780,7,0
7201,109781,8,0
7201,109782,9,0
7201,109783,10,0
7201,109784,11,0
7201,109785,12,0
7201,109786,13,0
7201,109787,14,0
7201,109788,15,0
7201,109789,16,0
7201,109790,17,0
7201,109791,18,0
7201,109792,19,0
7201,109793,20,0
7201,109794,21,0
7201,109795,22,0
7201,109796,23,0
7201,109797,24,0
7201,109798,25,0
7201,109799,26,0
7201,109800,27,0
7201,109801,28,0
7201,104047,29,0
7201,109804,30,0
7201,109846,31,0
7201,110516,32,1
7800,104775,1,0
7800,104194,2,0
7800,104796,3,0
7800,110157,4,0
7800,109873,5,1
7801,109873,1,0
7801,104776,2,0
7801,104195,3,0
7801,104199,4,0
7801,104288,5,0
7801,104771,6,0
7801,104772,7,0
7801,104773,8,0
7801,104774,9,0
7801,104775,10,1
8800,104168,1,0
8800,104057,2,0
8800,110267,3,0
8800,110382,4,0
8800,104036,5,0
8800,104038,6,0
8800,104040,7,0
8800,104042,8,0
8800,110271,9,0
8800,110272,10,0
8800,110273,11,0
8800,110274,12,0
8800,110275,13,0
8800,110276,14,0
8800,110277,15,0
8800,110506,16,0
8800,110278,17,0
8800,110279,18,0
8800,110280,19,0
8800,110281,20,0
8800,110282,21,0
8800,104990,22,0
8800,110283,23,0
8800,104167,24,0
8800,110284,25,0
8800,110285,26,0
8800,110286,27,0
8800,110287,28,0
8800,110288,29,0
8800,110289,30,0
8800,110290,31,0
8800,110291,32,0
8800,110292,33,0
8800,110293,34,0
8800,110294,35,0
8800,110295,36,0
8800,110296,37,0
8800,110297,38,0
8800,110298,39,0
8800,110299,40,1
8801,110299,1,0
8801,110507,2,0
8801,110430,3,0
8801,110431,4,0
8801,110432,5,0
8801,110433,6,0
8801,110434,7,0
8801,104167,8,0
8801,110435,9,0
8801,104991,10,0
8801,110436,11,0
8801,110437,12,0
8801,110438,13,0
8801,110439,14,0
8801,110440,15,0
8801,110441,16,0
8801,110442,17,0
8801,110443,18,0
8801,110422,19,0
8801,110423,20,0
8801,110424,21,0
8801,110425,22,0
8801,110426,23,0
8801,110427,24,0
8801,104043,25,0
8801,104041,26,0
8801,104039,27,0
8801,104037,28,0
8801,104058,29,0
8801,104168,30,1
9200,109920,1,0
9200,109935,2,0
9200,109936,3,0
9200,109937,4,0
9200,109938,5,0
9200,109939,6,0
9200,109940,7,0
9200,109941,8,0
9200,109942,9,0
9200,109943,10,0
9200,109944,11,0
9200,109945,12,0
9200,109946,13,0
9200,109947,14,0
9200,109948,15,0
9200,109949,16,0
9200,109950,17,0
9200,109951,18,0
9200,109952,19,0
9200,109953,20,0
9200,109954,21,0
9200,109955,22,0
9200,109956,23,0
9200,109888,24,0
9200,109889,25,0
9200,109890,26,0
9200,109799,27,0
9200,109800,28,0
9200,109801,29,0
9200,109802,30,1
9701,110358,1,0
9701,104022,2,0
9701,104023,3,0
9701,104024,4,0
9701,104026,5,0
9701,104158,6,0
9701,104171,7,0
9701,104028,8,0
9701,104029,9,0
9701,104060,10,0
9701,104061,11,0
9701,104062,12,0
9701,104063,13,0
9701,104064,14,0
9701,104065,15,0
9701,104066,16,0
9701,104067,17,0
9701,104068,18,0
9701,110375,19,0
9701,110376,20,0
9701,104076,21,0
9701,104077,22,0
9701,104078,23,0
9701,104079,24,0
9701,104080,25,0
9701,104113,26,0
9701,104115,27,0
9701,104116,28,0
9701,104118,29,0
9701,104119,30,0
9701,104120,31,0
9701,104121,32,0
9701,104122,33,0
9701,104123,34,0
9701,104124,35,0
9701,104125,36,0
9701,104127,37,0
9701,110350,38,0
9701,110351,39,0
9701,110352,40,0
9701,110353,41,0
9701,110354,42,0
9701,104156,43,0
9801,110358,1,0
9801,110359,2,0
9801,104130,3,0
9801,104131,4,0
9801,104132,5,0
9801,104133,6,0
9801,104134,7,0
9801,104135,8,0
9801,104136,9,0
9801,104137,10,0
9801,104148,11,0
9801,104139,12,0
9801,104140,13,0
9801,104141,14,0
9801,104142,15,0
9801,104143,16,0
9801,104144,17,0
9801,104145,18,0
9801,104146,19,0
9801,104147,20,0
9801,104138,21,0
9801,104149,22,0
9801,104150,23,0
9801,104157,24,0
9801,104151,25,0
9801,104152,26,0
9801,104153,27,0
9801,104154,28,0
9801,104155,29,0
9801,104156,30,0
9900,104056,1,0
9900,104055,2,0
9900,104054,3,0
9900,104053,4,0
9900,104165,5,0
9900,104162,6,0
9900,104166,7,0
9900,110354,8,0
9900,110355,9,0
9900,110356,10,0
9900,110357,11,0
9900,110358,12,1
9901,110358,1,0
9901,110359,2,0
9901,110360,3,0
9901,110361,4,0
9901,110362,5,0
9901,110421,6,0
9901,104141,7,0
9901,104142,8,0
9901,104143,9,0
9901,104144,10,0
9901,104145,11,0
9901,104146,12,0
9901,104048,13,0
9901,104162,14,0
9901,104161,15,0
9901,104163,16,0
9901,104164,17,0
9901,104055,18,0
9901,104056,19,1
1001500,109925,1,0
1001500,110008,2,0
1001500,110009,3,0
1001500,110010,4,0
1001500,104998,5,0
1001500,110011,6,0
1001500,110012,7,0
1001500,110013,8,0
1001500,110014,9,0
1001500,110015,10,0
1001500,110492,11,0
1001500,110261,12,0
1001500,110265,13,0
1001500,110266,14,0
1001500,109763,15,0
1001500,109764,16,0
1001500,109765,17,0
1001500,104997,18,0
1001500,109766,19,0
1001500,109767,20,0
1001500,109768,21,0
1001500,109769,22,0
1001500,110071,23,1
1001501,110071,1,0
1001501,104993,2,0
1001501,110073,3,0
1001501,109750,4,0
1001501,109751,5,0
1001501,109752,6,0
1001501,104172,7,0
1001501,109754,8,0
1001501,104011,9,0
1001501,110255,10,0
1001501,110256,11,0
1001501,110260,12,0
1001501,110000,13,0
1001501,104035,14,0
1001501,110001,15,0
1001501,110002,16,0
1001501,110003,17,0
1001501,110004,18,0
1001501,110005,19,0
1001501,110006,20,0
1001501,110007,21,0
1001501,109925,22,1
1002000,110518,1,0
1002000,109928,2,0
1002000,109826,3,0
1002000,109827,4,0
1002000,109828,5,0
1002000,109829,6,0
1002000,109929,7,0
1002000,109930,8,0
1002000,109931,9,0
1002000,109919,10,0
1002000,109920,11,0
1002000,109935,12,0
1002000,109936,13,0
1002000,109937,14,0
1002000,109938,15,0
1002000,109939,16,0
1002000,109940,17,0
1002000,109941,18,0
1002000,109942,19,0
1002000,109943,20,0
1002000,109944,21,0
1002000,109945,22,0
1002000,109946,23,0
1002000,109947,24,0
1002000,109948,25,0
1002000,109949,26,0
1002000,109950,27,0
1002000,109951,28,0
1002000,109952,29,0
1002000,109953,30,0
1002000,109954,31,0
1002000,109955,32,0
1002000,109956,33,0
1002000,109888,34,0
1002000,109889,35,0
1002000,109890,36,0
1002000,109799,37,0
1002000,109800,38,0
1002000,109801,39,0
1002000,104047,40,0
1002000,109804,41,0
1002000,109846,42,0
1002000,110516,43,0
1002000,109848,44,0
1002000,109849,45,0
1002000,109850,46,0
1002000,109851,47,0
1002000,109891,48,0
1002000,109892,49,0
1002000,109893,50,0
1002000,109957,51,0
1002000,109958,52,0
1002000,109959,53,0
1002000,109960,54,0
1002000,109860,55,0
1002000,109961,56,0
1002000,109962,57,0
1002000,109963,58,0
1002000,109880,59,0
1002000,109964,60,0
1002000,109965,61,0
1002000,109966,62,0
1002000,109967,63,0
1002000,109870,64,0
1002000,109871,65,0
1002000,109968,66,0
1002000,109969,67,0
1002000,109772,68,0
1002000,109773,69,0
1002000,104178,70,1
1002001,104178,1,0
1002001,109775,2,0
1002001,109776,3,0
1002001,109777,4,0
1002001,109778,5,0
1002001,109779,6,0
1002001,109876,7,0
1002001,109877,8,0
1002001,109878,9,0
1002001,109879,10,0
1002001,109880,11,0
1002001,109881,12,0
1002001,109882,13,0
1002001,109883,14,0
1002001,109789,15,0
1002001,109884,16,0
1002001,109885,17,0
1002001,109886,18,0
1002001,109887,19,0
1002001,109888,20,0
1002001,109889,21,0
1002001,109890,22,0
1002001,109799,23,0
1002001,109800,24,0
1002001,109801,25,0
1002001,104047,26,0
1002001,109804,27,0
1002001,109846,28,0
1002001,110515,29,0
1002001,109848,30,0
1002001,109849,31,0
1002001,109850,32,0
1002001,109851,33,0
1002001,109891,34,0
1002001,109892,35,0
1002001,109893,36,0
1002001,109894,37,0
1002001,109895,38,0
1002001,109896,39,0
1002001,109897,40,0
1002001,109898,41,0
1002001,109899,42,0
1002001,109900,43,0
1002001,109901,44,0
1002001,109902,45,0
1002001,109903,46,0
1002001,109904,47,0
1002001,109905,48,0
1002001,109906,49,0
1002001,109907,50,0
1002001,109908,51,0
1002001,109909,52,0
1002001,109910,53,0
1002001,109911,54,0
1002001,109912,55,0
1002001,109913,56,0
1002001,109914,57,0
1002001,109915,58,0
1002001,109916,59,0
1002001,109917,60,0
1002001,109918,61,0
1002001,110504,62,0
1002001,109821,63,0
1002001,109823,64,0
1002001,109824,65,0
1002001,109825,66,0
1002001,110300,67,0
1002001,110518,68,1
