7201,'4327',1020,,3396,11,,,0,116,,3397,11,,,0,219,,3399,11,,,0,147,,3400,11,,,0,111,,3401,11,,,0,106,,3402,11,,,0,110,,3393,11,,,0
7201,'4332',723,,3405,11,,,0,206,,4968,11,,,0,111,,4970,11,,,0,110,,4969,11,,,0,150,,3414,11,,,0,110,,3417,11,,,0,43,,3418,11,,,0,67,,3419,11,,,0,187,,3421,11,,,0,32,,4971,11,,,0,75,,4972,11,,,0,110,,4974,11,,,0,96,,4973,11,,,0,122,,3409,11,,,0,200,,3411,11,,,0
7201,'4480',717,,3387,11,,,0,37,,3385,11,,,0,75,,3386,11,,,0,185,,4956,11,,,0,111,,4955,11,,,0,75,,3371,11,,,0,255,,3375,11,,,0,150,,4959,11,,,0,219,,3380,11,,,0,110,,4962,11,,,0,105,,4963,11,,,0,100,,3381,11,,,0
7201,'4661',1715,,3388,11,,,0
7201,'4663',1715,,3389,11,,,0
7201,'4673',2238,,4964,11,,,0,100,,4965,11,,,0
7201,'5241',2238,,4966,11,,,0,100,,4967,11,,,0
7201,'5302',756,,4954,11,,,0,153,,3394,11,,,0,331,,3395,11,,,0,704,,3398,11,,,0
7201,'5303',904,,3365,11,,,0,35,,3366,11,,,0,111,,3370,11,,,0,185,,4957,11,,,0,75,,3372,11,,,0,35,,4958,11,,,0,75,,3374,11,,,0,110,,3376,11,,,0,110,,4960,11,,,0,109,,4961,11,,,0,110,,3382,11,,,0
7201,'5304',904,,5677,11,,,0,35,,5678,11,,,0,111,,5680,11,,,0,185,,5679,11,,,0,75,,5681,11,,,0,35,,5682,11,,,0,75,,5683,11,,,0,110,,5684,11,,,0,110,,5685,11,,,0,109,,5686,11,,,0,110,,5687,11,,,0
7201,'5306',833,,5688,11,,,0,174,,5690,11,,,0,108,,5691,11,,,0,110,,5692,11,,,0,118,,5694,11,,,0,260,,5695,11,,,0,27,,5689,11,,,0,219,,5696,11,,,0,393,,5693,11,,,0
7201,'5307',756,,5697,11,,,0,153,,5698,11,,,0,331,,5699,11,,,0,704,,5700,11,,,0
