101,'4327',753,,3695,4,,,0,70,,3698,4,,,0,30,,2136,4,,,0,68,,3696,4,,,0,32,,2144,4,,,0,72,,3694,4,,,0,31,,3699,4,,,0,73,,2145,4,,,0,28,,2126,4,,,0,70,,3692,4,,,0,30,,3700,4,,,0,70,,3702,4,,,0,30,,3701,4,,,0,70,,2125,4,,,0,30,,3697,4,,,0,70,,3693,4,,,0,30,,3691,4,,,0,70,,2127,4,,,0,30,,2134,4,,,0,70,,3690,4,,,0,30,,3703,4,,,0,70,,2148,4,,,0,30,,2140,4,,,0,69,,2124,4,,,0,30,,2141,4,,,0,70,,2150,4,,,0,81,,2139,4,,,0
101,'4332',707,,2163,4,,,0,30,,3724,4,,,0,70,,2165,4,,,0,27,,3714,4,,,0,73,,3708,4,,,0,22,,3706,4,,,0,80,,3716,4,,,0,28,,3711,4,,,0,69,,2151,4,,,0,31,,2154,4,,,0,68,,3718,4,,,0,32,,2167,4,,,0,71,,3707,4,,,0,30,,2177,4,,,0,70,,3713,4,,,0,30,,2157,4,,,0,70,,3719,4,,,0,30,,2173,4,,,0,70,,3704,4,,,0,33,,3710,4,,,0,67,,3705,4,,,0,30,,2166,4,,,0,70,,3720,4,,,0,30,,3721,4,,,0,70,,3712,4,,,0,30,,3715,4,,,0,69,,2159,4,,,0,32,,3722,4,,,0,68,,2153,4,,,0,37,,2183,4,,,0,63,,3717,4,,,0,30,,2184,4,,,0,69,,3723,4,,,0,31,,3709,4,,,0,80,,2175,4,,,0
101,'4480',632,,3738,4,,,0,71,,3737,4,,,0,19,,2113,4,,,0,20,,2107,4,,,0,61,,3739,4,,,0,19,,2112,4,,,0,17,,3735,4,,,0,65,,3734,4,,,0,32,,2102,4,,,0,72,,3731,4,,,0,25,,2104,4,,,0,70,,2091,4,,,0,26,,3733,4,,,0,74,,2092,4,,,0,34,,2099,4,,,0,66,,2120,4,,,0,33,,2098,4,,,0,67,,3729,4,,,0,33,,2097,4,,,0,15,,3742,4,,,0,60,,2093,4,,,0,25,,2080,4,,,0,17,,3736,4,,,0,61,,2082,4,,,0,22,,2090,4,,,0,17,,3727,4,,,0,60,,3730,4,,,0,25,,2094,4,,,0,15,,3743,4,,,0,58,,3732,4,,,0,32,,2085,4,,,0,95,,2086,4,,,0,70,,2114,4,,,0,30,,2087,4,,,0,70,,2116,4,,,0,30,,3728,4,,,0,70,,3740,4,,,0,30,,2089,4,,,0,69,,3741,4,,,0,32,,2084,4,,,0,85,,2083,4,,,0
101,'4663',1908,,3725,4,,,0
101,'4673',1908,,3744,4,,,0
101,'4681',1908,,3726,4,,,0
2001,'4327',903,,2784,4,,,0,226,,2786,4,,,0,219,,2785,4,,,0,209,,2787,4,,,0,266,,2788,4,,,0
2001,'4332',913,,2795,4,,,0,88,,2799,4,,,0,105,,3980,4,,,0,127,,2789,4,,,0,115,,3981,4,,,0,102,,2792,4,,,0,107,,2797,4,,,0,144,,2793,4,,,0,111,,2790,4,,,0,324,,2794,4,0,9 10 11,0,200,,3979,4,0,9 10 11,0
2001,'4480',642,,3987,4,,,0,86,,3988,4,0,9 10 11,0,31,,2777,4,0,9 10 11,0,145,,2766,4,,,0,109,,3982,4,,,0,110,,3983,4,,,0,110,,3984,4,,,0,220,,3985,4,0,9 10 11,0,150,,2771,4,,,0,110,,2772,4,,,0,220,,3986,4,,,0,404,,2774,4,0,9 10 11,0
2001,'4663',1819,,2778,4,0,9 10 11,0,319,,2779,4,0,9 10 11,0
2001,'4673',1819,,2780,4,0,9 10 11,0,319,,2781,4,0,9 10 11,0
2001,'4681',1819,,2782,4,0,9 10 11,0,319,,2783,4,0,9 10 11,0
2501,'4327',818,,3997,4,,,0,220,,3998,5,,,0,215,,2823,5,,,0,505,,2824,4,,,0,270,,2825,5,,,0
2501,'4332',818,,4000,4,,,0,220,,4002,5,,,0,215,,4001,5,,,0,505,,4003,4,,,0,270,,3999,5,,,0
2501,'4480',822,,2815,4,,,0,216,,2816,5,,,0,217,,4005,4,,,0,174,,4006,5,,,0,373,,2819,5,,,0
2501,'4673',2027,,4007,4,,,0
2501,'5135',2027,,4004,4,,,0
7201,'4327',751,,4297,4,,,0,152,,3394,4,,,0,111,,3396,4,,,0,115,,3397,4,,,0,104,,3395,4,,,0,115,,3399,4,,,0,107,,3400,4,,,0,151,,3401,4,,,0,106,,3402,4,,,0,111,,3393,4,,,0,115,,3398,4,,,0
7201,'4332',718,,3405,4,,,0,110,,3403,4,,,0,95,,4300,4,,,0,78,,4298,4,,,0,32,,4302,4,,,0,75,,3407,4,,,0,35,,4301,4,,,0,75,,3408,4,,,0,35,,3414,4,,,0,83,,3416,4,,,0,67,,3417,4,,,0,43,,3418,4,,,0,67,,3419,4,,,0,43,,3420,4,,,0,67,,3404,4,,,0,77,,3421,4,,,0,33,,4303,4,,,0,75,,4304,4,,,0,35,,3424,4,,,0,75,,4306,4,,,0,97,,4305,4,,,0,122,,3409,4,,,0,100,,4299,4,,,0,100,,3411,4,,,0
7201,'4480',712,,3387,4,,,0,36,,3385,4,,,0,75,,3386,4,,,0,34,,3365,4,,,0,77,,3366,4,,,0,74,,4310,4,,,0,36,,3370,4,,,0,75,,4309,4,,,0,35,,3371,4,,,0,75,,4311,4,,,0,75,,3372,4,,,0,35,,4312,4,,,0,75,,3374,4,,,0,35,,3375,4,,,0,75,,3376,4,,,0,35,,4313,4,,,0,75,,4314,4,,,0,109,,4315,4,,,0,75,,3380,4,,,0,36,,3382,4,,,0,75,,4316,4,,,0,105,,4317,4,,,0,100,,3381,4,,,0
7201,'4661',1709,,3388,4,,,0
7201,'4663',1709,,3389,4,,,0
7201,'4673',2234,,4318,4,,,0,100,,4319,4,,,0
7201,'5135',2234,,4307,4,,,0,100,,4308,4,,,0
1002001,'4327',750,,3630,4,,,0,251,,3629,4,,,0,232,,4350,4,,,0,222,,4351,4,,,0,258,,3626,4,,,0,305,,3628,4,,,0
1002001,'4332',714,,4353,4,,,0,113,,4354,4,,,0,111,,3631,4,,,0,111,,4352,4,,,0,103,,4360,4,,,0,156,,4359,4,,,0,110,,3632,4,,,0,104,,4356,4,,,0,117,,3633,4,,,0,109,,4357,4,,,0,164,,4355,4,,,0,103,,4361,4,,,0,219,,4358,4,,,0
1002001,'4480',717,,4362,4,,,0,111,,4363,4,,,0,94,,4364,4,,,0,126,,3614,4,,,0,110,,4365,4,,,0,150,,3616,4,,,0,35,,3617,4,,,0,75,,4366,4,,,0,110,,3619,4,,,0,110,,4367,4,,,0,112,,4368,4,,,0,108,,3622,4,,,0,178,,4369,4,,,0,201,,3624,4,,,0
