3101,'4327',946,,3019,5,,,0,160,,4725,5,,,0,130,,3020,5,,,0,165,,4724,5,,,0,130,,3026,5,,,0,425,,3024,5,,,0
3101,'4332',732,,3031,5,,,0,375,,3036,5,,,0,330,,3027,5,,,0,100,,3028,5,,,0,100,,3033,5,,,0,200,,4736,5,,,0
3101,'4480',833,,3004,5,,,0,90,,3005,5,,,0,109,,4726,5,,,0,100,,3008,5,,,0,100,,3009,5,,,0,100,,4727,5,,,0,100,,3007,5,,,0,98,,3011,5,,,0,102,,4728,5,,,0,100,,4729,5,,,0
3101,'4663',1937,,5567,5,,,0
3101,'4673',1937,,5568,5,,,0
3101,'5302',821,,3023,5,,,0,830,,3018,5,,,0,166,,3021,5,,,0
3101,'5303',627,,3002,5,,,0,94,,3003,5,,,0,1116,,4730,5,,,0,100,,4733,5,,,0
3101,'5304',627,,5569,5,,,0,94,,5570,5,,,0,1116,,5571,5,,,0
3101,'5306',837,,5575,5,,,0,98,,5576,5,,,0,302,,5572,5,,,0,100,,5574,5,,,0,400,,5573,5,,,0
3101,'5307',821,,5579,5,,,0,830,,5577,5,,,0,166,,5578,5,,,0
3101,'5308',1937,,5580,5,,,0
