100,'4327',734,,4380,5,,,0,70,,4379,5,,,0,29,,2027,5,,,0,171,,2030,5,,,0,26,,2039,5,,,0,75,,4378,5,,,0,100,,4373,5,,,0,100,,4382,5,,,0,30,,2019,5,,,0,100,,4377,5,,,0,100,,4376,5,,,0,170,,4372,5,,,0,30,,4370,5,,,0,169,,2034,5,,,0,30,,2020,5,,,0,70,,2044,5,,,0,30,,2035,5,,,0,70,,2045,5,,,0,35,,2029,5,,,0
100,'4332',645,,4400,5,,,0,400,,2063,5,,,0,71,,4401,5,,,0,200,,2066,5,,,0,100,,2052,5,,,0,30,,4397,5,,,0,100,,4396,5,,,0,73,,2055,5,,,0,227,,4402,5,,,0,99,,2069,5,,,0,98,,2047,5,,,0,72,,2075,5,,,0,99,,2048,5,,,0,105,,2070,5,,,0
100,'4480',642,,4391,5,,,0,14,,2012,5,,,0,100,,2000,5,,,0,99,,1997,5,,,0,60,,4389,5,,,0,32,,4386,5,,,0,65,,1996,5,,,0,30,,4385,5,,,0,65,,2002,5,,,0,34,,1984,5,,,0,73,,1993,5,,,0,26,,1986,5,,,0,73,,1995,5,,,0,27,,2014,5,,,0,72,,1990,5,,,0,27,,1987,5,,,0,73,,1991,5,,,0,38,,1989,5,,,0,62,,1974,5,,,0,38,,1976,5,,,0,65,,1985,5,,,0,15,,4395,5,,,0,19,,4387,5,,,0,69,,1979,5,,,0,29,,4392,5,,,0,70,,1982,5,,,0,30,,4393,5,,,0,70,,1980,5,,,0,30,,2009,5,,,0,97,,2010,5,,,0,74,,1981,5,,,0,104,,1977,5,,,0,85,,1988,5,,,0
100,'4661',1629,,2015,5,,,0
100,'4663',1629,,2016,5,,,0
100,'5302',901,,4375,5,,,0,31,,2017,5,,,0,203,,2040,5,,,0,100,,4374,5,,,0,170,,4381,5,,,0,100,,2022,5,,,0,100,,2031,5,,,0,30,,4383,5,,,0,169,,4371,5,,,0,29,,2043,5,,,0
100,'5303',614,,2005,5,,,0,104,,2006,5,,,0,19,,4390,5,,,0,81,,2004,5,,,0,18,,4388,5,,,0,693,,4384,5,,,0,589,,1978,5,,,0,130,,4394,5,,,0
100,'5304',614,,5023,5,,,0,104,,5024,5,,,0,19,,5021,5,,,0,81,,5022,5,,,0,18,,5020,5,,,0,693,,5018,5,,,0,589,,5019,5,,,0,130,,5025,5,,,0
100,'5306',715,,5045,5,,,0,30,,5031,5,,,0,70,,5034,5,,,0,30,,5036,5,,,0,63,,5040,5,,,0,37,,5028,5,,,0,71,,5029,5,,,0,127,,5030,5,,,0,71,,5027,5,,,0,29,,5038,5,,,0,103,,5037,5,,,0,170,,5039,5,,,0,130,,5035,5,,,0,70,,5032,5,,,0,26,,5026,5,,,0,74,,5033,5,,,0,100,,5044,5,,,0,99,,5043,5,,,0,130,,5041,5,,,0,99,,5042,5,,,0
100,'5307',901,,5050,5,,,0,31,,5046,5,,,0,203,,5053,5,,,0,100,,5049,5,,,0,170,,5052,5,,,0,100,,5048,5,,,0,100,,5051,5,,,0,30,,5054,5,,,0,169,,5047,5,,,0,29,,5055,5,,,0
2500,'4327',958,,4662,4,,,0,255,,2807,4,,,0
2500,'4332',1728,,4666,4,0,5,0
2500,'4480',751,,2800,4,0,5,0,207,,2801,4,,,0,265,,2802,4,0,5,0,125,,4663,4,,,0
2500,'5302',748,,4661,4,0,5,0,980,,2808,4,0,5,0,220,,2809,4,,,0
2500,'5303',1722,,2804,4,,,0
2500,'5304',1722,,5491,4,,,0
2500,'5306',748,,5493,4,0,5,0,210,,5495,4,,,0,255,,5494,4,,,0,735,,5492,4,,,0
2500,'5307',748,,5496,4,0,5,0,980,,5497,4,0,5,0,220,,5498,4,,,0
3001,'4327',825,,2937,35,,,0,382,,2940,35,,,0,220,,2941,35,,,0,220,,2933,35,,,0,253,,4691,35,,,0,115,,2936,35,,,0
3001,'4332',908,,2952,35,,,0,37,,4706,35,,,0,113,,2951,35,,,0,298,,2943,35,,,0,146,,2950,35,,,0,147,,4704,35,,,0,108,,4702,35,,,0,149,,2947,35,,,0,35,,2949,35,,,0,108,,4708,35,,,0
3001,'4480',649,,4698,35,,,0,86,,4697,35,,,0,79,,2922,35,,,0,18,,2924,35,,,0,16,,2921,35,,,0,58,,2925,35,,,0,51,,2900,35,,,0,75,,2901,35,,,0,75,,2902,35,,,0,35,,2903,35,,,0,76,,2904,35,,,0,35,,2906,35,,,0,75,,2907,35,,,0,76,,2908,35,,,0,35,,4695,35,,,0,76,,2909,35,,,0,37,,2910,35,,,0,148,,2911,35,,,0,108,,2913,35,,,0,109,,2915,35,,,0,35,,2917,35,,,0,405,,2919,35,,,0
3001,'4663',1626,,5524,35,,,0,574,,5525,35,,,0
3001,'4673',2200,,5526,35,,,0
3001,'5302',946,,4692,35,,,0,110,,2931,35,,,0,261,,4693,35,,,0,222,,4694,35,,,0,218,,2935,35,,,0
3001,'5303',923,,2899,35,,,0,703,,2926,35,,,0,108,,2912,35,,,0,108,,2914,35,,,0,258,,2918,35,,,0,100,,4701,35,,,0,57,,4696,35,,,0
3001,'5304',923,,5527,35,,,0,811,,5528,35,,,0,108,,5529,35,,,0,258,,5531,35,,,0,157,,5530,35,,,0
3001,'5305',1626,,5532,35,,,0
3001,'5306',800,,5541,35,,,0,221,,5537,35,,,0,112,,5538,35,,,0,76,,5534,35,,,0,36,,5543,35,,,0,75,,5544,35,,,0,111,,5535,35,,,0,108,,5540,35,,,0,75,,5539,35,,,0,108,,5546,35,,,0,110,,5545,35,,,0,326,,5533,35,,,0,100,,5542,35,,,0,101,,5536,35,,,0
3001,'5307',946,,5548,35,,,0,110,,5547,35,,,0,261,,5550,35,,,0,222,,5551,35,,,0,218,,5549,35,,,0
3001,'5308',2200,,5552,35,,,0
