3001,'4327',836,,2937,45,,,0,382,,2940,45,,,0,220,,2941,45,,,0,219,,2933,45,,,0,253,,4691,45,,,0,115,,2936,45,,,0
3001,'4332',918,,2952,45,,,0,37,,4706,45,,,0,153,,2951,45,,,0,299,,2943,45,,,0,106,,2950,45,,,0,146,,4704,45,,,0,148,,4702,45,,,0,109,,2947,45,,,0,35,,2949,45,,,0,108,,4708,45,,,0
3001,'4480',658,,4698,45,,,0,87,,4697,45,,,0,79,,2922,45,,,0,18,,2924,45,,,0,16,,2921,45,,,0,57,,2925,45,,,0,92,,2900,45,,,0,35,,2901,45,,,0,75,,2902,45,,,0,35,,2903,45,,,0,76,,2904,45,,,0,75,,2906,45,,,0,35,,2907,45,,,0,76,,2908,45,,,0,36,,4695,45,,,0,76,,2909,45,,,0,77,,2910,45,,,0,107,,2911,45,,,0,108,,2913,45,,,0,108,,2915,45,,,0,75,,2917,45,,,0,405,,2919,45,,,0
3001,'4663',1637,,5524,45,,,0,572,,5525,45,,,0
3001,'4673',2209,,5526,45,,,0
3001,'5302',957,,4692,45,,,0,150,,2931,45,,,0,221,,4693,45,,,0,222,,4694,45,,,0,257,,2935,45,,,0
3001,'5303',932,,2899,45,,,0,705,,2926,45,,,0,107,,2912,45,,,0,108,,2914,45,,,0,257,,2918,45,,,0,100,,4701,45,,,0,97,,4696,45,,,0
3001,'5304',932,,5527,45,,,0,812,,5528,45,,,0,108,,5529,45,,,0,257,,5531,45,,,0,197,,5530,45,,,0
3001,'5305',1637,,5532,45,,,0
3001,'5306',810,,5541,45,,,0,221,,5537,45,,,0,112,,5538,45,,,0,77,,5534,45,,,0,36,,5543,45,,,0,75,,5544,45,,,0,111,,5535,45,,,0,108,,5540,45,,,0,75,,5539,45,,,0,107,,5546,45,,,0,110,,5545,45,,,0,366,,5533,45,,,0,100,,5542,45,,,0,101,,5536,45,,,0
3001,'5307',957,,5548,45,,,0,150,,5547,45,,,0,221,,5550,45,,,0,222,,5551,45,,,0,257,,5549,45,,,0
3001,'5308',2209,,5552,45,,,0
