2000,'4528',620,,8044,47,,,0,108,,8045,47,,,0,108,,8046,47,,,0,64,,8033,30,,,0,109,,8034,30,,,0,110,,8035,30,,,0,119,,8036,47,,,0,101,,8037,30,,,0,78,,8038,30,,,0,110,,8039,30,,,0,76,,8040,47,,,0,221,,8041,30,,,0,189,,8042,47,,,0,203,,8043,47,,,0
2000,'4532',823,,8056,30,,,0,112,,8055,30,,,0,100,,8057,30,,,0,118,,8047,30,,,0,148,,8048,30,,,0,111,,8050,30,,,0,111,,8051,30,,,0,111,,8049,30,,,0,103,,8053,30,,,0,216,,8052,47,,,0,258,,8058,47,,,0,102,,8054,47,,,0
2000,'4623',1722,,8059,47,,,0
2000,'5221',832,,8060,30,,,0,218,,8063,30,,,0,259,,8062,30,,,0,221,,8064,30,,,0,225,,8061,30,,,0
2000,'5222',1722,,8065,47,,,0
1002000,'4528',641,,8790,36,,,0,108,,8791,36,,,0,184,,8792,36,,,0,220,,8793,36,,,0,150,,8794,36,,,0,330,,8795,36,,,0,113,,8796,36,,,0,112,,8797,36,,,0,258,,8798,53,,,0,200,,8799,53,,,0
1002000,'4532',652,,8805,53,,,0,152,,8806,53,,,0,110,,8801,53,,,0,107,,8808,53,,,0,115,,8809,53,,,0,106,,8807,53,,,0,100,,8802,53,,,0,112,,8810,53,,,0,158,,8803,53,,,0,110,,8811,53,,,0,125,,8804,53,,,0,264,,8800,53,,,0
1002000,'4623',1043,,8812,36,,,0,416,,8813,53,,,0
1002000,'5221',728,,8818,53,,,0,218,,8815,53,,,0,210,,8814,53,,,0,272,,8819,53,,,0,218,,8816,53,,,0,277,,8817,53,,,0
1002000,'5222',1043,,8820,36,,,0,416,,8821,53,,,0
