101,'4327',806,,4411,11,,,0,30,,4414,11,,,0,70,,2136,11,,,0,28,,4412,11,,,0,105,,4410,11,,,0,204,,4408,11,,,0,100,,4418,11,,,0,70,,4417,11,,,0,30,,2125,11,,,0,100,,4409,11,,,0,69,,4407,11,,,0,99,,2134,11,,,0,29,,4406,11,,,0,70,,4419,11,,,0,30,,2148,11,,,0,70,,2140,11,,,0,29,,2124,11,,,0,70,,2141,11,,,0,30,,2150,11,,,0,81,,2139,11,,,0
101,'4332',750,,4455,11,,,0,303,,4445,11,,,0,68,,2151,11,,,0,31,,2154,11,,,0,101,,2167,11,,,0,71,,4442,11,,,0,30,,2177,11,,,0,70,,4446,11,,,0,30,,2157,11,,,0,70,,4450,11,,,0,30,,2173,11,,,0,69,,4440,11,,,0,129,,2166,11,,,0,70,,4451,11,,,0,29,,4452,11,,,0,169,,2159,11,,,0,32,,4453,11,,,0,68,,2153,11,,,0,37,,2183,11,,,0,93,,2184,11,,,0,180,,2175,11,,,0
101,'4480',645,,4431,11,,,0,91,,2113,11,,,0,100,,2112,11,,,0,17,,4428,11,,,0,65,,4427,11,,,0,33,,2102,11,,,0,72,,4424,11,,,0,25,,2104,11,,,0,71,,2091,11,,,0,26,,4426,11,,,0,74,,2092,11,,,0,34,,2099,11,,,0,66,,2120,11,,,0,33,,2098,11,,,0,67,,4422,11,,,0,33,,2097,11,,,0,77,,2093,11,,,0,23,,2080,11,,,0,78,,2082,11,,,0,22,,2090,11,,,0,57,,4420,11,,,0,20,,4423,11,,,0,24,,2094,11,,,0,55,,4436,11,,,0,17,,4425,11,,,0,32,,2085,11,,,0,93,,2086,11,,,0,70,,2114,11,,,0,30,,2087,11,,,0,70,,2116,11,,,0,30,,4421,11,,,0,100,,2089,11,,,0,101,,2084,11,,,0,83,,2083,11,,,0
101,'4663',1920,,5056,11,,,0
101,'4673',1920,,5057,11,,,0
101,'5302',1007,,2144,11,,,0,103,,4415,11,,,0,33,,2145,11,,,0,70,,2126,11,,,0,100,,4416,11,,,0,200,,4413,11,,,0,128,,2127,11,,,0
101,'5303',717,,4430,11,,,0,39,,2107,11,,,0,61,,4432,11,,,0,691,,4435,11,,,0,101,,4429,11,,,0,311,,4439,11,,,0,300,,4433,11,,,0,99,,4434,11,,,0
101,'5304',717,,5060,11,,,0,39,,5058,11,,,0,61,,5061,11,,,0,691,,5064,11,,,0,101,,5059,11,,,0,611,,5062,11,,,0,99,,5063,11,,,0
101,'5306',720,,5070,11,,,0,101,,5071,11,,,0,27,,5073,11,,,0,73,,5067,11,,,0,22,,5066,11,,,0,81,,5075,11,,,0,196,,5077,11,,,0,435,,5069,11,,,0,67,,5065,11,,,0,199,,5072,11,,,0,30,,5074,11,,,0,269,,5076,11,,,0,99,,5078,11,,,0,31,,5068,11,,,0
101,'5307',1007,,5084,11,,,0,103,,5082,11,,,0,33,,5085,11,,,0,70,,5079,11,,,0,100,,5083,11,,,0,200,,5081,11,,,0,128,,5080,11,,,0
101,'5308',1920,,5086,11,,,0
2501,'4327',1106,,4668,28,,,0,215,,2823,28,,,0
2501,'4332',846,,4673,27,,,0,980,,4675,27,,,0
2501,'4480',851,,2815,27,,,0,256,,2816,28,,,0,217,,4669,27,,,0,135,,4670,28,,,0
2501,'4673',2053,,4671,27,,,0
2501,'5241',2053,,4672,27,,,0
2501,'5302',846,,4667,27,,,0,980,,2824,27,,,0,230,,2825,28,,,0
2501,'5303',1828,,2819,28,,,0
2501,'5304',1828,,5499,28,,,0
2501,'5306',1106,,5502,28,,,0,215,,5501,28,,,0,735,,5500,28,,,0
2501,'5307',846,,5503,27,,,0,980,,5504,27,,,0,230,,5505,28,,,0
