3001,'4327',813,,2937,18,,,0,342,,2940,18,,,0,259,,2941,18,,,0,221,,2933,18,,,0,214,,4691,18,,,0,155,,2936,18,,,0
3001,'4332',856,,2952,18,,,0,77,,4706,18,,,0,113,,2951,18,,,0,297,,2943,18,,,0,106,,2950,18,,,0,188,,4704,18,,,0,108,,4702,18,,,0,110,,2947,18,,,0,75,,2949,18,,,0,108,,4708,18,,,0
3001,'4480',636,,4698,18,,,0,86,,4697,18,,,0,37,,2922,18,,,0,58,,2924,18,,,0,17,,2921,18,,,0,18,,2925,18,,,0,91,,2900,18,,,0,75,,2901,18,,,0,35,,2902,18,,,0,75,,2903,18,,,0,76,,2904,18,,,0,35,,2906,18,,,0,75,,2907,18,,,0,35,,2908,18,,,0,75,,4695,18,,,0,76,,2909,18,,,0,37,,2910,18,,,0,108,,2911,18,,,0,109,,2913,18,,,0,150,,2915,18,,,0,35,,2917,18,,,0,406,,2919,18,,,0
3001,'4663',1611,,5524,18,,,0,537,,5525,18,,,0
3001,'4673',2148,,5526,18,,,0
3001,'5302',934,,4692,18,,,0,110,,2931,18,,,0,260,,4693,18,,,0,222,,4694,18,,,0,220,,2935,18,,,0
3001,'5303',909,,2899,18,,,0,702,,2926,18,,,0,109,,2912,18,,,0,109,,2914,18,,,0,218,,2918,18,,,0,101,,4701,18,,,0,97,,4696,18,,,0
3001,'5304',909,,5527,18,,,0,811,,5528,18,,,0,109,,5529,18,,,0,218,,5531,18,,,0,198,,5530,18,,,0
3001,'5305',1611,,5532,18,,,0
3001,'5306',748,,5541,18,,,0,261,,5537,18,,,0,112,,5538,18,,,0,35,,5534,18,,,0,76,,5543,18,,,0,75,,5544,18,,,0,111,,5535,18,,,0,108,,5540,18,,,0,75,,5539,18,,,0,109,,5546,18,,,0,110,,5545,18,,,0,327,,5533,18,,,0,100,,5542,18,,,0,101,,5536,18,,,0
3001,'5307',934,,5548,18,,,0,110,,5547,18,,,0,260,,5550,18,,,0,222,,5551,18,,,0,220,,5549,18,,,0
3001,'5308',2148,,5552,18,,,0
