4000,'4327',717,,4742,16,,,0,223,,4739,16,,,0,192,,4737,16,,,0,177,,4751,16,,,0,110,,4743,16,,,0,110,,4740,16,,,0,75,,4748,16,,,0,35,,4747,16,,,0,75,,4754,16,,,0,35,,4738,16,,,0,75,,4749,16,,,0,35,,4744,16,,,0,75,,4753,16,,,0
4000,'4332',651,,4839,16,,,0,71,,4844,16,,,0,111,,4824,16,,,0,72,,4840,16,,,0,34,,4821,16,,,0,77,,4837,16,,,0,107,,4828,16,,,0,110,,4820,16,,,0,75,,4825,16,,,0,35,,4829,16,,,0,75,,4838,16,,,0,113,,4827,16,,,0,107,,4842,16,,,0,79,,4841,16,,,0,31,,4830,16,,,0,186,,4823,16,,,0,77,,4846,16,,,0,35,,4835,16,,,0
4000,'4480',610,,4804,16,,,0,29,,4805,16,,,0,15,,4812,16,,,0,53,,4806,16,,,0,15,,4807,16,,,0,14,,4808,16,,,0,17,,4810,16,0,6 7,0,52,,4811,16,,,0,17,,4762,16,,,0,15,,4763,16,,,0,15,,4764,16,,,0,55,,4765,16,,,0,15,,4766,16,,,0,17,,4767,16,,,0,15,,4768,16,,,0,70,,4770,16,,,0,13,,4771,16,,,0,14,,4772,16,,,0,71,,4774,16,,,0,15,,4775,16,,,0,14,,4776,16,,,0,70,,4778,16,,,0,15,,4779,16,,,0,15,,4780,16,,,0,54,,4781,16,,,0,14,,4782,16,,,0,15,,4783,16,,,0,15,,4784,16,,,0,54,,4785,16,,,0,15,,4786,16,,,0,14,,4787,16,,,0,16,,4788,16,,,0,55,,4789,16,,,0,30,,4792,16,,,0,71,,4794,16,,,0,14,,4795,16,,,0,89,,4798,16,,,0,16,,4796,16,,,0,32,,4800,16,,,0,60,,4801,16,,,0,20,,4802,16,,,0,317,,4758,16,,,0,70,,4761,16,,,0,31,,4757,16,,,0
4000,'4663',2019,,5581,16,,,0
4000,'4673',1857,,4816,16,,,0,162,,5582,16,,,0,102,,4815,16,,,0
4000,'5241',1857,,4819,16,,,0,264,,4818,16,,,0
4000,'5302',834,,4752,16,,,0,181,,4755,16,,,0,32,,4741,16,,,0,153,,4756,16,,,0,35,,4750,16,,,0,109,,4746,16,,,0,108,,4745,16,,,0
4000,'5303',748,,4809,16,,,0,261,,4769,16,,,0,98,,4773,16,,,0,99,,4777,16,,,0,312,,4790,16,,,0,31,,4793,16,,,0,86,,4797,16,,,0,16,,4791,16,,,0,87,,4799,16,,,0,179,,4803,16,,,0,31,,4760,16,,,0,71,,4817,16,,,0,32,,4759,16,,,0
4000,'5304',748,,5594,16,,,0,261,,5585,16,,,0,98,,5586,16,,,0,99,,5587,16,,,0,312,,5588,16,,,0,31,,5590,16,,,0,86,,5591,16,,,0,16,,5589,16,,,0,87,,5592,16,,,0,179,,5593,16,,,0,31,,5584,16,,,0,103,,5583,16,,,0
4000,'5306',756,,5598,16,,,0,292,,5595,16,,,0,110,,5597,16,,,0,295,,5602,16,,,0,150,,5599,16,,,0,221,,5600,16,,,0,35,,5603,16,,,0,291,,5596,16,,,0,99,,5601,16,,,0
4000,'5307',834,,5608,16,,,0,181,,5609,16,,,0,32,,5604,16,,,0,153,,5610,16,,,0,35,,5607,16,,,0,109,,5606,16,,,0,108,,5605,16,,,0
4000,'5308',2019,,5611,16,,,0
