7000,'4327',923,,3269,4,,,0,188,,4259,4,,,0,134,,3266,4,,,0,307,,3267,4,,,0,359,,4260,4,,,0
7000,'4332',823,,4263,4,,,0,100,,3273,4,,,0,188,,3275,4,,,0,134,,3271,4,,,0,307,,4261,4,,,0,167,,3270,4,,,0,192,,4262,4,,,0,190,,3276,4,,,0
7000,'4480',630,,3258,4,,,0,296,,3259,4,,,0,329,,3257,4,,,0,284,,3261,4,,,0,199,,3260,4,,,0
7000,'4663',2011,,3263,4,,,0,102,,3262,4,,,0
7000,'5135',1904,,4264,4,,,0
7000,'5214',735,,3256,4,,,0,1169,,3264,4,,,0
7000,'5216',735,,4265,4,,,0
7000,'5219',1904,,4266,4,,,0
7001,'4327',844,,3292,7,,,0,187,,4267,7,,,0,123,,3288,7,,,0,353,,3290,7,,,0,323,,4268,7,,,0
7001,'4332',744,,4271,7,,,0,100,,3296,7,,,0,187,,3298,7,,,0,123,,3294,7,,,0,353,,4269,7,,,0,134,,3293,7,,,0,189,,4270,7,,,0,189,,3299,7,,,0
7001,'4480',558,,3280,7,,,0,295,,3281,7,,,0,365,,3283,7,,,0,288,,3284,7,,,0,196,,3282,7,,,0
7001,'4663',1934,,3285,7,,,0,102,,3286,7,,,0
7001,'5135',1832,,4272,7,,,0
7001,'5214',703,,3279,7,,,0,1129,,3287,7,,,0
7001,'5216',703,,4273,7,,,0
7001,'5219',1832,,4274,7,,,0
