2000,'4327',838,,2749,36,,,0,219,,2752,36,,,0,259,,2751,36,,,0,221,,2753,36,,,0,265,,2750,36,,,0
2000,'4332',831,,2763,36,,,0,112,,2762,36,,,0,101,,2764,36,,,0,158,,2754,36,,,0,108,,2755,36,,,0,112,,3968,36,,,0,111,,2758,36,,,0,110,,3967,36,,,0,103,,3969,36,,,0,213,,2759,53,,,0,257,,2765,53,,,0,102,,2761,53,,,0
2000,'4480',735,,2747,53,,,0,283,,2735,36,,,0,408,,2739,36,,,0,303,,2742,53,,,0,104,,2743,36,,,0,187,,2744,53,,,0
2000,'5214',625,,2746,53,,,0,217,,2748,53,,,0,66,,2734,36,,,0,220,,2736,36,,,0,117,,2737,53,,,0,103,,2738,36,,,0,188,,2740,36,,,0,74,,2741,53,,,0,611,,2745,53,,,0
2000,'5216',625,,3977,53,,,0,217,,3978,53,,,0,66,,3970,36,,,0,220,,3971,36,,,0,117,,3972,53,,,0,103,,3973,36,,,0,188,,3974,36,,,0,74,,3975,53,,,0,611,,3976,53,,,0
2001,'4327',909,,2784,11,,,0,227,,2786,11,,,0,219,,2785,11,,,0,249,,2787,11,,,0,225,,2788,11,,,0
2001,'4332',919,,2795,11,,,0,88,,2799,11,,,0,105,,3980,11,,,0,128,,2789,11,,,0,115,,3981,11,,,0,102,,2792,11,,,0,147,,2797,11,,,0,103,,2793,11,,,0,111,,2790,11,,,0,324,,2794,11,0,9 10 11,0,199,,3979,11,0,9 10 11,0
2001,'4480',805,,2777,11,0,9 10 11,0,105,,2766,11,,,0,700,,2771,11,,,0,110,,2772,11,,,0,622,,2774,11,0,9 10 11,0
2001,'4663',1825,,2778,11,0,9 10 11,0,319,,2779,11,0,9 10 11,0
2001,'4673',1825,,2780,11,0,9 10 11,0,319,,2781,11,0,9 10 11,0
2001,'4681',1825,,2782,11,0,9 10 11,0,319,,2783,11,0,9 10 11,0
2001,'5214',648,,2775,11,,,0,86,,2776,11,0,9 10 11,0,285,,2767,11,,,0,110,,2768,11,,,0,111,,2769,11,,,0,260,,2770,11,0,9 10 11,0,439,,2773,11,,,0
2001,'5216',648,,3987,11,,,0,86,,3988,11,0,9 10 11,0,285,,3982,11,,,0,110,,3983,11,,,0,111,,3984,11,,,0,260,,3985,11,0,9 10 11,0,439,,3986,11,,,0
2500,'4327',805,5,3989,18,0,5,0,210,5,3990,18,,,0,215,5,2807,18,,,0,515,5,2808,18,0,5,0,260,5,2809,18,,,0
2500,'4332',805,5,3992,18,0,5,0,210,5,3994,18,,,0,215,5,3993,18,,,0,515,5,3995,18,0,5,0,260,5,3991,18,,,0
2500,'4480',809,5,2800,18,0,5,0,207,5,2801,18,,,0,226,5,2802,18,0,5,0,498,5,2804,18,,,0
2500,'5214',1407,5,2803,18,,,0
2500,'5216',1407,5,3996,18,,,0
2501,'4327',830,5,3997,11,,,0,220,5,3998,12,,,0,255,5,2823,12,,,0,505,5,2824,11,,,0,230,5,2825,12,,,0
2501,'4332',830,5,4000,11,,,0,220,5,4002,12,,,0,255,5,4001,12,,,0,505,5,4003,11,,,0,230,5,3999,12,,,0
2501,'4480',833,5,2815,11,,,0,216,5,2816,12,,,0,764,5,2819,12,,,0
2501,'5135',2038,5,4004,11,,,0
2501,'5214',1306,5,2817,11,,,0,134,5,2818,12,,,0,598,5,2820,11,,,0
2501,'5216',1306,5,4005,11,,,0,134,5,4006,12,,,0
2501,'5219',2038,5,4007,11,,,0
1002000,'4327',733,,4340,59,,,0,219,,3594,59,,,0,250,,3593,59,,,0,233,,3598,59,,,0,217,,3595,59,,,0,277,,3596,59,,,0
1002000,'4332',657,,4344,59,,,0,152,,3605,59,,,0,110,,3600,59,,,0,108,,3607,59,,,0,115,,3608,59,,,0,106,,3606,59,,,0,101,,4342,59,,,0,152,,3609,59,,,0,117,,4343,59,,,0,110,,4345,59,,,0,125,,3603,59,,,0,263,,4341,59,,,0
1002000,'4480',649,,3578,42,,,0,404,,3582,42,,,0,150,,3583,42,,,0,303,,3585,59,,,0,137,,3586,42,,,0,113,,3587,42,,,0,152,,3588,42,,,0,413,,3589,59,,,0
1002000,'4663',2121,,3590,59,,,0
1002000,'4673',2121,,3591,59,,,0
1002000,'4681',2121,,3592,59,,,0
1002000,'5214',758,,3579,42,,,0,144,,3580,59,,,0,40,,3581,42,,,0,371,,3584,42,,,0
1002000,'5216',758,,4346,42,,,0,144,,4347,59,,,0,40,,4348,42,,,0,371,,4349,42,,,0
1002001,'4327',756,,3630,11,,,0,252,,3629,11,,,0,232,,4350,11,,,0,262,,4351,11,,,0,217,,3626,11,,,0,305,,3628,11,,,0
1002001,'4332',720,,4353,11,,,0,113,,4354,11,,,0,111,,3631,11,,,0,111,,4352,11,,,0,103,,4360,11,,,0,157,,4359,11,,,0,110,,3632,11,,,0,104,,4356,11,,,0,116,,3633,11,,,0,109,,4357,11,,,0,164,,4355,11,,,0,103,,4361,11,,,0,219,,4358,11,,,0
1002001,'4480',1054,,3614,11,,,0,261,,3616,11,,,0,35,,3617,11,,,0,185,,3619,11,,,0,369,,3622,11,,,0,339,,3624,11,,,0
1002001,'5214',723,,3611,11,,,0,111,,3612,11,,,0,94,,3613,11,,,0,276,,3615,11,,,0,221,,3618,11,,,0,220,,3620,11,,,0,111,,3621,11,,,0,286,,3623,11,,,0
1002001,'5216',723,,4362,11,,,0,111,,4363,11,,,0,94,,4364,11,,,0,276,,4365,11,,,0,221,,4366,11,,,0,220,,4367,11,,,0,111,,4368,11,,,0,286,,4369,11,,,0
