4001,'4327',712,,3226,21,,,0,106,,3214,21,,,0,229,,3223,21,,,0,111,,3210,21,,,0,150,,4848,21,,,0,110,,3211,21,,,0,35,,3219,21,,,0,77,,3215,21,,,0,109,,3209,21,,,0,110,,4852,21,,,0,75,,4856,21,,,0,110,,4849,21,,,0,75,,4851,21,,,0
4001,'4332',752,,3243,21,,,0,107,,3248,21,,,0,154,,4917,21,,,0,36,,4906,21,,,0,75,,4918,21,,,0,76,,4909,21,,,0,35,,3237,21,,,0,75,,3238,21,,,0,142,,3245,21,,,0,78,,3239,21,,,0,75,,4916,21,,,0,35,,4910,21,,,0,109,,4915,21,,,0,109,,4911,21,,,0,150,,3252,21,,,0,108,,4919,21,,,0,35,,4914,21,,,0,100,,4907,21,,,0
4001,'4480',640,,3199,21,,,0,72,,4898,21,,,0,32,,4902,21,,,0,56,,4899,21,,,0,15,,4900,21,,,0,18,,4901,21,,,0,16,,4865,21,,,0,69,,4869,21,,,0,14,,4870,21,,,0,15,,4866,21,,,0,55,,4867,21,,,0,30,,4872,21,,,0,15,,4873,21,,,0,55,,4874,21,,,0,15,,4875,21,,,0,15,,4876,21,,,0,16,,4877,21,,,0,55,,3172,21,,,0,17,,4878,21,,,0,85,,4879,21,,,0,30,,4880,21,,,0,15,,4881,21,,,0,55,,4882,21,,,0,30,,4884,21,,,0,15,,4885,21,,,0,55,,4886,21,,,0,15,,4887,21,,,0,15,,4888,21,,,0,15,,4889,21,,,0,70,,4890,21,,,0,15,,4891,21,,,0,15,,3191,21,,,0,69,,4903,21,,,0,15,,4895,21,,,0,15,,3196,21,,,0,69,,4894,21,,,0,15,,4896,21,,,0,92,,4864,21,,,0,20,,4860,21,,,0,108,,3151,21,,,0,100,,4859,21,,,0,69,,4862,21,,,0,29,,4858,21,,,0,70,,4861,21,,,0,30,,4857,21,,,0
4001,'4673',2024,,4904,21,,,0
4001,'5241',2024,,4905,21,,,0
4001,'5302',937,,4853,21,,,0,186,,4850,21,,,0,113,,4847,21,,,0,107,,4855,21,,,0,215,,3218,21,,,0,156,,4854,21,,,0,139,,3212,21,,,0
4001,'5303',904,,4868,21,,,0,113,,4871,21,,,0,218,,3174,21,,,0,15,,3175,21,,,0,70,,3177,21,,,0,100,,4883,21,,,0,185,,3188,21,,,0,99,,4892,21,,,0,99,,4893,21,,,0,45,,4897,21,,,0,57,,3158,21,,,0,100,,4863,21,,,0,118,,3155,21,,,0
4001,'5304',904,,5615,21,,,0,113,,5616,21,,,0,218,,5617,21,,,0,15,,5618,21,,,0,70,,5619,21,,,0,100,,5620,21,,,0,185,,5621,21,,,0,99,,5622,21,,,0,99,,5623,21,,,0,45,,5624,21,,,0,57,,5614,21,,,0,100,,5613,21,,,0,118,,5612,21,,,0
4001,'5306',709,,5634,21,,,0,117,,5633,21,,,0,110,,5630,21,,,0,410,,5632,21,,,0,75,,5625,21,,,0,293,,5631,21,,,0,110,,5627,21,,,0,109,,5626,21,,,0,109,,5628,21,,,0,310,,5629,21,,,0
4001,'5307',937,,5639,21,,,0,186,,5637,21,,,0,113,,5635,21,,,0,107,,5641,21,,,0,215,,5638,21,,,0,156,,5640,21,,,0,139,,5636,21,,,0
