701,'4327',716,,2454,8,,,0,109,,3860,8,,,0,121,,2459,8,,,0,104,,2455,8,,,0,151,,3859,8,,,0,106,,2452,8,,,0,109,,2456,8,,,0,112,,2450,8,,,0,111,,2458,8,,,0,106,,2457,8,,,0,110,,2451,8,,,0,145,,2449,8,,,0
701,'4332',715,,2466,8,,,0,110,,3866,8,,,0,110,,2471,8,,,0,111,,3861,8,,,0,112,,3867,8,,,0,149,,3868,8,,,0,112,,3862,8,,,0,104,,3864,8,,,0,120,,3865,8,,,0,102,,2472,8,,,0,110,,3863,8,,,0,145,,3869,8,,,0,105,,3870,8,,,0,108,,2470,8,,,0,127,,2475,8,,,0
701,'4480',711,,2444,8,,,0,103,,2428,8,,,0,614,,2435,8,,,0,105,,2429,8,,,0,280,,2438,8,,,0,40,,2443,8,,,0,302,,2441,8,,,0,192,,2426,8,,,0
701,'4663',1739,,2445,8,,,0
701,'4673',1739,,2447,8,,,0
701,'4681',1739,,2448,8,,,0
701,'5135',1623,,3871,8,,,0
701,'5214',655,,2440,8,,,0,85,,2432,8,,,0,187,,2430,8,,,0,115,,2439,8,,,0,116,,2427,8,,,0,155,,2431,8,,,0,310,,2446,8,,,0,35,,2436,8,,,0,270,,2434,8,,,0,115,,2437,8,,,0,271,,2442,8,,,0
701,'5216',655,,3881,8,,,0,85,,3875,8,,,0,187,,3873,8,,,0,115,,3880,8,,,0,116,,3872,8,,,0,155,,3874,8,,,0,345,,3878,8,,,0,270,,3877,8,,,0,115,,3879,8,,,0,271,,3882,8,,,0
701,'5219',1623,,3883,8,,,0
