7201,'4327',1023,,3396,15,,,0,116,,3397,15,,,0,219,,3399,15,,,0,147,,3400,15,,,0,111,,3401,15,,,0,106,,3402,15,,,0,110,,3393,15,,,0
7201,'4332',726,,3405,15,,,0,206,,4968,15,,,0,111,,4970,15,,,0,110,,4969,15,,,0,150,,3414,15,,,0,110,,3417,15,,,0,43,,3418,15,,,0,67,,3419,15,,,0,187,,3421,15,,,0,32,,4971,15,,,0,75,,4972,15,,,0,110,,4974,15,,,0,96,,4973,15,,,0,122,,3409,15,,,0,199,,3411,15,,,0
7201,'4480',720,,3387,15,,,0,37,,3385,15,,,0,75,,3386,15,,,0,185,,4956,15,,,0,111,,4955,15,,,0,75,,3371,15,,,0,255,,3375,15,,,0,150,,4959,15,,,0,219,,3380,15,,,0,110,,4962,15,,,0,105,,4963,15,,,0,100,,3381,15,,,0
7201,'4661',1718,,3388,15,,,0
7201,'4663',1718,,3389,15,,,0
7201,'4673',2241,,4964,15,,,0,99,,4965,15,,,0
7201,'5241',2241,,4966,15,,,0,99,,4967,15,,,0
7201,'5302',759,,4954,15,,,0,153,,3394,15,,,0,331,,3395,15,,,0,704,,3398,15,,,0
7201,'5303',907,,3365,15,,,0,35,,3366,15,,,0,111,,3370,15,,,0,185,,4957,15,,,0,75,,3372,15,,,0,35,,4958,15,,,0,75,,3374,15,,,0,110,,3376,15,,,0,110,,4960,15,,,0,109,,4961,15,,,0,150,,3382,15,,,0
7201,'5304',907,,5677,15,,,0,35,,5678,15,,,0,111,,5680,15,,,0,185,,5679,15,,,0,75,,5681,15,,,0,35,,5682,15,,,0,75,,5683,15,,,0,110,,5684,15,,,0,110,,5685,15,,,0,109,,5686,15,,,0,150,,5687,15,,,0
7201,'5306',836,,5688,15,,,0,174,,5690,15,,,0,108,,5691,15,,,0,110,,5692,15,,,0,118,,5694,15,,,0,260,,5695,15,,,0,27,,5689,15,,,0,219,,5696,15,,,0,393,,5693,15,,,0
7201,'5307',759,,5697,15,,,0,153,,5698,15,,,0,331,,5699,15,,,0,704,,5700,15,,,0
