700,'4327',741,,2403,17,,,0,110,,3835,17,,,0,161,,2408,17,,,0,104,,2404,17,,,0,111,,3834,17,,,0,106,,2401,17,,,0,109,,2405,17,,,0,112,,2399,17,,,0,151,,2407,17,,,0,106,,2406,17,,,0,110,,2400,17,,,0,105,,2398,17,,,0
700,'4332',741,,2415,17,,,0,110,,3841,17,,,0,150,,2420,17,,,0,111,,3836,17,,,0,112,,3842,17,,,0,109,,3843,17,,,0,112,,3837,17,,,0,104,,3839,17,,,0,160,,3840,17,,,0,102,,2421,17,,,0,110,,3838,17,,,0,105,,3844,17,,,0,105,,3845,17,,,0,108,,2419,17,,,0,166,,2424,17,,,0
700,'4480',739,,2393,17,,,0,103,,2377,17,,,0,613,,2384,17,,,0,145,,2385,17,,,0,237,,2382,17,,,0,80,,2392,17,,,0,301,,2389,17,,,0,192,,2375,17,,,0
700,'4663',1803,,2394,17,,,0
700,'4673',1803,,2396,17,,,0
700,'4681',1803,,2397,17,,,0
700,'5135',1648,,3846,17,,,0
700,'5214',636,,2380,17,,,0,85,,2388,17,,,0,87,,2381,17,,,0,147,,2379,17,,,0,155,,2387,17,,,0,115,,2376,17,,,0,115,,2378,17,,,0,308,,2395,17,,,0,75,,2383,17,,,0,229,,2386,17,,,0,155,,2390,17,,,0,230,,2391,17,,,0
700,'5216',636,,3850,17,,,0,85,,3855,17,,,0,87,,3851,17,,,0,147,,3849,17,,,0,155,,3854,17,,,0,115,,3847,17,,,0,115,,3848,17,,,0,383,,3852,17,,,0,229,,3853,17,,,0,155,,3856,17,,,0,230,,3857,17,,,0
700,'5219',1648,,3858,17,,,0
