3000,'4327',716,,2869,15,,,0,117,,4678,15,,,0,106,,4677,15,,,0,107,,2872,15,,,0,113,,2863,15,,,0,149,,2865,15,,,0,110,,2871,15,,,0,110,,2866,15,,,0,110,,4676,15,,,0,111,,2864,15,,,0
3000,'4332',756,,2896,15,,,0,77,,4687,15,,,0,72,,2887,15,,,0,34,,4686,15,,,0,184,,2895,15,,,0,35,,2894,15,,,0,149,,2881,15,,,0,35,,2876,15,,,0,75,,4685,15,,,0,35,,2890,15,,,0,79,,4683,15,,,0,107,,2884,15,,,0,110,,2883,15,,,0,298,,2878,15,,,0,104,,4690,15,,,0
3000,'4480',621,,4680,15,,,0,91,,2855,15,,,0,17,,2850,15,,,0,18,,2856,15,,,0,74,,2857,15,,,0,18,,2851,15,,,0,75,,2832,15,,,0,35,,2833,15,,,0,75,,2834,15,,,0,35,,2835,15,,,0,74,,2836,15,,,0,75,,2837,15,,,0,35,,2838,15,,,0,74,,2839,15,,,0,34,,2840,15,,,0,75,,2841,15,,,0,111,,2842,15,,,0,110,,2843,15,,,0,156,,2844,15,,,0,36,,2845,15,,,0,211,,4679,15,,,0,203,,2849,15,,,0
3000,'4663',1502,,5506,15,,,0,225,,5507,15,,,0
3000,'4673',1613,,4681,15,,,0
3000,'5241',1613,,4682,15,,,0
3000,'5302',1859,,2870,15,,,0
3000,'5303',656,,2854,15,,,0,148,,2853,15,,,0,698,,2858,15,,,0,225,,2859,15,,,0,221,,2846,15,,,0,203,,2848,15,,,0
3000,'5304',656,,5511,15,,,0,148,,5510,15,,,0,1144,,5508,15,,,0,203,,5509,15,,,0
3000,'5305',1502,,5512,15,,,0,225,,5513,15,,,0
3000,'5306',651,,5519,15,,,0,365,,5518,15,,,0,32,,5517,15,,,0,184,,5522,15,,,0,371,,5521,15,,,0,114,,5514,15,,,0,107,,5515,15,,,0,110,,5520,15,,,0,315,,5516,15,,,0
3000,'5307',1859,,5523,15,,,0
