2001,'4327',905,,2784,7,,,0,226,,2786,7,,,0,219,,2785,7,,,0,209,,2787,7,,,0,266,,2788,7,,,0
2001,'4332',915,,2795,7,,,0,88,,2799,7,,,0,232,,2789,7,,,0,115,,3981,7,,,0,102,,2792,7,,,0,107,,2797,7,,,0,144,,2793,7,,,0,111,,2790,7,,,0,324,,2794,7,0,9 10 11,0,200,,3979,7,0,9 10 11,0
2001,'4480',644,,4658,7,,,0,86,,4659,7,0,9 10 11,0,71,,2777,7,0,9 10 11,0,105,,2766,7,,,0,109,,4653,7,,,0,110,,4654,7,,,0,110,,4655,7,,,0,220,,4656,7,0,9 10 11,0,150,,2771,7,,,0,110,,2772,7,,,0,220,,4657,7,,,0,404,,2774,7,0,9 10 11,0
2001,'4663',1821,,2778,7,0,9 10 11,0,319,,2779,7,0,9 10 11,0
2001,'4673',1821,,2780,7,0,9 10 11,0,319,,2781,7,0,9 10 11,0
2001,'4681',1821,,2782,7,0,9 10 11,0,319,,2783,7,0,9 10 11,0
2001,'5244',1108,,4660,7,,,0
2501,'4327',820,,4667,7,,,0,220,,4668,8,,,0,215,,2823,8,,,0,545,,2824,7,,,0,230,,2825,8,,,0
2501,'4332',1255,,4001,8,,,0,775,,3999,8,,,0
2501,'4480',824,,2815,7,,,0,216,,2816,8,,,0,217,,4669,7,,,0,174,,4670,8,,,0,373,,2819,8,,,0
2501,'4673',2029,,4671,7,,,0
2501,'5241',2029,,4672,7,,,0
2501,'5244',820,,4673,7,,,0,220,,4674,8,,,0,760,,4675,7,,,0
1002001,'4327',752,,3630,7,,,0,251,,3629,7,,,0,232,,5002,7,,,0,222,,5003,7,,,0,258,,3626,7,,,0,305,,3628,7,,,0
1002001,'4332',716,,4353,7,,,0,224,,3631,7,,,0,111,,4352,7,,,0,259,,4359,7,,,0,110,,3632,7,,,0,104,,4356,7,,,0,117,,3633,7,,,0
1002001,'4480',719,,5004,7,,,0,111,,5005,7,,,0,94,,5006,7,,,0,126,,3614,7,,,0,150,,5007,7,,,0,110,,3616,7,,,0,35,,3617,7,,,0,75,,5008,7,,,0,110,,3619,7,,,0,110,,5009,7,,,0,112,,5010,7,,,0,148,,3622,7,,,0,138,,5011,7,,,0,201,,3624,7,,,0
1002001,'5244',829,,5012,7,,,0,325,,5016,7,,,0,596,,5014,7,,,0,164,,5013,7,,,0,103,,5017,7,,,0,219,,5015,7,,,0
