4001,'4327',733,,3226,45,,,0,107,,3214,45,,,0,271,,3223,45,,,0,111,,3210,45,,,0,110,,4848,45,,,0,110,,3211,45,,,0,75,,3219,45,,,0,37,,3215,45,,,0,147,,3209,45,,,0,110,,4852,45,,,0,33,,4856,45,,,0,109,,4849,45,,,0,75,,4851,45,,,0
4001,'4332',815,,3243,45,,,0,108,,3248,45,,,0,114,,4917,45,,,0,76,,4906,45,,,0,35,,4918,45,,,0,76,,4909,45,,,0,76,,3237,45,,,0,35,,3238,45,,,0,182,,3245,45,,,0,37,,3239,45,,,0,75,,4916,45,,,0,75,,4910,45,,,0,107,,4915,45,,,0,109,,4911,45,,,0,109,,3252,45,,,0,108,,4919,45,,,0,75,,4914,45,,,0,100,,4907,45,,,0
4001,'4480',701,,3199,45,,,0,33,,4898,45,,,0,75,,4902,45,,,0,16,,4899,45,,,0,14,,4900,45,,,0,17,,4901,45,,,0,55,,4865,45,,,0,28,,4869,45,,,0,14,,4870,45,,,0,55,,4866,45,,,0,15,,4867,45,,,0,30,,4872,45,,,0,55,,4873,45,,,0,16,,4874,45,,,0,15,,4875,45,,,0,15,,4876,45,,,0,56,,4877,45,,,0,15,,3172,45,,,0,18,,4878,45,,,0,85,,4879,45,,,0,30,,4880,45,,,0,56,,4881,45,,,0,16,,4882,45,,,0,70,,4884,45,,,0,15,,4885,45,,,0,15,,4886,45,,,0,15,,4887,45,,,0,14,,4888,45,,,0,55,,4889,45,,,0,30,,4890,45,,,0,15,,4891,45,,,0,54,,3191,45,,,0,28,,4903,45,,,0,15,,4895,45,,,0,54,,3196,45,,,0,29,,4894,45,,,0,15,,4896,45,,,0,91,,4864,45,,,0,60,,4860,45,,,0,108,,3151,45,,,0,100,,4859,45,,,0,27,,4862,45,,,0,69,,4858,45,,,0,30,,4861,45,,,0,70,,4857,45,,,0
4001,'4673',2044,,4904,45,,,0
4001,'5241',2044,,4905,45,,,0
4001,'5302',1001,,4853,45,,,0,146,,4850,45,,,0,153,,4847,45,,,0,107,,4855,45,,,0,214,,3218,45,,,0,115,,4854,45,,,0,177,,3212,45,,,0
4001,'5303',925,,4868,45,,,0,113,,4871,45,,,0,220,,3174,45,,,0,55,,3175,45,,,0,30,,3177,45,,,0,102,,4883,45,,,0,184,,3188,45,,,0,97,,4892,45,,,0,98,,4893,45,,,0,85,,4897,45,,,0,16,,3158,45,,,0,100,,4863,45,,,0,118,,3155,45,,,0
4001,'5304',925,,5615,45,,,0,113,,5616,45,,,0,220,,5617,45,,,0,55,,5618,45,,,0,30,,5619,45,,,0,102,,5620,45,,,0,184,,5621,45,,,0,97,,5622,45,,,0,98,,5623,45,,,0,85,,5624,45,,,0,16,,5614,45,,,0,100,,5613,45,,,0,118,,5612,45,,,0
4001,'5306',731,,5634,45,,,0,118,,5633,45,,,0,151,,5630,45,,,0,411,,5632,45,,,0,35,,5625,45,,,0,290,,5631,45,,,0,110,,5627,45,,,0,109,,5626,45,,,0,148,,5628,45,,,0,309,,5629,45,,,0
4001,'5307',1001,,5639,45,,,0,146,,5637,45,,,0,153,,5635,45,,,0,107,,5641,45,,,0,214,,5638,45,,,0,115,,5640,45,,,0,177,,5636,45,,,0
