2000,'4332',1950,,2759,43,,,0,258,,2765,43,,,0,102,,2761,43,,,0
2000,'4480',725,,2747,43,,,0,994,,2742,43,,,0,291,,2744,43,,,0
2000,'5214',617,,2746,43,,,0,216,,2748,43,,,0,402,,2737,43,,,0,365,,2741,43,,,0,613,,2745,43,,,0
2000,'5216',617,,3977,43,,,0,216,,3978,43,,,0,402,,3972,43,,,0,365,,3975,43,,,0,613,,3976,43,,,0
2001,'4332',2201,,2794,35,,,0,199,,3979,35,,,0
2001,'4480',829,,2777,35,,,0,1572,,2774,35,,,0
2001,'4663',1846,,2778,35,,,0,358,,2779,35,,,0
2001,'4673',1846,,2780,35,,,0,358,,2781,35,,,0
2001,'4681',1846,,2782,35,,,0,358,,2783,35,,,0
2001,'5214',756,,2776,35,,,0,769,,2770,35,,,0
2001,'5216',756,,3988,35,,,0,769,,3985,35,,,0
1002000,'4327',725,,4340,49,,,0,218,,3594,49,,,0,210,,3593,49,,,0,272,,3598,49,,,0,218,,3595,49,,,0,277,,3596,49,,,0
1002000,'4332',649,,4344,49,,,0,152,,3605,49,,,0,110,,3600,49,,,0,107,,3607,49,,,0,115,,3608,49,,,0,106,,3606,49,,,0,100,,4342,49,,,0,112,,3609,49,,,0,158,,4343,49,,,0,110,,4345,49,,,0,125,,3603,49,,,0,264,,4341,49,,,0
1002000,'4480',1456,,3585,49,,,0,857,,3589,49,,,0
1002000,'4663',2113,,3590,49,,,0
1002000,'4673',2113,,3591,49,,,0
1002000,'4681',2113,,3592,49,,,0
1002000,'5214',853,,3580,49,,,0
1002000,'5216',853,,4347,49,,,0
1002001,'4327',815,,3630,35,,,0,213,,3629,35,,,0,272,,4350,35,,,0,222,,4351,35,,,0,217,,3626,35,,,0,304,,3628,35,,,0
1002001,'4332',739,,4353,35,,,0,113,,4354,35,,,0,152,,3631,35,,,0,111,,4352,35,,,0,103,,4360,35,,,0,117,,4359,35,,,0,110,,3632,35,,,0,104,,4356,35,,,0,156,,3633,35,,,0,109,,4357,35,,,0,124,,4355,35,,,0,102,,4361,35,,,0,219,,4358,35,,,0
1002001,'4480',1414,,3617,35,,,0,144,,3619,35,,,0,744,,3624,35,,,0
1002001,'5214',950,,3613,35,,,0,500,,3618,35,,,0,257,,3620,35,,,0,395,,3623,35,,,0
1002001,'5216',950,,4364,35,,,0,500,,4366,35,,,0,257,,4367,35,,,0,395,,4369,35,,,0
