500,'4480',807,,4460,4,0,6 7,0
500,'4663',1521,,5087,4,0,6 7,0,94,,5090,4,,,0,119,,5088,4,,,0,114,,5089,4,,,0
500,'4673',1521,,5091,4,0,6 7,0,94,,5093,4,,,0,119,,5092,4,,,0
500,'5302',850,,2215,4,,,0,150,,4458,4,,,0,112,,4456,4,,,0,100,,4457,4,,,0,130,,4459,4,,,0,104,,2214,4,,,0,156,,2221,4,,,0,110,,2220,4,,,0,110,,2222,4,,,0,110,,2218,4,,,0,110,,2216,4,0,8,0
500,'5303',615,,2193,4,,,0,86,,2192,4,,,0,112,,2196,4,,,0,110,,2187,4,,,0,110,,2191,4,,,0,101,,2189,4,,,0,99,,2190,4,,,0,168,,4462,4,,,0,99,,4461,4,,,0,21,,4471,4,0,6 7,0,94,,4473,4,,,0,119,,4472,4,,,0,114,,2201,4,,,0,155,,2195,4,,,0,108,,4463,4,,,0,109,,2197,4,,,0,89,,2199,4,,,0,94,,4464,4,0,8,0
500,'5304',615,,5100,4,,,0,86,,5099,4,,,0,112,,5103,4,,,0,110,,5094,4,,,0,110,,5098,4,,,0,101,,5096,4,,,0,99,,5097,4,,,0,168,,5101,4,,,0,99,,5095,4,,,0,503,,5102,4,,,0,108,,5105,4,,,0,109,,5104,4,,,0,89,,5106,4,,,0,94,,5107,4,0,8,0
500,'5305',1848,,5108,4,,,0
500,'5306',803,,5109,4,,,0,156,,5110,4,,,0,150,,5111,4,,,0,116,,5112,4,,,0,117,,5113,4,,,0,109,,5114,4,,,0,150,,5115,4,,,0,109,,5116,4,,,0,112,,5117,4,,,0,109,,5118,4,,,0,105,,5119,4,,,0,107,,5120,4,,,0,109,,5121,4,,,0,150,,5122,4,0,8,0
500,'5307',850,,5126,4,,,0,150,,5128,4,,,0,112,,5123,4,,,0,100,,5124,4,,,0,130,,5130,4,,,0,104,,5125,4,,,0,156,,5132,4,,,0,110,,5131,4,,,0,110,,5133,4,,,0,110,,5129,4,,,0,110,,5127,4,0,8,0
500,'5308',1521,,5134,4,0,6 7,0,94,,5136,4,,,0,119,,5135,4,,,0
