3100,'4327',1002,,2983,10,,,0,120,,4712,10,,,0,130,,2984,10,,,0,165,,4711,10,,,0,130,,2990,10,,,0,465,,2988,10,,,0
3100,'4332',748,,2995,10,,,0,375,,3000,10,,,0,330,,2991,10,,,0,100,,2992,10,,,0,100,,2997,10,,,0,200,,4723,10,,,0
3100,'4480',848,,2968,10,,,0,90,,2969,10,,,0,109,,4713,10,,,0,100,,2971,10,,,0,100,,2972,10,,,0,100,,4714,10,,,0,100,,2974,10,,,0,98,,2975,10,,,0,102,,4715,10,,,0,100,,4716,10,,,0
3100,'4663',1952,,5553,10,,,0
3100,'4673',1952,,5554,10,,,0
3100,'5302',837,,2987,10,,,0,870,,2982,10,,,0,126,,2985,10,,,0
3100,'5303',642,,2966,10,,,0,94,,2967,10,,,0,1116,,4717,10,,,0,100,,4720,10,,,0
3100,'5304',642,,5555,10,,,0,94,,5556,10,,,0,1116,,5557,10,,,0
3100,'5306',853,,5561,10,,,0,98,,5562,10,,,0,302,,5558,10,,,0,100,,5560,10,,,0,400,,5559,10,,,0
3100,'5307',837,,5565,10,,,0,870,,5563,10,,,0,126,,5564,10,,,0
3100,'5308',1952,,5566,10,,,0
