700,'4327',733,,2403,13,,,0,110,,4524,13,,,0,265,,2404,13,,,0,111,,4523,13,,,0,106,,2401,13,,,0,221,,2399,13,,,0,257,,2406,13,,,0,215,,2398,13,,,0
700,'4332',843,,4542,13,,,0,110,,2420,13,,,0,151,,4538,13,,,0,437,,4540,13,,,0,160,,4541,13,,,0,656,,2424,13,,,0
700,'4480',628,,4528,13,,,0,84,,4533,13,,,0,46,,4529,13,,,0,187,,4527,13,,,0,155,,4532,13,,,0,118,,4525,13,,,0,115,,4526,13,,,0,115,,2384,13,,,0,105,,2385,13,,,0,278,,2382,13,,,0,115,,4531,13,,,0,155,,4534,13,,,0,111,,2389,13,,,0,192,,2375,13,,,0
700,'4663',1757,,5275,13,,,0
700,'4673',1642,,4536,13,,,0,115,,5276,13,,,0
700,'5241',1642,,4537,13,,,0
700,'5302',1004,,2408,13,,,0,430,,2405,13,,,0,223,,2407,13,,,0,256,,2400,13,,,0
700,'5303',729,,2393,13,,,0,103,,2377,13,,,0,885,,4530,13,,,0,40,,2397,13,,,0,154,,2392,13,,,0,420,,4535,13,,,0
700,'5304',729,,5281,13,,,0,103,,5277,13,,,0,885,,5278,13,,,0,194,,5280,13,,,0,420,,5279,13,,,0
700,'5306',733,,5284,13,,,0,483,,5285,13,,,0,109,,5286,13,,,0,112,,5282,13,,,0,366,,5288,13,,,0,110,,5283,13,,,0,105,,5289,13,,,0,105,,5290,13,,,0,108,,5287,13,,,0
700,'5307',1004,,5294,13,,,0,430,,5292,13,,,0,223,,5293,13,,,0,256,,5291,13,,,0
700,'5308',1757,,5295,13,,,0
