1002000,'4327',915,,3594,7,,,0,440,,3598,7,,,0,497,,3596,7,,,0
1002000,'4332',950,,3607,7,,,0,260,,3606,7,,,0,212,,3609,7,,,0,393,,3603,7,,,0
1002000,'4480',729,,4996,7,,,0,90,,4997,7,,,0,95,,4998,7,,,0,698,,3586,7,,,0,113,,3587,7,,,0,113,,3588,7,,,0,406,,3589,7,,,0
1002000,'4663',2044,,5719,7,,,0
1002000,'4673',2044,,5720,7,,,0
1002000,'5302',657,,4995,7,,,0,467,,3593,7,,,0,488,,3595,7,,,0
1002000,'5303',622,,3578,7,,,0,402,,3582,7,,,0,109,,3583,7,,,0,110,,4999,7,,,0,178,,3585,7,,,0,623,,3592,7,,,0
1002000,'5304',622,,5721,7,,,0,402,,5722,7,,,0,109,,5723,7,,,0,110,,5724,7,,,0,178,,5725,7,,,0
1002000,'5306',621,,5730,7,,,0,112,,5731,7,,,0,110,,5727,7,,,0,261,,5732,7,,,0,206,,5728,7,,,0,230,,5729,7,,,0,110,,5733,7,,,0,390,,5726,7,,,0
1002000,'5307',657,,5736,7,,,0,467,,5734,7,,,0,488,,5735,7,,,0
1002000,'5308',2044,,5737,7,,,0
