100,'4528',626,,5783,12,,,0,30,,5781,12,,,0,54,,5790,12,,,0,22,,5784,12,,,0,19,,5780,12,,,0,59,,5779,12,,,0,22,,5782,12,,,0,18,,5776,12,,,0,59,,5775,12,,,0,20,,5777,12,,,0,72,,5769,12,,,0,25,,5774,12,,,0,30,,5760,12,,,0,66,,5778,12,,,0,34,,5761,12,,,0,74,,5770,12,,,0,26,,5763,12,,,0,73,,5773,12,,,0,27,,5792,12,,,0,73,,5767,12,,,0,27,,5764,12,,,0,73,,5768,12,,,0,17,,5752,12,,,0,61,,5766,12,,,0,22,,5751,12,,,0,17,,5772,12,,,0,60,,5753,12,,,0,25,,5762,12,,,0,15,,5791,12,,,0,58,,5771,12,,,0,29,,5756,12,,,0,68,,5785,12,,,0,30,,5759,12,,,0,70,,5786,12,,,0,30,,5757,12,,,0,70,,5787,12,,,0,30,,5755,12,,,0,26,,5788,12,,,0,74,,5758,12,,,0,70,,5789,12,,,0,33,,5754,12,,,0,85,,5765,12,,,0
100,'4532',657,,5801,12,,,0,70,,5826,12,,,0,30,,5805,12,,,0,70,,5808,12,,,0,30,,5812,12,,,0,65,,5820,12,,,0,37,,5800,12,,,0,71,,5803,12,,,0,29,,5810,12,,,0,71,,5811,12,,,0,28,,5804,12,,,0,71,,5798,12,,,0,29,,5818,12,,,0,73,,5813,12,,,0,70,,5815,12,,,0,30,,5799,12,,,0,70,,5796,12,,,0,30,,5819,12,,,0,70,,5793,12,,,0,33,,5802,12,,,0,67,,5809,12,,,0,30,,5806,12,,,0,26,,5797,12,,,0,74,,5807,12,,,0,70,,5814,12,,,0,30,,5825,12,,,0,28,,5816,12,,,0,70,,5824,12,,,0,27,,5794,12,,,0,72,,5822,12,,,0,30,,5821,12,,,0,69,,5795,12,,,0,30,,5823,12,,,0,74,,5817,12,,,0
100,'5221',746,,5847,12,,,0,70,,5846,12,,,0,30,,5837,12,,,0,68,,5836,12,,,0,32,,5827,12,,,0,72,,5840,12,,,0,26,,5849,12,,,0,76,,5843,12,,,0,30,,5850,12,,,0,70,,5834,12,,,0,30,,5835,12,,,0,70,,5851,12,,,0,30,,5829,12,,,0,70,,5848,12,,,0,30,,5842,12,,,0,70,,5832,12,,,0,30,,5838,12,,,0,70,,5841,12,,,0,30,,5852,12,,,0,70,,5833,12,,,0,30,,5828,12,,,0,68,,5831,12,,,0,29,,5853,12,,,0,71,,5844,12,,,0,30,,5830,12,,,0,70,,5854,12,,,0,29,,5845,12,,,0,70,,5855,12,,,0,35,,5839,12,,,0
500,'4528',636,,5966,27,,,0,86,,5965,27,,,0,117,,5969,27,,,0,106,,5960,27,,,0,110,,5964,27,,,0,101,,5962,27,,,0,99,,5963,27,,,0,268,,5961,27,,,0,232,,5968,27,,,0,269,,5967,27,,,0,108,,5971,27,,,0,108,,5970,27,,,0,89,,5972,27,,,0
500,'4532',824,,5977,27,,,0,196,,5978,27,,,0,110,,5979,27,,,0,116,,5980,27,,,0,157,,5981,27,,,0,109,,5982,27,,,0,110,,5983,27,,,0,108,,5984,27,,,0,112,,5985,27,,,0,109,,5986,27,,,0,105,,5987,27,,,0,147,,5988,27,,,0,109,,5989,27,,,0
500,'4623',1424,,5974,27,,,0,214,,5976,27,,,0,271,,5975,27,,,0
500,'5221',911,,5994,27,,,0,110,,5996,27,,,0,112,,5991,27,,,0,100,,5992,27,,,0,170,,5998,27,,,0,104,,5993,27,,,0,116,,6000,27,,,0,110,,5999,27,,,0,109,,6001,27,,,0,110,,5997,27,,,0
500,'5222',1424,,6002,27,,,0,214,,6004,27,,,0,271,,6003,27,,,0
600,'4528',643,,6061,27,,,0,88,,6054,27,,,0,69,,6050,27,,,0,118,,6053,27,,,0,113,,6059,27,,,0,120,,6049,27,,,0,163,,6060,27,,,0,118,,6051,27,,,0,117,,6052,27,,,0,152,,6056,27,,,0,114,,6057,27,,,0,111,,6055,27,,,0,114,,6058,27,,,0,112,,6062,27,,,0,151,,6063,27,,,0,50,,6064,27,,,0
600,'4532',719,,6070,27,,,0,111,,6073,27,,,0,109,,6067,27,,,0,110,,6077,27,,,0,108,,6068,27,,,0,159,,6071,27,,,0,106,,6072,27,,,0,112,,6074,27,,,0,108,,6076,27,,,0,116,,6065,27,,,0,143,,6069,27,,,0,108,,6066,27,,,0,109,,6078,27,,,0,110,,6079,27,,,0,100,,6075,27,,,0
600,'5221',718,,6081,27,,,0,111,,6089,27,,,0,110,,6088,27,,,0,111,,6086,27,,,0,151,,6083,27,,,0,109,,6090,27,,,0,110,,6080,27,,,0,111,,6087,27,,,0,111,,6085,27,,,0,111,,6091,27,,,0,106,,6084,27,,,0,151,,6082,27,,,0
2000,'4528',633,,6491,62,,,0,111,,6492,62,,,0,109,,6493,62,,,0,65,,6480,45,,,0,110,,6481,45,,,0,110,,6482,45,,,0,117,,6483,62,,,0,103,,6484,45,,,0,78,,6485,45,,,0,111,,6486,45,,,0,74,,6487,62,,,0,220,,6488,45,,,0,187,,6489,62,,,0,201,,6490,62,,,0
2000,'4532',841,,6504,45,,,0,112,,6503,45,,,0,102,,6505,45,,,0,158,,6495,45,,,0,108,,6496,45,,,0,112,,6498,45,,,0,111,,6499,45,,,0,109,,6497,45,,,0,103,,6501,45,,,0,253,,6500,62,,,0,216,,6506,62,,,0,102,,6502,62,,,0
2000,'4623',1739,,6494,62,,,0
2000,'5221',848,,6507,45,,,0,259,,6510,45,,,0,219,,6509,45,,,0,221,,6511,45,,,0,264,,6508,45,,,0
2000,'5222',1739,,6512,62,,,0
3000,'4528',656,,6596,55,,,0,76,,6597,55,,,0,78,,6594,55,,,0,109,,6595,55,,,0,34,,6573,55,,,0,76,,6574,55,,,0,75,,6575,55,,,0,35,,6576,55,,,0,75,,6577,55,,,0,35,,6578,55,,,0,75,,6579,55,,,0,35,,6581,55,,,0,75,,6582,55,,,0,76,,6583,55,,,0,35,,6580,55,,,0,75,,6584,55,,,0,35,,6585,55,,,0,75,,6586,55,,,0,76,,6587,55,,,0,35,,6588,55,,,0,74,,6589,55,,,0,109,,6590,55,,,0,101,,6591,55,,,0,99,,6592,55,,,0,101,,6593,55,,,0
3000,'4532',725,,6614,55,,,0,107,,6621,55,,,0,77,,6613,55,,,0,33,,6612,55,,,0,74,,6611,55,,,0,37,,6607,55,,,0,73,,6605,55,,,0,75,,6620,55,,,0,36,,6619,55,,,0,75,,6622,55,,,0,35,,6606,55,,,0,75,,6601,55,,,0,35,,6610,55,,,0,75,,6615,55,,,0,78,,6599,55,,,0,31,,6617,55,,,0,75,,6609,55,,,0,38,,6600,55,,,0,70,,6608,55,,,0,76,,6602,55,,,0,110,,6616,55,,,0,112,,6603,55,,,0,103,,6618,55,,,0,99,,6604,55,,,0
3000,'4623',845,,6598,55,,,0
3000,'5221',750,,6629,55,,,0,158,,6633,55,,,0,107,,6628,55,,,0,108,,6632,55,,,0,114,,6623,55,,,0,110,,6625,55,,,0,110,,6631,55,,,0,149,,6626,55,,,0,110,,6627,55,,,0,109,,6624,55,,,0,109,,6630,55,,,0
3000,'5222',845,,6634,55,,,0
7200,'4528',657,,7000,29,,,0,76,,6999,29,,,0,73,,6998,29,,,0,37,,6997,29,,,0,74,,6976,29,,,0,34,,6977,29,,,0,75,,6978,29,,,0,76,,6979,29,,,0,35,,6980,29,,,0,75,,6981,29,,,0,35,,6982,29,,,0,75,,6983,29,,,0,35,,6984,29,,,0,78,,6985,29,,,0,75,,6986,29,,,0,108,,6987,29,,,0,35,,6988,29,,,0,75,,6989,29,,,0,76,,6990,29,,,0,37,,6991,29,,,0,75,,6992,29,,,0,111,,6993,29,,,0,101,,6994,29,,,0,100,,6995,29,,,0,100,,6996,29,,,0
7200,'4532',723,,7025,29,,,0,96,,7002,29,,,0,88,,7010,29,,,0,21,,7003,29,,,0,88,,7011,29,,,0,37,,7005,29,,,0,74,,7012,29,,,0,83,,7006,29,,,0,27,,7013,29,,,0,81,,7007,29,,,0,28,,7014,29,,,0,83,,7015,29,,,0,27,,7016,29,,,0,84,,7017,29,,,0,66,,7018,29,,,0,44,,7019,29,,,0,66,,7004,29,,,0,38,,7020,29,,,0,72,,7021,29,,,0,75,,7022,29,,,0,107,,7023,29,,,0,116,,7024,29,,,0,102,,7008,29,,,0,100,,7009,29,,,0
7200,'4623',1545,,7001,29,,,0
7200,'5221',742,,7036,29,,,0,105,,7026,29,,,0,154,,7028,29,,,0,105,,7030,29,,,0,120,,7029,29,,,0,99,,7031,29,,,0,120,,7032,29,,,0,102,,7033,29,,,0,154,,7034,29,,,0,110,,7035,29,,,0,110,,7027,29,,,0
7200,'5222',1545,,7037,29,,,0
1002000,'4528',658,,7237,51,,,0,150,,7238,51,,,0,144,,7239,51,,,0,261,,7240,51,,,0,110,,7241,51,,,0,331,,7242,51,,,0,152,,7243,51,,,0,110,,7244,51,,,0,213,,7245,68,,,0,200,,7246,68,,,0
1002000,'4532',706,,7254,68,,,0,112,,7255,68,,,0,111,,7250,68,,,0,109,,7257,68,,,0,115,,7258,68,,,0,106,,7256,68,,,0,141,,7251,68,,,0,112,,7259,68,,,0,116,,7252,68,,,0,110,,7260,68,,,0,165,,7253,68,,,0,222,,7249,68,,,0
1002000,'4623',1103,,7247,51,,,0,414,,7248,68,,,0
1002000,'5221',742,,7265,68,,,0,260,,7262,68,,,0,210,,7261,68,,,0,233,,7266,68,,,0,257,,7263,68,,,0,236,,7264,68,,,0
1002000,'5222',1103,,7267,51,,,0,414,,7268,68,,,0
