500,'4327',854,,2215,9,,,0,150,,4458,9,,,0,112,,4456,9,,,0,100,,4457,9,,,0,130,,4459,9,,,0,104,,2214,9,,,0,156,,2221,9,,,0,110,,2220,9,,,0,110,,2222,9,,,0,110,,2218,9,,,0
500,'4332',807,,3749,9,,,0,196,,3750,9,,,0,110,,3751,9,,,0,116,,3752,9,,,0,226,,3754,9,,,0,259,,3756,9,,,0,112,,3757,9,,,0,321,,3760,9,,,0,109,,3761,9,,,0
500,'4480',619,,2193,9,,,0,86,,2192,9,,,0,107,,4460,9,0,6 7,0,6,,2196,9,,,0,109,,2187,9,,,0,110,,2191,9,,,0,101,,2189,9,,,0,99,,2190,9,,,0,168,,4462,9,,,0,99,,4461,9,,,0,503,,2195,9,,,0,108,,4463,9,,,0,109,,2197,9,,,0,89,,2199,9,,,0
500,'4661',1852,,2201,9,,,0
500,'4663',1525,,4465,9,0,6 7,0,94,,4467,9,,,0,119,,4466,9,,,0,114,,2204,9,,,0
500,'4673',1525,,4468,9,0,6 7,0,94,,4470,9,,,0,119,,4469,9,,,0
500,'4681',1525,,4471,9,0,6 7,0,94,,4473,9,,,0,119,,4472,9,,,0
500,'5244',1346,,4474,9,,,0,259,,4475,9,,,0,330,,4476,9,,,0,105,,4477,9,,,0
1001500,'4480',702,,3558,16,,,0,35,,3555,16,,,0,77,,3557,16,,,0,33,,3556,16,,,0,401,,4989,16,,,0,285,,3562,16,,,0,76,,3563,16,,,0,37,,3560,16,,,0,76,,3561,16,,,0
1001500,'4673',1757,,4990,16,,,0
1001500,'5241',1757,,4991,16,,,0
