2000,'4327',815,,2749,6,,,0,218,,2752,6,,,0,218,,5472,6,,,0,260,,2753,6,,,0,225,,2750,6,,,0
2000,'4332',806,,5470,6,,,0,112,,5469,6,,,0,100,,5471,6,,,0,117,,2754,6,,,0,108,,5465,6,,,0,111,,5466,6,,,0,151,,5467,6,,,0,111,,4651,6,,,0,103,,4652,6,,,0,204,,5468,6,0,9 12 2 5,0,219,,2765,6,0,9 12 2 5,0,103,,2761,6,0,9 12 2 5,0
2000,'4480',551,,4649,6,0,9 12 2 5,0,107,,2747,6,0,9 12 2 5,0,145,,4650,6,0,9 12 2 5,0,39,,4642,6,,,0,110,,2735,6,,,0,149,,4643,6,,,0,105,,4644,6,0,9 12 2 5,0,114,,4645,6,,,0,38,,5463,6,,,0,150,,4646,6,,,0,20,,4647,6,0,9 12 2 5,0,120,,2742,6,0,9 12 2 5,0,158,,5464,6,,,0,136,,2744,6,0,9 12 2 5,0,204,,4648,6,0,9 12 2 5,0
9200,'4663',1356,,5709,2,,,0,2,,5710,2,,,0
9200,'4673',1516,,4987,2,,,0,2,,4986,2,,,0
9200,'4681',1416,,5711,2,,,0,2,,5712,2,,,0
1002000,'4327',700,,5736,12,,,0,218,,3594,12,,,0,209,,5734,12,,,0,231,,3598,12,,,0,257,,5735,12,,,0,240,,3596,12,,,0
1002000,'4332',624,,5730,12,,,0,112,,5731,12,,,0,110,,5727,12,,,0,107,,3607,12,,,0,154,,5732,12,,,0,106,,3606,12,,,0,100,,5728,12,,,0,112,,3609,12,,,0,118,,5729,12,,,0,110,,5733,12,,,0,165,,3603,12,,,0,225,,5726,12,,,0
1002000,'4480',625,,5721,12,,,0,107,,4996,12,,,0,90,,4997,12,,,0,95,,4998,12,,,0,110,,5722,12,,,0,109,,5723,12,,,0,110,,5724,12,,,0,178,,5725,12,,,0,191,,3586,12,,,0,113,,3587,12,,,0,113,,3588,12,,,0,406,,3589,12,,,0
1002000,'4663',2047,,5719,12,,,0
1002000,'4673',2047,,5720,12,,,0
1002000,'4681',2047,,5737,12,,,0
