500,'4528',624,,5966,14,,,0,86,,5965,14,,,0,115,,5969,14,,,0,107,,5960,14,,,0,110,,5964,14,,,0,101,,5962,14,,,0,99,,5963,14,,,0,267,,5961,14,,,0,233,,5968,14,,,0,269,,5967,14,,,0,108,,5971,14,,,0,109,,5970,14,,,0,89,,5972,14,,,0
500,'4623',1410,,5974,14,,,0,214,,5976,14,,,0,232,,5975,14,,,0
500,'5015',812,,5977,14,,,0,196,,5978,14,,,0,110,,5979,14,,,0,116,,5980,14,,,0,117,,5981,14,,,0,149,,5982,14,,,0,110,,5983,14,,,0,108,,5984,14,,,0,112,,5985,14,,,0,109,,5986,14,,,0,105,,5987,14,,,0,107,,5988,14,,,0,149,,5989,14,,,0
500,'5221',858,,5994,14,,,0,150,,5996,14,,,0,112,,5991,14,,,0,100,,5992,14,,,0,130,,5998,14,,,0,104,,5993,14,,,0,156,,6000,14,,,0,110,,5999,14,,,0,110,,6001,14,,,0,110,,5997,14,,,0
500,'5222',1410,,6002,14,,,0,214,,6004,14,,,0,232,,6003,14,,,0
1500,'4528',924,,6409,16,,,0,30,,6408,16,,,0,70,,6410,16,,,0,30,,6414,16,,,0,69,,6413,16,,,0,31,,6412,16,,,0,69,,6411,16,,,0,100,,6418,16,,,0,30,,6417,16,,,0,75,,6416,16,,,0,74,,6415,16,,,0,331,,6419,16,,,0,109,,6420,16,,,0,110,,6421,16,,,0
1500,'5015',802,,6429,16,,,0,110,,6424,16,,,0,110,,6432,16,,,0,108,,6428,16,,,0,119,,6427,16,,,0,105,,6425,16,,,0,150,,6430,16,,,0,110,,6431,16,,,0,114,,6422,16,,,0,106,,6423,16,,,0,110,,6426,16,,,0,107,,6433,16,,,0
1500,'5221',802,,6442,16,,,0,113,,6441,16,,,0,110,,6439,16,,,0,111,,6437,16,,,0,109,,6443,16,,,0,109,,6435,16,,,0,150,,6438,16,,,0,110,,6434,16,,,0,110,,6444,16,,,0,109,,6440,16,,,0,111,,6436,16,,,0
4000,'4528',630,,6793,38,,,0,70,,6794,38,,,0,30,,6795,38,,,0,70,,6796,38,,,0,31,,6797,38,,,0,70,,6772,38,,,0,30,,6773,38,,,0,71,,6774,38,,,0,30,,6775,38,,,0,69,,6776,38,,,0,31,,6777,38,,,0,70,,6778,38,,,0,30,,6779,38,,,0,99,,6780,38,,,0,69,,6781,38,,,0,29,,6783,38,,,0,30,,6782,38,,,0,70,,6784,38,,,0,30,,6785,38,,,0,70,,6786,38,,,0,72,,6787,38,,,0,31,,6788,38,,,0,70,,6789,38,,,0,37,,6790,38,,,0,71,,6791,38,,,0,30,,6792,38,,,0,70,,6768,38,,,0,30,,6769,38,,,0,72,,6767,38,,,0,30,,6770,38,,,0,70,,6766,38,,,0,29,,6771,38,,,0,71,,6765,38,,,0
4000,'4623',1302,,6798,38,,,0
4000,'5015',711,,6818,38,,,0,32,,6823,38,,,0,74,,6811,38,,,0,37,,6803,38,,,0,73,,6819,38,,,0,74,,6800,38,,,0,37,,6816,38,,,0,73,,6801,38,,,0,35,,6807,38,,,0,75,,6810,38,,,0,36,,6799,38,,,0,75,,6804,38,,,0,75,,6808,38,,,0,35,,6817,38,,,0,75,,6822,38,,,0,37,,6806,38,,,0,72,,6812,38,,,0,75,,6821,38,,,0,39,,6820,38,,,0,71,,6809,38,,,0,36,,6813,38,,,0,74,,6824,38,,,0,35,,6802,38,,,0,76,,6825,38,,,0,75,,6814,38,,,0,104,,6805,38,,,0,99,,6815,38,,,0
4000,'5221',737,,6831,38,,,0,117,,6841,38,,,0,147,,6828,38,,,0,35,,6844,38,,,0,72,,6830,38,,,0,45,,6826,38,,,0,68,,6845,38,,,0,35,,6839,38,,,0,75,,6840,38,,,0,75,,6835,38,,,0,35,,6832,38,,,0,73,,6834,38,,,0,37,,6829,38,,,0,75,,6837,38,,,0,75,,6836,38,,,0,35,,6843,38,,,0,75,,6827,38,,,0,35,,6838,38,,,0,74,,6833,38,,,0,35,,6842,38,,,0
4000,'5222',1302,,6846,38,,,0
1001500,'4528',706,,7219,21,,,0,36,,7216,21,,,0,78,,7218,21,,,0,31,,7217,21,,,0,402,,7220,21,,,0,285,,7223,21,,,0,76,,7225,21,,,0,37,,7221,21,,,0,76,,7222,21,,,0,75,,7224,21,,,0
