4001,'4327',723,,3226,32,,,0,107,,3214,32,,,0,271,,3223,32,,,0,111,,3210,32,,,0,110,,4848,32,,,0,110,,3211,32,,,0,75,,3219,32,,,0,37,,3215,32,,,0,108,,3209,32,,,0,150,,4852,32,,,0,34,,4856,32,,,0,109,,4849,32,,,0,75,,4851,32,,,0
4001,'4332',805,,3243,32,,,0,108,,3248,32,,,0,114,,4917,32,,,0,76,,4906,32,,,0,35,,4918,32,,,0,76,,4909,32,,,0,36,,3237,32,,,0,75,,3238,32,,,0,182,,3245,32,,,0,37,,3239,32,,,0,75,,4916,32,,,0,35,,4910,32,,,0,148,,4915,32,,,0,109,,4911,32,,,0,109,,3252,32,,,0,108,,4919,32,,,0,75,,4914,32,,,0,100,,4907,32,,,0
4001,'4480',652,,3199,32,,,0,72,,4898,32,,,0,34,,4902,32,,,0,56,,4899,32,,,0,15,,4900,32,,,0,18,,4901,32,,,0,55,,4865,32,,,0,28,,4869,32,,,0,14,,4870,32,,,0,15,,4866,32,,,0,55,,4867,32,,,0,30,,4872,32,,,0,15,,4873,32,,,0,56,,4874,32,,,0,15,,4875,32,,,0,15,,4876,32,,,0,56,,4877,32,,,0,15,,3172,32,,,0,17,,4878,32,,,0,85,,4879,32,,,0,30,,4880,32,,,0,56,,4881,32,,,0,16,,4882,32,,,0,30,,4884,32,,,0,55,,4885,32,,,0,15,,4886,32,,,0,15,,4887,32,,,0,14,,4888,32,,,0,55,,4889,32,,,0,30,,4890,32,,,0,15,,4891,32,,,0,54,,3191,32,,,0,29,,4903,32,,,0,15,,4895,32,,,0,54,,3196,32,,,0,29,,4894,32,,,0,15,,4896,32,,,0,91,,4864,32,,,0,20,,4860,32,,,0,148,,3151,32,,,0,100,,4859,32,,,0,28,,4862,32,,,0,69,,4858,32,,,0,30,,4861,32,,,0,70,,4857,32,,,0
4001,'4673',2035,,4904,32,,,0
4001,'5241',2035,,4905,32,,,0
4001,'5302',951,,4853,32,,,0,186,,4850,32,,,0,113,,4847,32,,,0,107,,4855,32,,,0,255,,3218,32,,,0,115,,4854,32,,,0,178,,3212,32,,,0
4001,'5303',916,,4868,32,,,0,113,,4871,32,,,0,219,,3174,32,,,0,55,,3175,32,,,0,30,,3177,32,,,0,102,,4883,32,,,0,184,,3188,32,,,0,98,,4892,32,,,0,98,,4893,32,,,0,85,,4897,32,,,0,16,,3158,32,,,0,100,,4863,32,,,0,118,,3155,32,,,0
4001,'5304',916,,5615,32,,,0,113,,5616,32,,,0,219,,5617,32,,,0,55,,5618,32,,,0,30,,5619,32,,,0,102,,5620,32,,,0,184,,5621,32,,,0,98,,5622,32,,,0,98,,5623,32,,,0,85,,5624,32,,,0,16,,5614,32,,,0,100,,5613,32,,,0,118,,5612,32,,,0
4001,'5306',721,,5634,32,,,0,118,,5633,32,,,0,111,,5630,32,,,0,451,,5632,32,,,0,35,,5625,32,,,0,291,,5631,32,,,0,110,,5627,32,,,0,109,,5626,32,,,0,108,,5628,32,,,0,350,,5629,32,,,0
4001,'5307',951,,5639,32,,,0,186,,5637,32,,,0,113,,5635,32,,,0,107,,5641,32,,,0,255,,5638,32,,,0,115,,5640,32,,,0,178,,5636,32,,,0
