1500,'4332',748,,5422,7,,,0,110,,5417,7,,,0,150,,5425,7,,,0,108,,5421,7,,,0,119,,5420,7,,,0,105,,5418,7,,,0,110,,5423,7,,,0,150,,5424,7,,,0,114,,5415,7,,,0,106,,5416,7,,,0,110,,5419,7,,,0,107,,5426,7,,,0
1500,'4480',909,,2659,7,,,0,30,,2658,7,,,0,70,,2660,7,,,0,30,,4620,7,,,0,69,,4619,7,,,0,31,,4618,7,,,0,69,,4617,7,,,0,100,,2668,7,,,0,30,,5413,7,,,0,75,,2666,7,,,0,32,,2665,7,,,0,373,,5414,7,,,0,219,,4622,7,,,0
1500,'4661',1927,,5412,7,,,0
1500,'4663',1927,,5411,7,,,0
3000,'4332',644,,5519,8,,,0,105,,2896,8,,,0,77,,4687,8,,,0,32,,2887,8,,,0,73,,4686,8,,,0,77,,5518,8,,,0,31,,5517,8,,,0,75,,2895,8,,,0,35,,2894,8,,,0,74,,5522,8,,,0,35,,2881,8,,,0,75,,2876,8,,,0,75,,4685,8,,,0,35,,2890,8,,,0,79,,4683,8,,,0,32,,5521,8,,,0,75,,2884,8,,,0,79,,5514,8,,,0,31,,2883,8,,,0,76,,5515,8,,,0,111,,5520,8,,,0,113,,2878,8,,,0,104,,4690,8,,,0,99,,5516,8,,,0
3000,'4480',614,,4680,8,,,0,35,,5511,8,,,0,56,,2855,8,,,0,16,,2850,8,,,0,17,,2856,8,,,0,17,,5510,8,,,0,57,,2857,8,,,0,18,,2851,8,,,0,76,,2832,8,,,0,35,,2833,8,,,0,74,,2834,8,,,0,35,,2835,8,,,0,74,,2836,8,,,0,35,,2837,8,,,0,75,,2838,8,,,0,74,,2839,8,,,0,34,,2840,8,,,0,75,,2841,8,,,0,111,,2842,8,,,0,110,,2843,8,,,0,116,,2844,8,,,0,76,,2845,8,,,0,110,,5508,8,,,0,102,,4679,8,,,0,102,,5509,8,,,0,102,,2849,8,,,0
3000,'4661',1452,,5512,8,,,0,152,,4681,8,,,0,114,,5513,8,,,0
3000,'4663',1452,,5506,8,,,0,152,,4682,8,,,0,114,,5507,8,,,0
1001500,'4480',647,,3558,7,,,0,75,,3555,7,,,0,34,,3557,7,,,0,75,,3556,7,,,0,401,,5717,7,,,0,285,,3562,7,,,0,36,,3563,7,,,0,77,,3560,7,,,0,76,,3561,7,,,0
1001500,'4661',1741,,4990,7,,,0
1001500,'4663',1741,,4991,7,,,0
