501,'4327',832,,5175,4,,,0,110,,5177,4,,,0,111,,5172,4,,,0,100,,5173,4,,,0,170,,5179,4,,,0,104,,5174,4,,,0,116,,5181,4,,,0,110,,5180,4,,,0,150,,5182,4,,,0,110,,5178,4,,,0,110,,5176,4,,,0
501,'4332',745,,5160,4,,,0,196,,5161,4,,,0,109,,5162,4,,,0,156,,5163,4,,,0,117,,5164,4,,,0,109,,5165,4,,,0,110,,5166,4,,,0,109,,5167,4,,,0,152,,5168,4,,,0,110,,5169,4,,,0,105,,5170,4,,,0,107,,5171,4,,,0,109,,5159,4,,,0
501,'4480',642,,5148,4,,,0,110,,5152,4,,,0,150,,5144,4,,,0,110,,5149,4,,,0,101,,5146,4,,,0,99,,5147,4,,,0,128,,5151,4,,,0,98,,5145,4,,,0,504,,5150,4,,,0,109,,5154,4,,,0,151,,5153,4,,,0,49,,5155,4,,,0
501,'4661',1827,,5157,4,,,0
501,'4663',1553,,5139,4,,,0,159,,5140,4,,,0,115,,5138,4,,,0
501,'4673',1553,,5142,4,,,0,159,,5143,4,,,0
501,'4681',1553,,5184,4,,,0,159,,5185,4,,,0
601,'4327',802,,5268,4,,,0,110,,5274,4,,,0,110,,5264,4,,,0,110,,5270,4,,,0,110,,5265,4,,,0,110,,5267,4,,,0,150,,5271,4,,,0,110,,5266,4,,,0,110,,5273,4,,,0,110,,5272,4,,,0,110,,5269,4,,,0
601,'4332',727,,5257,4,,,0,185,,5258,4,,,0,102,,5255,4,,,0,118,,5259,4,,,0,110,,5256,4,,,0,110,,5254,4,,,0,150,,5249,4,,,0,109,,5251,4,,,0,111,,5252,4,,,0,110,,5253,4,,,0,112,,5250,4,,,0,108,,5262,4,,,0,96,,5263,4,,,0,104,,5260,4,,,0,85,,5261,4,,,0
601,'4480',652,,5238,4,,,0,81,,5237,4,,,0,70,,5233,4,,,0,45,,5245,4,,,0,155,,5234,4,,,0,125,,5244,4,,,0,113,,5236,4,,,0,115,,5235,4,,,0,155,,5239,4,,,0,116,,5241,4,,,0,115,,5242,4,,,0,158,,5240,4,,,0,116,,5243,4,,,0,112,,5246,4,,,0,120,,5247,4,,,0,91,,5248,4,,,0
