3100,'4327',1005,,2983,14,,,0,120,,4712,14,,,0,130,,2984,14,,,0,165,,4711,14,,,0,130,,2990,14,,,0,465,,2988,14,,,0
3100,'4332',751,,2995,14,,,0,375,,3000,14,,,0,330,,2991,14,,,0,100,,2992,14,,,0,100,,2997,14,,,0,200,,4723,14,,,0
3100,'4480',851,,2968,14,,,0,90,,2969,14,,,0,109,,4713,14,,,0,100,,2971,14,,,0,100,,2972,14,,,0,100,,4714,14,,,0,100,,2974,14,,,0,98,,2975,14,,,0,102,,4715,14,,,0,100,,4716,14,,,0
3100,'4663',1955,,5553,14,,,0
3100,'4673',1955,,5554,14,,,0
3100,'5302',840,,2987,14,,,0,870,,2982,14,,,0,126,,2985,14,,,0
3100,'5303',645,,2966,14,,,0,94,,2967,14,,,0,1116,,4717,14,,,0,100,,4720,14,,,0
3100,'5304',645,,5555,14,,,0,94,,5556,14,,,0,1116,,5557,14,,,0
3100,'5306',856,,5561,14,,,0,98,,5562,14,,,0,302,,5558,14,,,0,100,,5560,14,,,0,400,,5559,14,,,0
3100,'5307',840,,5565,14,,,0,870,,5563,14,,,0,126,,5564,14,,,0
3100,'5308',1955,,5566,14,,,0
