7200,'4327',720,,3339,7,,,0,323,,3333,7,,,0,160,,3332,7,,,0,219,,3335,7,,,0,102,,3336,7,,,0,114,,3337,7,,,0,110,,3338,7,,,0,110,,3330,7,,,0
7200,'4332',701,,3363,7,,,0,55,,3340,7,,,0,88,,3348,7,,,0,109,,4947,7,,,0,150,,4948,7,,,0,110,,4949,7,,,0,110,,3352,7,,,0,110,,3354,7,,,0,84,,3355,7,,,0,26,,3356,7,,,0,188,,3358,7,,,0,72,,4950,7,,,0,35,,4951,7,,,0,108,,4952,7,,,0,156,,4953,7,,,0,102,,3346,7,,,0
7200,'4480',635,,3325,7,,,0,75,,4944,7,,,0,33,,3323,7,,,0,77,,3322,7,,,0,34,,3302,7,,,0,184,,4935,7,,,0,110,,4936,7,,,0,75,,3308,7,,,0,296,,3313,7,,,0,110,,4939,7,,,0,224,,3318,7,,,0,152,,4942,7,,,0,102,,4943,7,,,0,100,,3321,7,,,0
7200,'4661',1741,,3326,7,,,0
7200,'4663',1741,,3327,7,,,0
7200,'4673',2307,,4945,7,,,0
7200,'5241',2307,,4946,7,,,0
7200,'5302',825,,4934,7,,,0,113,,3331,7,,,0,364,,3334,7,,,0
7200,'5303',928,,3303,7,,,0,75,,3304,7,,,0,110,,3306,7,,,0,145,,4937,7,,,0,75,,3310,7,,,0,76,,4938,7,,,0,35,,3312,7,,,0,110,,3314,7,,,0,150,,4940,7,,,0,114,,4941,7,,,0
7200,'5304',928,,5656,7,,,0,75,,5657,7,,,0,110,,5658,7,,,0,145,,5659,7,,,0,75,,5660,7,,,0,76,,5661,7,,,0,35,,5662,7,,,0,110,,5663,7,,,0,150,,5664,7,,,0,114,,5665,7,,,0
7200,'5306',905,,5666,7,,,0,124,,5668,7,,,0,117,,5669,7,,,0,109,,5670,7,,,0,151,,5672,7,,,0,221,,5673,7,,,0,26,,5667,7,,,0,651,,5671,7,,,0
7200,'5307',825,,5674,7,,,0,113,,5675,7,,,0,364,,5676,7,,,0
