3100,'4327',1002,,2983,9,,,0,120,,4712,9,,,0,130,,2984,9,,,0,165,,4711,9,,,0,130,,2990,9,,,0,465,,2988,9,,,0
3100,'4332',748,,2995,9,,,0,375,,3000,9,,,0,330,,2991,9,,,0,100,,2992,9,,,0,100,,2997,9,,,0,200,,4723,9,,,0
3100,'4480',848,,2968,9,,,0,90,,2969,9,,,0,109,,4713,9,,,0,100,,2971,9,,,0,100,,2972,9,,,0,100,,4714,9,,,0,100,,2974,9,,,0,98,,2975,9,,,0,102,,4715,9,,,0,100,,4716,9,,,0
3100,'4663',1952,,5553,9,,,0
3100,'4673',1952,,5554,9,,,0
3100,'5302',837,,2987,9,,,0,870,,2982,9,,,0,126,,2985,9,,,0
3100,'5303',642,,2966,9,,,0,94,,2967,9,,,0,1116,,4717,9,,,0,100,,4720,9,,,0
3100,'5304',642,,5555,9,,,0,94,,5556,9,,,0,1116,,5557,9,,,0
3100,'5306',853,,5561,9,,,0,98,,5562,9,,,0,302,,5558,9,,,0,100,,5560,9,,,0,400,,5559,9,,,0
3100,'5307',837,,5565,9,,,0,870,,5563,9,,,0,126,,5564,9,,,0
3100,'5308',1952,,5566,9,,,0
