901,'4327',741,,2638,33,,,0,97,,2635,33,,,0,181,,2641,33,,,0,113,,2637,33,,,0,169,,2642,33,,,0,109,,2633,33,,,0,127,,4603,33,,,0,174,,2636,33,,,0,244,,2639,33,,,0
901,'4332',758,,4613,19,,,0,77,,2647,19,,,0,107,,2652,33,,,0,81,,2649,19,,,0,277,,2657,19,,,0,39,,2651,33,,,0,79,,4614,33,,,0,93,,4616,19,,,0,111,,2644,33,,,0,97,,4615,19,,,0,121,,2656,33,,,0,93,,2655,19,,,0,206,,2645,33,,,0
901,'4480',537,,2630,19,,,0,102,,2629,33,,,0,66,,2631,19,,,0,32,,2627,33,,,0,66,,2628,19,,,0,30,,4605,33,,,0,97,,2611,19,,,0,108,,2612,33,,,0,92,,4606,19,,,0,99,,2632,33,,,0,93,,4608,33,,,0,37,,4607,19,,,0,91,,2616,33,,,0,156,,2619,33,,,0,30,,4610,33,,,0,105,,4612,19,,,0,96,,2623,33,,,0,99,,2625,19,,,0,100,,2622,33,,,0,96,,2626,19,,,0,202,,2624,33,,,0
901,'5302',1840,,4604,33,,,0
901,'5303',1532,,4609,19,,,0,177,,4611,33,,,0
901,'5304',1532,,5406,19,,,0,177,,5407,33,,,0
901,'5306',702,,5408,33,,,0,457,,5409,33,,,0
901,'5307',1840,,5410,33,,,0
8800,'4332',804,,3457,29,,,0,107,,3458,29,,,0,104,,3459,29,,,0,90,,3460,29,,,0,101,,3461,29,,,0,47,,3462,29,,,0,92,,3463,29,,,0,92,,3464,29,,,0,99,,3465,29,,,0,90,,3466,29,,,0,87,,3467,29,,,0,109,,3468,29,,,0
8800,'4480',804,,3450,29,,,0,49,,3452,29,,,0,161,,3451,29,,,0,88,,3446,29,,,0,50,,3444,29,,,0,98,,3448,29,,,0,88,,3445,29,,,0,100,,3454,29,,,0,90,,3443,29,,,0,87,,3455,29,,,0,97,,3447,29,,,0,112,,3449,29,,,0,88,,3453,29,,,0,99,,3456,29,,,0
