7201,'4327',1019,,3396,10,,,0,116,,3397,10,,,0,219,,3399,10,,,0,147,,3400,10,,,0,111,,3401,10,,,0,106,,3402,10,,,0,110,,3393,10,,,0
7201,'4332',723,,3405,10,,,0,205,,4968,10,,,0,111,,4970,10,,,0,110,,4969,10,,,0,110,,3414,10,,,0,150,,3417,10,,,0,43,,3418,10,,,0,67,,3419,10,,,0,187,,3421,10,,,0,32,,4971,10,,,0,75,,4972,10,,,0,110,,4974,10,,,0,97,,4973,10,,,0,122,,3409,10,,,0,199,,3411,10,,,0
7201,'4480',717,,3387,10,,,0,36,,3385,10,,,0,75,,3386,10,,,0,185,,4956,10,,,0,111,,4955,10,,,0,35,,3371,10,,,0,295,,3375,10,,,0,150,,4959,10,,,0,219,,3380,10,,,0,111,,4962,10,,,0,105,,4963,10,,,0,100,,3381,10,,,0
7201,'4661',1714,,3388,10,,,0
7201,'4663',1714,,3389,10,,,0
7201,'4673',2238,,4964,10,,,0,99,,4965,10,,,0
7201,'5241',2238,,4966,10,,,0,99,,4967,10,,,0
7201,'5302',756,,4954,10,,,0,152,,3394,10,,,0,331,,3395,10,,,0,704,,3398,10,,,0
7201,'5303',903,,3365,10,,,0,35,,3366,10,,,0,111,,3370,10,,,0,185,,4957,10,,,0,75,,3372,10,,,0,35,,4958,10,,,0,75,,3374,10,,,0,110,,3376,10,,,0,110,,4960,10,,,0,109,,4961,10,,,0,111,,3382,10,,,0
7201,'5304',903,,5677,10,,,0,35,,5678,10,,,0,111,,5680,10,,,0,185,,5679,10,,,0,75,,5681,10,,,0,35,,5682,10,,,0,75,,5683,10,,,0,110,,5684,10,,,0,110,,5685,10,,,0,109,,5686,10,,,0,111,,5687,10,,,0
7201,'5306',833,,5688,10,,,0,173,,5690,10,,,0,108,,5691,10,,,0,110,,5692,10,,,0,118,,5694,10,,,0,260,,5695,10,,,0,27,,5689,10,,,0,219,,5696,10,,,0,394,,5693,10,,,0
7201,'5307',756,,5697,10,,,0,152,,5698,10,,,0,331,,5699,10,,,0,704,,5700,10,,,0
