2000,'4332',1947,,2759,39,,,0,258,,2765,39,,,0,102,,2761,39,,,0
2000,'4480',614,,3977,39,,,0,108,,2747,39,,,0,108,,3978,39,,,0,402,,3972,39,,,0,324,,3975,39,,,0,159,,2742,39,,,0,292,,2744,39,,,0,203,,3976,39,,,0
2001,'4332',2159,,2794,31,,,0,199,,3979,31,,,0
2001,'4480',752,,3988,31,,,0,73,,2777,31,,,0,696,,3985,31,,,0,837,,2774,31,,,0
2001,'4663',1842,,2778,31,,,0,359,,2779,31,,,0
2001,'4673',1842,,2780,31,,,0,359,,2781,31,,,0
2001,'4681',1842,,2782,31,,,0,359,,2783,31,,,0
4001,'4327',723,,3226,31,,,0,107,,3214,31,,,0,121,,4191,31,,,0,150,,3223,31,,,0,36,,4188,31,,,0,75,,3210,31,,,0,38,,4185,31,,,0,72,,4186,31,,,0,35,,4193,31,,,0,75,,3211,31,,,0,75,,3219,31,,,0,37,,3215,31,,,0,68,,3218,31,,,0,40,,3209,31,,,0,75,,4192,31,,,0,75,,4190,31,,,0,34,,4194,31,,,0,69,,3212,31,,,0,40,,4187,31,,,0,75,,4189,31,,,0
4001,'4332',721,,3254,31,,,0,84,,3243,31,,,0,34,,3251,31,,,0,74,,3248,31,,,0,37,,3240,31,,,0,77,,4207,31,,,0,76,,4195,31,,,0,35,,4208,31,,,0,76,,4198,31,,,0,36,,3237,31,,,0,75,,3238,31,,,0,76,,3250,31,,,0,35,,3229,31,,,0,71,,3245,31,,,0,37,,3239,31,,,0,75,,4206,31,,,0,35,,4199,31,,,0,73,,4203,31,,,0,75,,4205,31,,,0,35,,4201,31,,,0,74,,4200,31,,,0,35,,4197,31,,,0,74,,3252,31,,,0,34,,4202,31,,,0,74,,4209,31,,,0,75,,4204,31,,,0,100,,4196,31,,,0,101,,3236,31,,,0
4001,'4480',652,,3199,31,,,0,72,,4252,31,,,0,33,,4256,31,,,0,56,,4253,31,,,0,15,,4254,31,,,0,18,,4255,31,,,0,56,,4219,31,,,0,14,,4222,31,,,0,14,,4223,31,,,0,14,,4224,31,,,0,15,,4220,31,,,0,55,,4221,31,,,0,15,,4225,31,,,0,15,,4226,31,,,0,15,,4227,31,,,0,56,,4228,31,,,0,15,,4229,31,,,0,15,,4230,31,,,0,56,,4231,31,,,0,15,,3172,31,,,0,17,,4232,31,,,0,15,,3174,31,,,0,55,,3175,31,,,0,15,,4233,31,,,0,15,,3177,31,,,0,15,,4234,31,,,0,55,,4235,31,,,0,16,,4236,31,,,0,15,,4237,31,,,0,15,,4238,31,,,0,55,,4239,31,,,0,15,,4240,31,,,0,15,,4241,31,,,0,15,,4242,31,,,0,55,,4243,31,,,0,15,,3188,31,,,0,15,,4244,31,,,0,15,,4245,31,,,0,54,,3191,31,,,0,14,,4246,31,,,0,15,,4257,31,,,0,15,,4249,31,,,0,54,,3196,31,,,0,14,,4247,31,,,0,15,,4248,31,,,0,15,,4250,31,,,0,55,,4251,31,,,0,16,,3158,31,,,0,20,,4218,31,,,0,20,,4214,31,,,0,60,,4217,31,,,0,88,,3151,31,,,0,30,,3155,31,,,0,70,,4213,31,,,0,28,,4216,31,,,0,69,,4212,31,,,0,30,,4215,31,,,0,70,,4211,31,,,0
4001,'4673',2035,,4258,31,,,0
4001,'5135',2035,,4210,31,,,0
7200,'4327',718,,3339,3,,,0,105,,4275,3,,,0,113,,3331,3,,,0,105,,3333,3,,,0,160,,3332,3,,,0,99,,3334,3,,,0,120,,3335,3,,,0,102,,3336,3,,,0,114,,3337,3,,,0,110,,3338,3,,,0,110,,3330,3,,,0
7200,'4332',659,,3363,3,,,0,95,,3340,3,,,0,88,,3348,3,,,0,61,,3341,3,,,0,48,,4278,3,,,0,76,,4276,3,,,0,74,,4279,3,,,0,43,,3344,3,,,0,67,,4280,3,,,0,42,,3345,3,,,0,68,,3352,3,,,0,83,,3353,3,,,0,27,,3354,3,,,0,84,,3355,3,,,0,26,,3356,3,,,0,84,,3357,3,,,0,26,,3342,3,,,0,78,,3358,3,,,0,72,,4281,3,,,0,35,,4282,3,,,0,108,,4283,3,,,0,156,,4284,3,,,0,102,,3346,3,,,0,100,,4277,3,,,0
7200,'4480',633,,3325,3,,,0,75,,4295,3,,,0,33,,3323,3,,,0,76,,3322,3,,,0,34,,3302,3,,,0,75,,3303,3,,,0,75,,3304,3,,,0,35,,4286,3,,,0,75,,3306,3,,,0,35,,4287,3,,,0,75,,3308,3,,,0,35,,4288,3,,,0,75,,3310,3,,,0,75,,4289,3,,,0,35,,3312,3,,,0,75,,3313,3,,,0,35,,3314,3,,,0,75,,4290,3,,,0,75,,4291,3,,,0,115,,4292,3,,,0,35,,3318,3,,,0,152,,4293,3,,,0,102,,4294,3,,,0,100,,3321,3,,,0
7200,'4661',1739,,3326,3,,,0
7200,'4663',1739,,3327,3,,,0
7200,'4673',2305,,4296,3,,,0
7200,'5135',2305,,4285,3,,,0
1002000,'4327',722,,4340,45,,,0,218,,3594,45,,,0,210,,3593,45,,,0,272,,3598,45,,,0,218,,3595,45,,,0,277,,3596,45,,,0
1002000,'4332',646,,4344,45,,,0,112,,3605,45,,,0,150,,3600,45,,,0,107,,3607,45,,,0,115,,3608,45,,,0,106,,3606,45,,,0,100,,4342,45,,,0,112,,3609,45,,,0,158,,4343,45,,,0,110,,4345,45,,,0,125,,3603,45,,,0,264,,4341,45,,,0
1002000,'4480',850,,4347,45,,,0,602,,3585,45,,,0,858,,3589,45,,,0
1002000,'4663',2110,,3590,45,,,0
1002000,'4673',2110,,3591,45,,,0
1002000,'4681',2110,,3592,45,,,0
1002001,'4327',813,,3630,31,,,0,212,,3629,31,,,0,232,,4350,31,,,0,262,,4351,31,,,0,217,,3626,31,,,0,305,,3628,31,,,0
1002001,'4332',737,,4353,31,,,0,113,,4354,31,,,0,151,,3631,31,,,0,111,,4352,31,,,0,103,,4360,31,,,0,117,,4359,31,,,0,110,,3632,31,,,0,104,,4356,31,,,0,156,,3633,31,,,0,109,,4357,31,,,0,124,,4355,31,,,0,103,,4361,31,,,0,219,,4358,31,,,0
1002001,'4480',946,,4364,31,,,0,464,,3617,31,,,0,36,,4366,31,,,0,108,,3619,31,,,0,149,,4367,31,,,0,356,,4369,31,,,0,200,,3624,31,,,0
