600,'4327',706,,3806,8,,,0,110,,2315,8,,,0,110,,2314,8,,,0,110,,2312,8,,,0,111,,2309,8,,,0,109,,2316,8,,,0,150,,2306,8,,,0,111,,2313,8,,,0,111,,2311,8,,,0,111,,2317,8,,,0,107,,2310,8,,,0,111,,2308,8,,,0
600,'4332',706,,2323,8,,,0,110,,2326,8,,,0,109,,2320,8,,,0,110,,2330,8,,,0,108,,2321,8,,,0,159,,2324,8,,,0,105,,3809,8,,,0,112,,2327,8,,,0,108,,3810,8,,,0,116,,2318,8,,,0,104,,3808,8,,,0,109,,3807,8,,,0,150,,3811,8,,,0,110,,3812,8,,,0,100,,2328,8,,,0
600,'4480',718,,2293,8,,,0,28,,2288,8,,,0,72,,2286,8,,,0,86,,2292,8,,,0,113,,2297,8,,,0,241,,2298,8,,,0,250,,2291,8,,,0,23,,2290,8,,,0,228,,2295,8,,,0,380,,2300,8,,,0,202,,2302,8,,,0
600,'4663',1645,,2303,8,,,0
600,'4673',1645,,2304,8,,,0
600,'4681',1645,,2305,8,,,0
600,'5214',630,,2299,8,,,0,506,,2287,8,,,0,278,,2289,8,,,0,498,,2294,8,,,0,114,,2296,8,,,0,224,,2301,8,,,0
600,'5216',630,,3817,8,,,0,506,,3813,8,,,0,278,,3814,8,,,0,498,,3815,8,,,0,114,,3816,8,,,0,224,,3818,8,,,0
801,'4327',812,,2542,6,,,0,121,,2540,6,,,0,104,,2544,6,,,0,111,,2543,6,,,0,156,,2545,6,,,0,109,,2546,6,,,0,112,,2539,6,,,0,111,,2537,6,,,0,106,,2538,6,,,0,110,,2548,6,,,0,106,,2547,6,,,0
801,'4332',702,,2550,6,,,0,110,,2551,6,,,0,110,,2552,6,,,0,111,,2553,6,,,0,123,,2561,6,,,0,148,,3902,6,,,0,112,,2554,6,,,0,104,,3897,6,,,0,120,,2556,6,,,0,102,,3898,6,,,0,110,,3896,6,,,0,105,,3899,6,,,0,145,,3900,6,,,0,109,,3901,6,,,0
801,'4480',659,,2521,6,,,0,142,,2524,6,,,0,114,,2530,6,,,0,115,,2520,6,,,0,125,,2529,6,,,0,269,,2522,6,,,0,230,,2525,6,,,0,386,,2526,6,,,0,271,,2533,6,,,0
801,'4663',1529,,2534,6,,,0
801,'4673',1529,,2535,6,,,0
801,'4681',1529,,2536,6,,,0
801,'5214',530,,2531,6,,,0,779,,2523,6,,,0,500,,2527,6,,,0,115,,2528,6,,,0,228,,2532,6,,,0
801,'5216',530,,3906,6,,,0,779,,3903,6,,,0,500,,3904,6,,,0,115,,3905,6,,,0,228,,3907,6,,,0
