4000,'4730',608,,1129,13,,,0,29,,1130,13,,,0,15,,1141,13,,,0,53,,1131,13,,,0,15,,1132,13,,,0,8,,1133,13,0,6 7,0,6,,1134,13,,,0,6,,1135,13,0,6 7,0,6,,1136,13,,,0,4,,1137,13,0,6 7,0,7,,1138,13,0,6 7,0,45,,1139,13,,,0,9,,1140,13,0,6 7,0,8,,1088,13,,,0,15,,1089,13,,,0,16,,1090,13,,,0,55,,1091,13,,,0,15,,1092,13,,,0,17,,1093,13,,,0,15,,1094,13,,,0,55,,1095,13,,,0,15,,1096,13,,,0,13,,1097,13,,,0,14,,1098,13,,,0,56,,1099,13,,,0,15,,1100,13,,,0,29,,1101,13,,,0,55,,1102,13,,,0,15,,1103,13,,,0,15,,1104,13,,,0,15,,1105,13,,,0,54,,1106,13,,,0,14,,1107,13,,,0,15,,1108,13,,,0,15,,1109,13,,,0,54,,1110,13,,,0,15,,1111,13,,,0,14,,1112,13,,,0,16,,1113,13,,,0,55,,1114,13,,,0,14,,1115,13,,,0,15,,1117,13,,,0,17,,1118,13,,,0,55,,1119,13,,,0,13,,1120,13,,,0,17,,1122,13,,,0,16,,1116,13,,,0,57,,1123,13,,,0,16,,1121,13,,,0,15,,1124,13,,,0,17,,1125,13,,,0,80,,1126,13,,,0,22,,1127,13,,,0,60,,1128,13,,,0,31,,1085,13,,,0,71,,1086,13,,,0,32,,1084,13,,,0,101,,1083,13,,,0,70,,1087,13,,,0,31,,1082,13,,,0
4000,'4737',1813,,1142,13,,,0
4000,'4738',649,,1160,13,,,0,71,,1165,13,,,0,34,,1153,13,,,0,77,,1147,13,,,0,72,,1161,13,,,0,34,,1144,13,,,0,77,,1158,13,,,0,32,,1145,13,,,0,75,,1149,13,,,0,35,,1152,13,,,0,75,,1143,13,,,0,110,,1150,13,,,0,75,,1159,13,,,0,35,,1164,13,,,0,150,,1154,13,,,0,35,,1163,13,,,0,79,,1162,13,,,0,31,,1151,13,,,0,76,,1155,13,,,0,35,,1166,13,,,0,75,,1146,13,,,0,77,,1167,13,,,0,35,,1156,13,,,0,104,,1148,13,,,0,99,,1157,13,,,0
4000,'4781',715,,1173,13,,,0,117,,1181,13,,,0,106,,1170,13,,,0,75,,1184,13,,,0,32,,1172,13,,,0,85,,1168,13,,,0,28,,1185,13,,,0,75,,1179,13,,,0,74,,1180,13,,,0,35,,1176,13,,,0,108,,1175,13,,,0,77,,1171,13,,,0,75,,1177,13,,,0,110,,1183,13,,,0,35,,1169,13,,,0,75,,1178,13,,,0,35,,1174,13,,,0,75,,1182,13,,,0
4000,'4783',1813,,1186,13,,,0
4000,'4784',1813,,1188,13,,,0,306,,1187,13,,,0
4000,'5028',1417,,1189,13,,,0,220,,1190,13,,,0
4000,'5029',1135,,1192,13,,,0,984,,1191,13,,,0
4000,'5030',1135,,1193,13,,,0
4000,'5031',2119,,1194,13,,,0
4000,'5032',1306,,1195,13,,,0,223,,1196,13,,,0
4000,'5033',1417,,1197,13,,,0,220,,1198,13,,,0
