1501,'4327',837,,3952,13,,,0,111,,3956,13,,,0,110,,2712,13,,,0,150,,3953,13,,,0,110,,3951,13,,,0,110,,2715,13,,,0,110,,2718,13,,,0,109,,3950,13,,,0,109,,3955,13,,,0,150,,3954,13,,,0
1501,'4332',803,,2730,13,,,0,145,,3960,13,,,0,102,,2728,13,,,0,158,,2732,13,,,0,112,,3959,13,,,0,109,,2727,13,,,0,110,,3957,13,,,0,109,,2724,13,,,0,111,,3958,13,,,0,147,,2726,13,,,0,112,,2723,13,,,0,107,,2733,13,,,0
1501,'4480',849,,2698,13,,,0,69,,2699,13,,,0,30,,2700,13,,,0,70,,2697,13,,,0,303,,2706,13,,,0,27,,2705,13,,,0
1501,'4663',2006,,2709,13,,,0
1501,'4673',2006,,2710,13,,,0
1501,'4681',2006,,2711,13,,,0
1501,'5214',1048,,2701,13,,,0,70,,2702,13,,,0,29,,2703,13,,,0,71,,2704,13,,,0,638,,2707,13,,,0,260,,2708,13,,,0
1501,'5216',1048,,3961,13,,,0,70,,3962,13,,,0,29,,3963,13,,,0,71,,3964,13,,,0,638,,3965,13,,,0,260,,3966,13,,,0
3001,'4327',841,,2937,51,,,0,162,,4026,51,,,0,110,,2931,51,,,0,111,,2940,51,,,0,110,,4027,51,,,0,110,,2941,51,,,0,112,,4028,51,,,0,147,,2933,51,,,0,110,,2935,51,,,0,102,,4025,51,,,0,115,,2936,51,,,0
3001,'4332',816,,2960,51,,,0,108,,2952,51,,,0,77,,4033,51,,,0,36,,2954,51,,,0,77,,2951,51,,,0,35,,4034,51,,,0,77,,2945,51,,,0,76,,2962,51,,,0,35,,4037,51,,,0,76,,2943,51,,,0,35,,2946,51,,,0,71,,2950,51,,,0,37,,2959,51,,,0,75,,4035,51,,,0,74,,4031,51,,,0,33,,4039,51,,,0,75,,4029,51,,,0,35,,4038,51,,,0,74,,2947,51,,,0,35,,2949,51,,,0,148,,4036,51,,,0,108,,4030,51,,,0,100,,2961,51,,,0,101,,4032,51,,,0
3001,'4480',830,,2922,51,,,0,18,,2924,51,,,0,56,,2921,51,,,0,17,,2925,51,,,0,17,,2899,51,,,0,75,,2900,51,,,0,35,,2901,51,,,0,75,,2902,51,,,0,35,,2903,51,,,0,76,,2904,51,,,0,75,,2906,51,,,0,35,,2907,51,,,0,77,,2908,51,,,0,112,,2909,51,,,0,76,,2910,51,,,0,107,,2911,51,,,0,34,,2912,51,,,0,74,,2913,51,,,0,34,,2914,51,,,0,74,,2915,51,,,0,75,,2917,51,,,0,107,,2918,51,,,0,296,,2919,51,,,0
3001,'4661',1643,,2926,51,,,0
3001,'4663',1643,,2927,51,,,0,571,,4040,51,,,0
3001,'4681',2214,,4041,51,,,0
3001,'5214',703,,2923,51,,,0,48,,2920,51,,,0,706,,2905,51,,,0,757,,2929,51,,,0,97,,2916,51,,,0
3001,'5216',703,,4045,51,,,0,48,,4044,51,,,0,706,,4042,51,,,0,854,,4043,51,,,0
3001,'5219',2214,,4046,51,,,0
1001501,'4480',737,,3567,18,,,0,78,,3566,18,,,0,610,,3568,18,,,0,76,,3569,18,,,0,36,,3572,18,,,0,77,,3575,18,,,0,37,,3574,18,,,0,73,,3571,18,,,0,35,,3573,18,,,0
1001501,'5135',1833,,4337,18,,,0
1001501,'5214',1254,,3570,18,,,0,579,,3576,18,,,0
1001501,'5216',1254,,4338,18,,,0
1001501,'5219',1833,,4339,18,,,0
