2001,'4327',935,,2784,44,,,0,268,,2786,44,,,0,650,,2788,44,,,0
2001,'4332',1033,,2799,44,,,0,105,,4660,44,,,0,491,,2797,44,,,0,213,,2790,44,,,0,376,,2794,61,,,0
2001,'4480',818,,4659,61,,,0,32,,2777,61,,,0,87,,2766,44,,,0,109,,4653,44,,,0,110,,4654,44,,,0,151,,4655,44,,,0,330,,2771,44,,,0,109,,2772,44,,,0
2001,'4663',1904,,5473,61,,,0,317,,5474,61,,,0
2001,'4673',1904,,5475,61,,,0,317,,5476,61,,,0
2001,'5302',1421,,2785,44,,,0,208,,2787,44,,,0
2001,'5303',713,,4658,44,,,0,834,,4656,61,,,0,357,,2782,61,,,0,99,,4657,44,,,0,218,,2783,61,,,0,197,,2774,61,,,0
2001,'5304',713,,5480,44,,,0,834,,5477,61,,,0,456,,5478,44,,,0,415,,5479,61,,,0
2001,'5306',945,,5485,44,,,0,361,,5481,44,,,0,115,,5486,44,,,0,102,,5483,44,,,0,209,,5484,44,,,0,683,,5482,61,,,0
2001,'5307',1421,,5487,44,,,0,208,,5488,44,,,0
2001,'5308',1904,,5489,61,,,0,317,,5490,61,,,0
