700,'4327',734,,2403,14,,,0,110,,4524,14,,,0,265,,2404,14,,,0,111,,4523,14,,,0,106,,2401,14,,,0,221,,2399,14,,,0,257,,2406,14,,,0,215,,2398,14,,,0
700,'4332',844,,4542,14,,,0,110,,2420,14,,,0,151,,4538,14,,,0,437,,4540,14,,,0,160,,4541,14,,,0,656,,2424,14,,,0
700,'4480',629,,4528,14,,,0,85,,4533,14,,,0,45,,4529,14,,,0,188,,4527,14,,,0,155,,4532,14,,,0,117,,4525,14,,,0,115,,4526,14,,,0,115,,2384,14,,,0,105,,2385,14,,,0,278,,2382,14,,,0,115,,4531,14,,,0,155,,4534,14,,,0,111,,2389,14,,,0,192,,2375,14,,,0
700,'4663',1758,,5275,14,,,0
700,'4673',1643,,4536,14,,,0,115,,5276,14,,,0
700,'5241',1643,,4537,14,,,0
700,'5302',1005,,2408,14,,,0,430,,2405,14,,,0,223,,2407,14,,,0,256,,2400,14,,,0
700,'5303',730,,2393,14,,,0,104,,2377,14,,,0,884,,4530,14,,,0,40,,2397,14,,,0,154,,2392,14,,,0,420,,4535,14,,,0
700,'5304',730,,5281,14,,,0,104,,5277,14,,,0,884,,5278,14,,,0,194,,5280,14,,,0,420,,5279,14,,,0
700,'5306',734,,5284,14,,,0,483,,5285,14,,,0,109,,5286,14,,,0,112,,5282,14,,,0,366,,5288,14,,,0,110,,5283,14,,,0,105,,5289,14,,,0,105,,5290,14,,,0,108,,5287,14,,,0
700,'5307',1005,,5294,14,,,0,430,,5292,14,,,0,223,,5293,14,,,0,256,,5291,14,,,0
700,'5308',1758,,5295,14,,,0
