500,'4480',635,,2193,27,,,0,86,,2192,27,,,0,117,,2196,27,,,0,106,,2187,27,,,0,110,,2191,27,,,0,101,,2189,27,,,0,99,,2190,27,,,0,169,,2194,27,,,0,99,,2188,27,,,0,501,,2195,27,,,0,108,,2198,27,,,0,108,,2197,27,,,0,89,,2199,27,,,0
500,'4661',1908,,2201,27,,,0
500,'4663',1637,,2205,27,,,0,117,,2203,27,,,0,154,,2204,27,,,0
500,'4673',1637,,2208,27,,,0,117,,2207,27,,,0
500,'4681',1637,,2211,27,,,0,117,,2210,27,,,0
500,'4970',910,,2215,27,,,0,110,,2217,27,,,0,112,,2212,27,,,0,100,,2213,27,,,0,170,,2219,27,,,0,104,,2214,27,,,0,116,,2221,27,,,0,110,,2220,27,,,0,109,,2222,27,,,0,110,,2218,27,,,0
500,'5131',823,,2223,27,,,0,196,,2224,27,,,0,110,,2225,27,,,0,116,,2226,27,,,0,157,,2227,27,,,0,109,,2228,27,,,0,110,,2229,27,,,0,108,,2230,27,,,0,112,,2231,27,,,0,109,,2232,27,,,0,105,,2233,27,,,0,147,,2234,27,,,0,109,,2235,27,,,0
600,'4480',642,,2299,27,,,0,88,,2293,27,,,0,29,,2288,27,,,0,75,,2286,27,,,0,83,,2292,27,,,0,113,,2297,27,,,0,120,,2287,27,,,0,163,,2298,27,,,0,118,,2289,27,,,0,94,,2291,27,,,0,23,,2290,27,,,0,266,,2295,27,,,0,111,,2294,27,,,0,114,,2296,27,,,0,112,,2300,27,,,0,151,,2301,27,,,0,50,,2302,27,,,0
600,'4663',1700,,2303,27,,,0
600,'4673',1700,,2304,27,,,0
600,'4681',1700,,2305,27,,,0
600,'4970',717,,2307,27,,,0,111,,2315,27,,,0,110,,2314,27,,,0,111,,2312,27,,,0,151,,2309,27,,,0,109,,2316,27,,,0,110,,2306,27,,,0,111,,2313,27,,,0,111,,2311,27,,,0,111,,2317,27,,,0,106,,2310,27,,,0,151,,2308,27,,,0
600,'5131',718,,2323,27,,,0,111,,2326,27,,,0,109,,2320,27,,,0,110,,2330,27,,,0,108,,2321,27,,,0,159,,2324,27,,,0,106,,2325,27,,,0,112,,2327,27,,,0,108,,2329,27,,,0,116,,2318,27,,,0,143,,2322,27,,,0,108,,2319,27,,,0,109,,2331,27,,,0,110,,2332,27,,,0,100,,2328,27,,,0
