4000,'4327',720,,4742,20,,,0,223,,4739,20,,,0,192,,4737,20,,,0,178,,4751,20,,,0,110,,4743,20,,,0,110,,4740,20,,,0,75,,4748,20,,,0,35,,4747,20,,,0,75,,4754,20,,,0,35,,4738,20,,,0,75,,4749,20,,,0,75,,4744,20,,,0,35,,4753,20,,,0
4000,'4332',654,,4839,20,,,0,72,,4844,20,,,0,111,,4824,20,,,0,72,,4840,20,,,0,34,,4821,20,,,0,77,,4837,20,,,0,107,,4828,20,,,0,110,,4820,20,,,0,75,,4825,20,,,0,35,,4829,20,,,0,75,,4838,20,,,0,113,,4827,20,,,0,107,,4842,20,,,0,79,,4841,20,,,0,31,,4830,20,,,0,186,,4823,20,,,0,77,,4846,20,,,0,35,,4835,20,,,0
4000,'4480',613,,4804,20,,,0,30,,4805,20,,,0,15,,4812,20,,,0,53,,4806,20,,,0,15,,4807,20,,,0,14,,4808,20,,,0,16,,4810,20,0,6 7,0,52,,4811,20,,,0,17,,4762,20,,,0,15,,4763,20,,,0,16,,4764,20,,,0,55,,4765,20,,,0,15,,4766,20,,,0,16,,4767,20,,,0,15,,4768,20,,,0,70,,4770,20,,,0,13,,4771,20,,,0,15,,4772,20,,,0,71,,4774,20,,,0,15,,4775,20,,,0,14,,4776,20,,,0,70,,4778,20,,,0,15,,4779,20,,,0,15,,4780,20,,,0,54,,4781,20,,,0,14,,4782,20,,,0,15,,4783,20,,,0,15,,4784,20,,,0,54,,4785,20,,,0,15,,4786,20,,,0,14,,4787,20,,,0,16,,4788,20,,,0,55,,4789,20,,,0,29,,4792,20,,,0,72,,4794,20,,,0,13,,4795,20,,,0,90,,4798,20,,,0,16,,4796,20,,,0,32,,4800,20,,,0,60,,4801,20,,,0,20,,4802,20,,,0,316,,4758,20,,,0,70,,4761,20,,,0,31,,4757,20,,,0
4000,'4663',2022,,5581,20,,,0
4000,'4673',1901,,4816,20,,,0,121,,5582,20,,,0,102,,4815,20,,,0
4000,'5241',1901,,4819,20,,,0,223,,4818,20,,,0
4000,'5302',837,,4752,20,,,0,181,,4755,20,,,0,32,,4741,20,,,0,153,,4756,20,,,0,35,,4750,20,,,0,110,,4746,20,,,0,108,,4745,20,,,0
4000,'5303',752,,4809,20,,,0,260,,4769,20,,,0,99,,4773,20,,,0,99,,4777,20,,,0,311,,4790,20,,,0,32,,4793,20,,,0,85,,4797,20,,,0,16,,4791,20,,,0,88,,4799,20,,,0,179,,4803,20,,,0,31,,4760,20,,,0,70,,4817,20,,,0,32,,4759,20,,,0
4000,'5304',752,,5594,20,,,0,260,,5585,20,,,0,99,,5586,20,,,0,99,,5587,20,,,0,311,,5588,20,,,0,32,,5590,20,,,0,85,,5591,20,,,0,16,,5589,20,,,0,88,,5592,20,,,0,179,,5593,20,,,0,31,,5584,20,,,0,102,,5583,20,,,0
4000,'5306',800,,5598,20,,,0,252,,5595,20,,,0,150,,5597,20,,,0,255,,5602,20,,,0,150,,5599,20,,,0,221,,5600,20,,,0,75,,5603,20,,,0,251,,5596,20,,,0,99,,5601,20,,,0
4000,'5307',837,,5608,20,,,0,181,,5609,20,,,0,32,,5604,20,,,0,153,,5610,20,,,0,35,,5607,20,,,0,110,,5606,20,,,0,108,,5605,20,,,0
4000,'5308',2022,,5611,20,,,0
