800,'4327',2043,,2505,27,,,0
800,'4663',1618,,5317,27,,,0
800,'4673',1618,,5318,27,,,0
800,'5302',747,,2497,27,,,0,110,,2498,27,,,0,161,,2499,27,,,0,104,,2500,27,,,0,111,,2501,27,,,0,117,,2502,27,,,0,109,,2503,27,,,0,152,,2496,27,,,0,111,,2494,27,,,0,106,,2495,27,,,0,110,,2504,27,,,0
800,'5303',614,,4572,27,,,0,131,,2478,27,,,0,103,,2481,27,,,0,153,,2486,27,,,0,115,,2477,27,,,0,125,,2485,27,,,0,115,,4569,27,,,0,157,,2479,27,,,0,105,,2493,27,,,0,124,,2482,27,,,0,113,,4571,27,,,0,154,,4570,27,,,0,114,,2488,27,,,0,111,,4573,27,,,0,118,,2490,27,,,0
800,'5304',614,,5329,27,,,0,131,,5320,27,,,0,103,,5323,27,,,0,153,,5328,27,,,0,115,,5319,27,,,0,125,,5327,27,,,0,115,,5322,27,,,0,157,,5321,27,,,0,229,,5324,27,,,0,113,,5326,27,,,0,154,,5325,27,,,0,114,,5330,27,,,0,111,,5331,27,,,0,118,,5332,27,,,0
800,'5306',747,,5335,27,,,0,110,,5334,27,,,0,150,,5336,27,,,0,111,,5337,27,,,0,123,,5345,27,,,0,109,,5346,27,,,0,152,,5338,27,,,0,104,,5339,27,,,0,120,,5340,27,,,0,102,,5341,27,,,0,110,,5333,27,,,0,105,,5342,27,,,0,105,,5344,27,,,0,108,,5343,27,,,0
800,'5307',747,,5350,27,,,0,110,,5351,27,,,0,161,,5352,27,,,0,104,,5353,27,,,0,111,,5354,27,,,0,117,,5355,27,,,0,109,,5356,27,,,0,152,,5349,27,,,0,111,,5347,27,,,0,106,,5348,27,,,0,110,,5357,27,,,0
800,'5308',1618,,5358,27,,,0
4000,'4327',745,,4742,45,,,0,264,,4739,45,,,0,192,,4737,45,,,0,138,,4751,45,,,0,110,,4743,45,,,0,110,,4740,45,,,0,75,,4748,45,,,0,75,,4747,45,,,0,35,,4754,45,,,0,75,,4738,45,,,0,35,,4749,45,,,0,74,,4744,45,,,0,75,,4753,45,,,0
4000,'4332',720,,4839,45,,,0,32,,4844,45,,,0,151,,4824,45,,,0,33,,4840,45,,,0,74,,4821,45,,,0,37,,4837,45,,,0,108,,4828,45,,,0,151,,4820,45,,,0,35,,4825,45,,,0,75,,4829,45,,,0,35,,4838,45,,,0,152,,4827,45,,,0,107,,4842,45,,,0,39,,4841,45,,,0,71,,4830,45,,,0,185,,4823,45,,,0,36,,4846,45,,,0,75,,4835,45,,,0
4000,'4480',638,,4804,45,,,0,70,,4805,45,,,0,16,,4812,45,,,0,14,,4806,45,,,0,15,,4807,45,,,0,57,,4808,45,,,0,30,,4811,45,,,0,15,,4762,45,,,0,55,,4763,45,,,0,15,,4764,45,,,0,15,,4765,45,,,0,15,,4766,45,,,0,55,,4767,45,,,0,15,,4768,45,,,0,30,,4770,45,,,0,54,,4771,45,,,0,15,,4772,45,,,0,31,,4774,45,,,0,55,,4775,45,,,0,15,,4776,45,,,0,30,,4778,45,,,0,55,,4779,45,,,0,15,,4780,45,,,0,15,,4781,45,,,0,15,,4782,45,,,0,55,,4783,45,,,0,15,,4784,45,,,0,14,,4785,45,,,0,15,,4786,45,,,0,55,,4787,45,,,0,15,,4788,45,,,0,15,,4789,45,,,0,70,,4792,45,,,0,30,,4794,45,,,0,15,,4795,45,,,0,87,,4798,45,,,0,15,,4796,45,,,0,72,,4800,45,,,0,20,,4801,45,,,0,60,,4802,45,,,0,312,,4758,45,,,0,29,,4761,45,,,0,71,,4757,45,,,0
4000,'4663',2049,,5581,45,,,0
4000,'4673',1929,,4816,45,,,0,120,,5582,45,,,0,101,,4815,45,,,0
4000,'5241',1929,,4819,45,,,0,221,,4818,45,,,0
4000,'5302',902,,4752,45,,,0,142,,4755,45,,,0,72,,4741,45,,,0,113,,4756,45,,,0,75,,4750,45,,,0,110,,4746,45,,,0,108,,4745,45,,,0
4000,'5303',825,,4809,45,,,0,215,,4769,45,,,0,100,,4773,45,,,0,100,,4777,45,,,0,314,,4790,45,,,0,70,,4793,45,,,0,87,,4797,45,,,0,15,,4791,45,,,0,85,,4799,45,,,0,138,,4803,45,,,0,70,,4760,45,,,0,30,,4817,45,,,0,72,,4759,45,,,0
4000,'5304',825,,5594,45,,,0,215,,5585,45,,,0,100,,5586,45,,,0,100,,5587,45,,,0,314,,5588,45,,,0,70,,5590,45,,,0,87,,5591,45,,,0,15,,5589,45,,,0,85,,5592,45,,,0,138,,5593,45,,,0,70,,5584,45,,,0,102,,5583,45,,,0
4000,'5306',826,,5598,45,,,0,294,,5595,45,,,0,110,,5597,45,,,0,296,,5602,45,,,0,109,,5599,45,,,0,221,,5600,45,,,0,74,,5603,45,,,0,290,,5596,45,,,0,99,,5601,45,,,0
4000,'5307',902,,5608,45,,,0,142,,5609,45,,,0,72,,5604,45,,,0,113,,5610,45,,,0,75,,5607,45,,,0,110,,5606,45,,,0,108,,5605,45,,,0
4000,'5308',2049,,5611,45,,,0
