7200,'4327',721,,3339,8,,,0,323,,3333,8,,,0,160,,3332,8,,,0,219,,3335,8,,,0,102,,3336,8,,,0,114,,3337,8,,,0,110,,3338,8,,,0,110,,3330,8,,,0
7200,'4332',702,,3363,8,,,0,55,,3340,8,,,0,88,,3348,8,,,0,109,,4947,8,,,0,150,,4948,8,,,0,110,,4949,8,,,0,110,,3352,8,,,0,110,,3354,8,,,0,84,,3355,8,,,0,26,,3356,8,,,0,188,,3358,8,,,0,72,,4950,8,,,0,35,,4951,8,,,0,108,,4952,8,,,0,156,,4953,8,,,0,102,,3346,8,,,0
7200,'4480',636,,3325,8,,,0,75,,4944,8,,,0,33,,3323,8,,,0,77,,3322,8,,,0,34,,3302,8,,,0,184,,4935,8,,,0,110,,4936,8,,,0,75,,3308,8,,,0,296,,3313,8,,,0,110,,4939,8,,,0,224,,3318,8,,,0,152,,4942,8,,,0,102,,4943,8,,,0,100,,3321,8,,,0
7200,'4661',1742,,3326,8,,,0
7200,'4663',1742,,3327,8,,,0
7200,'4673',2308,,4945,8,,,0
7200,'5241',2308,,4946,8,,,0
7200,'5302',826,,4934,8,,,0,113,,3331,8,,,0,364,,3334,8,,,0
7200,'5303',929,,3303,8,,,0,75,,3304,8,,,0,110,,3306,8,,,0,145,,4937,8,,,0,75,,3310,8,,,0,76,,4938,8,,,0,35,,3312,8,,,0,110,,3314,8,,,0,150,,4940,8,,,0,114,,4941,8,,,0
7200,'5304',929,,5656,8,,,0,75,,5657,8,,,0,110,,5658,8,,,0,145,,5659,8,,,0,75,,5660,8,,,0,76,,5661,8,,,0,35,,5662,8,,,0,110,,5663,8,,,0,150,,5664,8,,,0,114,,5665,8,,,0
7200,'5306',906,,5666,8,,,0,124,,5668,8,,,0,117,,5669,8,,,0,109,,5670,8,,,0,151,,5672,8,,,0,221,,5673,8,,,0,26,,5667,8,,,0,651,,5671,8,,,0
7200,'5307',826,,5674,8,,,0,113,,5675,8,,,0,364,,5676,8,,,0
