2000,'4327',823,,2749,17,,,0,218,,2752,17,,,0,259,,5472,17,,,0,220,,2753,17,,,0,225,,2750,17,,,0
2000,'4332',814,,5470,17,,,0,112,,5469,17,,,0,100,,5471,17,,,0,118,,2754,17,,,0,108,,5465,17,,,0,151,,5466,17,,,0,111,,5467,17,,,0,111,,4651,17,,,0,103,,4652,17,,,0,204,,5468,17,0,9 12 2 5,0,218,,2765,17,0,9 12 2 5,0,102,,2761,17,0,9 12 2 5,0
2000,'4480',558,,4649,17,0,9 12 2 5,0,148,,2747,17,0,9 12 2 5,0,105,,4650,17,0,9 12 2 5,0,39,,4642,17,,,0,150,,2735,17,,,0,110,,4643,17,,,0,105,,4644,17,0,9 12 2 5,0,114,,4645,17,,,0,78,,5463,17,,,0,110,,4646,17,,,0,20,,4647,17,0,9 12 2 5,0,120,,2742,17,0,9 12 2 5,0,158,,5464,17,,,0,136,,2744,17,0,9 12 2 5,0,203,,4648,17,0,9 12 2 5,0
9200,'4663',1405,,5709,13,,,0,2,,5710,13,,,0
9200,'4673',1524,,4987,13,,,0,2,,4986,13,,,0
9200,'4681',1425,,5711,13,,,0,2,,5712,13,,,0
1002000,'4327',707,,5736,23,,,0,218,,3594,23,,,0,209,,5734,23,,,0,271,,3598,23,,,0,218,,5735,23,,,0,279,,3596,23,,,0
1002000,'4332',631,,5730,23,,,0,112,,5731,23,,,0,110,,5727,23,,,0,147,,3607,23,,,0,114,,5732,23,,,0,106,,3606,23,,,0,100,,5728,23,,,0,112,,3609,23,,,0,118,,5729,23,,,0,150,,5733,23,,,0,125,,3603,23,,,0,225,,5726,23,,,0
1002000,'4480',632,,5721,23,,,0,107,,4996,23,,,0,93,,4997,23,,,0,92,,4998,23,,,0,110,,5722,23,,,0,110,,5723,23,,,0,110,,5724,23,,,0,178,,5725,23,,,0,191,,3586,23,,,0,113,,3587,23,,,0,113,,3588,23,,,0,405,,3589,23,,,0
1002000,'4663',2054,,5719,23,,,0
1002000,'4673',2054,,5720,23,,,0
1002000,'4681',2054,,5737,23,,,0
