4001,'4327',727,,3226,38,,,0,107,,3214,38,,,0,271,,3223,38,,,0,111,,3210,38,,,0,110,,4848,38,,,0,110,,3211,38,,,0,75,,3219,38,,,0,37,,3215,38,,,0,108,,3209,38,,,0,150,,4852,38,,,0,34,,4856,38,,,0,109,,4849,38,,,0,75,,4851,38,,,0
4001,'4332',809,,3243,38,,,0,108,,3248,38,,,0,114,,4917,38,,,0,76,,4906,38,,,0,35,,4918,38,,,0,76,,4909,38,,,0,36,,3237,38,,,0,75,,3238,38,,,0,182,,3245,38,,,0,37,,3239,38,,,0,75,,4916,38,,,0,35,,4910,38,,,0,148,,4915,38,,,0,109,,4911,38,,,0,109,,3252,38,,,0,108,,4919,38,,,0,75,,4914,38,,,0,100,,4907,38,,,0
4001,'4480',656,,3199,38,,,0,72,,4898,38,,,0,75,,4902,38,,,0,16,,4899,38,,,0,14,,4900,38,,,0,18,,4901,38,,,0,55,,4865,38,,,0,28,,4869,38,,,0,14,,4870,38,,,0,55,,4866,38,,,0,15,,4867,38,,,0,30,,4872,38,,,0,55,,4873,38,,,0,16,,4874,38,,,0,15,,4875,38,,,0,15,,4876,38,,,0,56,,4877,38,,,0,15,,3172,38,,,0,17,,4878,38,,,0,85,,4879,38,,,0,30,,4880,38,,,0,56,,4881,38,,,0,16,,4882,38,,,0,30,,4884,38,,,0,55,,4885,38,,,0,15,,4886,38,,,0,15,,4887,38,,,0,14,,4888,38,,,0,55,,4889,38,,,0,30,,4890,38,,,0,15,,4891,38,,,0,54,,3191,38,,,0,29,,4903,38,,,0,15,,4895,38,,,0,54,,3196,38,,,0,29,,4894,38,,,0,15,,4896,38,,,0,91,,4864,38,,,0,60,,4860,38,,,0,108,,3151,38,,,0,100,,4859,38,,,0,28,,4862,38,,,0,69,,4858,38,,,0,30,,4861,38,,,0,70,,4857,38,,,0
4001,'4673',2039,,4904,38,,,0
4001,'5241',2039,,4905,38,,,0
4001,'5302',955,,4853,38,,,0,186,,4850,38,,,0,113,,4847,38,,,0,147,,4855,38,,,0,215,,3218,38,,,0,115,,4854,38,,,0,178,,3212,38,,,0
4001,'5303',920,,4868,38,,,0,113,,4871,38,,,0,219,,3174,38,,,0,55,,3175,38,,,0,30,,3177,38,,,0,102,,4883,38,,,0,184,,3188,38,,,0,98,,4892,38,,,0,98,,4893,38,,,0,85,,4897,38,,,0,16,,3158,38,,,0,100,,4863,38,,,0,118,,3155,38,,,0
4001,'5304',920,,5615,38,,,0,113,,5616,38,,,0,219,,5617,38,,,0,55,,5618,38,,,0,30,,5619,38,,,0,102,,5620,38,,,0,184,,5621,38,,,0,98,,5622,38,,,0,98,,5623,38,,,0,85,,5624,38,,,0,16,,5614,38,,,0,100,,5613,38,,,0,118,,5612,38,,,0
4001,'5306',725,,5634,38,,,0,118,,5633,38,,,0,111,,5630,38,,,0,451,,5632,38,,,0,35,,5625,38,,,0,291,,5631,38,,,0,110,,5627,38,,,0,109,,5626,38,,,0,108,,5628,38,,,0,350,,5629,38,,,0
4001,'5307',955,,5639,38,,,0,186,,5637,38,,,0,113,,5635,38,,,0,147,,5641,38,,,0,215,,5638,38,,,0,115,,5640,38,,,0,178,,5636,38,,,0
