600,'4663',1638,,5186,1,,,0
600,'4673',1638,,5187,1,,,0
600,'5302',700,,4499,1,,,0,110,,2315,1,,,0,110,,2314,1,,,0,110,,2312,1,,,0,111,,2309,1,,,0,109,,2316,1,,,0,150,,2306,1,,,0,110,,2313,1,,,0,111,,2311,1,,,0,111,,2317,1,,,0,107,,2310,1,,,0,111,,2308,1,,,0
600,'5303',624,,4504,1,,,0,88,,2293,1,,,0,28,,2288,1,,,0,72,,2286,1,,,0,46,,2292,1,,,0,153,,2297,1,,,0,119,,4500,1,,,0,121,,2298,1,,,0,155,,4501,1,,,0,94,,2291,1,,,0,23,,2290,1,,,0,115,,2305,1,,,0,114,,2295,1,,,0,153,,4502,1,,,0,114,,4503,1,,,0,114,,2300,1,,,0,111,,4505,1,,,0,92,,2302,1,,,0
600,'5304',624,,5201,1,,,0,88,,5195,1,,,0,28,,5190,1,,,0,72,,5188,1,,,0,46,,5194,1,,,0,153,,5199,1,,,0,119,,5189,1,,,0,121,,5200,1,,,0,155,,5191,1,,,0,94,,5193,1,,,0,23,,5192,1,,,0,229,,5197,1,,,0,153,,5196,1,,,0,114,,5198,1,,,0,114,,5202,1,,,0,111,,5203,1,,,0,92,,5204,1,,,0
600,'5306',700,,5210,1,,,0,110,,5213,1,,,0,109,,5207,1,,,0,110,,5217,1,,,0,107,,5208,1,,,0,119,,5211,1,,,0,145,,5212,1,,,0,112,,5214,1,,,0,108,,5216,1,,,0,116,,5205,1,,,0,104,,5209,1,,,0,110,,5206,1,,,0,150,,5218,1,,,0,110,,5219,1,,,0,100,,5215,1,,,0
600,'5307',700,,5221,1,,,0,110,,5229,1,,,0,110,,5228,1,,,0,110,,5226,1,,,0,111,,5223,1,,,0,109,,5230,1,,,0,150,,5220,1,,,0,110,,5227,1,,,0,111,,5225,1,,,0,111,,5231,1,,,0,107,,5224,1,,,0,111,,5222,1,,,0
600,'5308',1638,,5232,1,,,0
601,'5302',819,,4511,25,4,,0,110,,4515,25,4,,0,110,,2349,25,4,,0,110,,4512,25,4,,0,110,,2350,25,4,,0,150,,2352,25,4,,0,110,,2356,25,4,,0,110,,4510,25,4,,0,110,,4514,25,4,,0,110,,4513,25,4,,0,110,,2354,25,4,,0
601,'5303',709,,2338,25,4,,0,43,,2337,25,4,,0,73,,2333,25,4,,0,82,,2345,25,4,,0,115,,2334,25,4,,0,125,,2344,25,4,,0,153,,2336,25,4,,0,115,,2335,25,4,,0,115,,2339,25,4,,0,116,,2341,25,4,,0,155,,4517,25,4,,0,116,,4516,25,4,,0,116,,2343,25,4,,0,112,,4518,25,4,,0,159,,2347,25,4,,0,50,,4519,25,4,,0
601,'5304',709,,5238,24,4,,0,43,,5237,24,4,,0,73,,5233,24,4,,0,82,,5245,24,4,,0,115,,5234,24,4,,0,125,,5244,24,4,,0,153,,5236,24,4,,0,115,,5235,24,4,,0,115,,5239,24,4,,0,116,,5241,24,4,,0,155,,5242,24,4,,0,116,,5240,24,4,,0,116,,5243,24,4,,0,112,,5246,24,4,,0,159,,5247,24,4,,0,50,,5248,24,4,,0
601,'5306',744,,5257,24,4,,0,185,,5258,24,4,,0,102,,5255,24,4,,0,118,,5259,24,4,,0,151,,5256,24,4,,0,110,,5254,24,4,,0,110,,5249,24,4,,0,109,,5251,24,4,,0,111,,5252,24,4,,0,109,,5253,24,4,,0,152,,5250,24,4,,0,107,,5262,24,4,,0,96,,5263,24,4,,0,104,,5260,24,4,,0,45,,5261,24,4,,0
601,'5307',819,,5268,24,4,,0,110,,5274,24,4,,0,110,,5264,24,4,,0,110,,5270,24,4,,0,110,,5265,24,4,,0,150,,5267,24,4,,0,110,,5271,24,4,,0,110,,5266,24,4,,0,110,,5273,24,4,,0,110,,5272,24,4,,0,110,,5269,24,4,,0
