2000,'4327',836,,2749,34,,,0,218,,2752,34,,,0,259,,5472,34,,,0,221,,2753,34,,,0,225,,2750,34,,,0
2000,'4332',829,,5470,34,,,0,112,,5469,34,,,0,100,,5471,34,,,0,118,,2754,34,,,0,148,,5465,34,,,0,112,,5466,34,,,0,111,,5467,34,,,0,110,,4651,34,,,0,103,,4652,34,,,0,213,,5468,51,,,0,258,,2765,51,,,0,102,,2761,51,,,0
2000,'4480',623,,4649,51,,,0,109,,2747,51,,,0,108,,4650,51,,,0,66,,4642,34,,,0,109,,2735,34,,,0,110,,4643,34,,,0,117,,4644,51,,,0,103,,4645,34,,,0,78,,5463,34,,,0,110,,4646,34,,,0,74,,4647,51,,,0,119,,2742,51,,,0,104,,5464,34,,,0,187,,2744,51,,,0,202,,4648,51,,,0
2500,'4327',758,,5496,16,0,5,0,250,,4662,16,,,0,215,,2807,16,,,0,515,,5497,16,0,5,0,220,,5498,16,,,0
2500,'4332',758,,5493,16,0,5,0,250,,5495,16,,,0,215,,5494,16,,,0,515,,4666,16,0,5,0,220,,5492,16,,,0
2500,'4480',802,,2800,16,0,5,0,207,,2801,16,,,0,226,,2802,16,0,5,0,165,,4663,16,,,0,333,,5491,16,,,0
1002000,'4327',731,,5736,57,,,0,218,,3594,57,,,0,210,,5734,57,,,0,273,,3598,57,,,0,217,,5735,57,,,0,277,,3596,57,,,0
1002000,'4332',655,,5730,57,,,0,152,,5731,57,,,0,110,,5727,57,,,0,107,,3607,57,,,0,115,,5732,57,,,0,106,,3606,57,,,0,101,,5728,57,,,0,112,,3609,57,,,0,157,,5729,57,,,0,110,,5733,57,,,0,125,,3603,57,,,0,264,,5726,57,,,0
1002000,'4480',647,,5721,40,,,0,108,,4996,40,,,0,145,,4997,57,,,0,40,,4998,40,,,0,110,,5722,40,,,0,150,,5723,40,,,0,110,,5724,40,,,0,193,,5725,57,,,0,137,,3586,40,,,0,113,,3587,40,,,0,152,,3588,40,,,0,414,,3589,57,,,0
1002000,'4663',2119,,5719,57,,,0
1002000,'4673',2119,,5720,57,,,0
1002000,'4681',2119,,5737,57,,,0
