7000,'4528',705,,8487,8,,,0,105,,8485,8,,,0,191,,8488,8,,,0,329,,8486,8,,,0,284,,8491,8,,,0,199,,8489,8,,,0,126,,8490,8,,,0
7000,'4532',858,,8499,8,,,0,100,,8495,8,,,0,188,,8497,8,,,0,174,,8493,8,,,0,307,,8494,8,,,0,127,,8492,8,,,0,192,,8496,8,,,0,190,,8498,8,,,0
7000,'4623',2046,,8501,8,,,0,102,,8500,8,,,0
7000,'5221',958,,8506,8,,,0,188,,8502,8,,,0,174,,8503,8,,,0,307,,8504,8,,,0,319,,8505,8,,,0
7001,'4528',523,,8508,3,,,0,105,,8507,3,,,0,189,,8509,3,,,0,325,,8511,3,,,0,288,,8513,3,,,0,196,,8510,3,,,0,130,,8512,3,,,0
7001,'4532',710,,8521,3,,,0,100,,8517,3,,,0,145,,8519,3,,,0,163,,8515,3,,,0,314,,8516,3,,,0,174,,8514,3,,,0,150,,8518,3,,,0,189,,8520,3,,,0
7001,'4623',1859,,8522,3,,,0,142,,8523,3,,,0
7001,'5221',810,,8528,3,,,0,145,,8525,3,,,0,163,,8524,3,,,0,314,,8526,3,,,0,324,,8527,3,,,0
7800,'4528',627,,8653,1,,,0,100,,8654,1,,,0,230,,8655,1,,,0,644,,8656,1,,,0,229,,8657,1,,,0
7801,'4528',625,,8658,10,4,,0,100,,8659,10,4,,0,230,,8660,10,4,,0,604,,8661,10,4,,0,269,,8662,10,4,,0
