2001,'4327',923,,2784,30,,,0,227,,2786,30,,,0,692,,2788,30,,,0
2001,'4332',1021,,2799,30,,,0,105,,4660,30,,,0,492,,2797,30,,,0,213,,2790,30,,,0,377,,2794,47,,,0
2001,'4480',804,,4659,47,,,0,32,,2777,47,,,0,87,,2766,30,,,0,109,,4653,30,,,0,110,,4654,30,,,0,111,,4655,30,,,0,370,,2771,30,,,0,110,,2772,30,,,0
2001,'4663',1853,,5473,47,,,0,358,,5474,47,,,0
2001,'4673',1853,,5475,47,,,0,358,,5476,47,,,0
2001,'5302',1409,,2785,30,,,0,209,,2787,30,,,0
2001,'5303',701,,4658,30,,,0,832,,4656,47,,,0,320,,2782,47,,,0,99,,4657,30,,,0,259,,2783,47,,,0,197,,2774,47,,,0
2001,'5304',701,,5480,30,,,0,832,,5477,47,,,0,419,,5478,30,,,0,456,,5479,47,,,0
2001,'5306',933,,5485,30,,,0,321,,5481,30,,,0,155,,5486,30,,,0,102,,5483,30,,,0,210,,5484,30,,,0,685,,5482,47,,,0
2001,'5307',1409,,5487,30,,,0,209,,5488,30,,,0
2001,'5308',1853,,5489,47,,,0,358,,5490,47,,,0
1002001,'4327',822,,3630,47,,,0,485,,5002,47,,,0,222,,5003,47,,,0,217,,3626,47,,,0
1002001,'4332',1225,,5016,47,,,0,227,,3632,47,,,0,260,,3633,47,,,0,233,,5013,47,,,0,361,,5015,47,,,0
1002001,'4480',736,,5004,30,,,0,111,,5005,30,,,0,110,,5006,47,,,0,371,,3616,30,,,0,131,,5008,47,,,0,255,,5009,47,,,0,203,,3622,30,,,0,192,,5011,47,,,0,200,,3624,47,,,0
1002001,'5302',1035,,3629,47,,,0,1015,,3628,47,,,0
1002001,'5303',1107,,3614,30,,,0,110,,5007,30,,,0,206,,3617,47,,,0,182,,3619,47,,,0,204,,5010,30,,,0
1002001,'5304',1107,,5738,30,,,0,110,,5739,30,,,0,206,,5740,47,,,0,182,,5741,47,,,0,204,,5742,30,,,0
1002001,'5306',746,,5745,47,,,0,113,,5746,47,,,0,152,,5743,47,,,0,111,,5744,47,,,0,220,,5749,47,,,0,214,,5747,47,,,0,265,,5748,47,,,0,226,,5750,47,,,0
1002001,'5307',1035,,5752,47,,,0,1015,,5751,47,,,0
