101,'4528',648,,5886,12,,,0,73,,5885,12,,,0,19,,5889,12,,,0,60,,5883,12,,,0,21,,5887,12,,,0,19,,5888,12,,,0,17,,5882,12,,,0,65,,5881,12,,,0,33,,5878,12,,,0,72,,5876,12,,,0,25,,5880,12,,,0,72,,5867,12,,,0,26,,5879,12,,,0,74,,5868,12,,,0,34,,5875,12,,,0,66,,5897,12,,,0,33,,5874,12,,,0,67,,5871,12,,,0,33,,5873,12,,,0,56,,5895,12,,,0,21,,5869,12,,,0,23,,5856,12,,,0,57,,5884,12,,,0,21,,5858,12,,,0,22,,5866,12,,,0,57,,5857,12,,,0,20,,5872,12,,,0,24,,5870,12,,,0,55,,5896,12,,,0,16,,5877,12,,,0,72,,5861,12,,,0,23,,5891,12,,,0,30,,5862,12,,,0,70,,5890,12,,,0,30,,5863,12,,,0,70,,5893,12,,,0,30,,5864,12,,,0,70,,5892,12,,,0,30,,5865,12,,,0,68,,5894,12,,,0,32,,5860,12,,,0,83,,5859,12,,,0
101,'5015',724,,5910,12,,,0,30,,5932,12,,,0,71,,5912,12,,,0,27,,5917,12,,,0,74,,5907,12,,,0,22,,5903,12,,,0,81,,5919,12,,,0,29,,5911,12,,,0,68,,5898,12,,,0,31,,5901,12,,,0,68,,5923,12,,,0,33,,5914,12,,,0,71,,5905,12,,,0,30,,5924,12,,,0,70,,5916,12,,,0,30,,5904,12,,,0,70,,5925,12,,,0,30,,5920,12,,,0,69,,5899,12,,,0,72,,5909,12,,,0,27,,5902,12,,,0,30,,5913,12,,,0,70,,5926,12,,,0,29,,5927,12,,,0,69,,5915,12,,,0,30,,5918,12,,,0,69,,5906,12,,,0,32,,5928,12,,,0,68,,5900,12,,,0,77,,5930,12,,,0,23,,5921,12,,,0,29,,5931,12,,,0,69,,5929,12,,,0,31,,5908,12,,,0,80,,5922,12,,,0
101,'5221',811,,5942,12,,,0,30,,5947,12,,,0,70,,5945,12,,,0,28,,5944,12,,,0,73,,5953,12,,,0,32,,5941,12,,,0,71,,5951,12,,,0,33,,5954,12,,,0,70,,5935,12,,,0,30,,5939,12,,,0,70,,5952,12,,,0,30,,5956,12,,,0,70,,5955,12,,,0,30,,5934,12,,,0,70,,5946,12,,,0,30,,5940,12,,,0,69,,5938,12,,,0,29,,5936,12,,,0,70,,5943,12,,,0,29,,5937,12,,,0,70,,5958,12,,,0,30,,5957,12,,,0,70,,5949,12,,,0,29,,5933,12,,,0,70,,5950,12,,,0,30,,5959,12,,,0,81,,5948,12,,,0
1501,'4528',851,,6446,15,,,0,69,,6447,15,,,0,30,,6448,15,,,0,70,,6445,15,,,0,30,,6449,15,,,0,70,,6450,15,,,0,29,,6451,15,,,0,71,,6452,15,,,0,103,,6454,15,,,0,27,,6453,15,,,0,508,,6456,15,,,0,149,,6455,15,,,0,110,,6457,15,,,0
1501,'5015',804,,6466,15,,,0,146,,6467,15,,,0,102,,6464,15,,,0,158,,6468,15,,,0,112,,6465,15,,,0,109,,6463,15,,,0,110,,6458,15,,,0,108,,6460,15,,,0,151,,6461,15,,,0,108,,6462,15,,,0,112,,6459,15,,,0,107,,6469,15,,,0
1501,'5221',838,,6474,15,,,0,112,,6479,15,,,0,150,,6470,15,,,0,110,,6475,15,,,0,110,,6472,15,,,0,110,,6473,15,,,0,109,,6476,15,,,0,109,,6471,15,,,0,110,,6478,15,,,0,150,,6477,15,,,0
3001,'4528',705,,6659,53,,,0,47,,6658,53,,,0,79,,6661,53,,,0,74,,6660,53,,,0,34,,6635,53,,,0,75,,6636,53,,,0,35,,6637,53,,,0,76,,6638,53,,,0,75,,6639,53,,,0,36,,6640,53,,,0,75,,6642,53,,,0,35,,6643,53,,,0,77,,6644,53,,,0,36,,6641,53,,,0,76,,6645,53,,,0,76,,6646,53,,,0,34,,6647,53,,,0,73,,6648,53,,,0,33,,6649,53,,,0,74,,6650,53,,,0,34,,6651,53,,,0,74,,6652,53,,,0,75,,6654,53,,,0,108,,6655,53,,,0,100,,6656,53,,,0,96,,6653,53,,,0,99,,6657,53,,,0
3001,'5015',817,,6680,53,,,0,108,,6672,53,,,0,78,,6675,53,,,0,36,,6674,53,,,0,77,,6671,53,,,0,35,,6676,53,,,0,77,,6665,53,,,0,76,,6682,53,,,0,35,,6683,53,,,0,76,,6663,53,,,0,35,,6666,53,,,0,71,,6670,53,,,0,37,,6679,53,,,0,75,,6677,53,,,0,74,,6668,53,,,0,32,,6685,53,,,0,75,,6662,53,,,0,35,,6684,53,,,0,74,,6667,53,,,0,35,,6669,53,,,0,148,,6678,53,,,0,109,,6664,53,,,0,100,,6681,53,,,0,101,,6673,53,,,0
3001,'5221',843,,6692,53,,,0,161,,6689,53,,,0,110,,6686,53,,,0,111,,6695,53,,,0,110,,6693,53,,,0,110,,6696,53,,,0,112,,6694,53,,,0,147,,6688,53,,,0,110,,6690,53,,,0,103,,6687,53,,,0,115,,6691,53,,,0
1001501,'4528',739,,7227,20,,,0,78,,7226,20,,,0,439,,7230,20,,,0,171,,7228,20,,,0,76,,7229,20,,,0,36,,7232,20,,,0,77,,7235,20,,,0,37,,7234,20,,,0,73,,7231,20,,,0,75,,7233,20,,,0,34,,7236,20,,,0
