3100,'4327',959,,2983,5,,,0,160,,4712,5,,,0,130,,2984,5,,,0,165,,4711,5,,,0,130,,2990,5,,,0,465,,2988,5,,,0
3100,'4332',745,,2995,5,,,0,375,,3000,5,,,0,330,,2991,5,,,0,100,,2992,5,,,0,100,,2997,5,,,0,200,,4723,5,,,0
3100,'4480',845,,2968,5,,,0,90,,2969,5,,,0,109,,4713,5,,,0,100,,2971,5,,,0,100,,2972,5,,,0,100,,4714,5,,,0,100,,2974,5,,,0,98,,2975,5,,,0,102,,4715,5,,,0,100,,4716,5,,,0
3100,'4663',1949,,5553,5,,,0
3100,'4673',1949,,5554,5,,,0
3100,'5302',834,,2987,5,,,0,870,,2982,5,,,0,126,,2985,5,,,0
3100,'5303',639,,2966,5,,,0,94,,2967,5,,,0,1116,,4717,5,,,0,100,,4720,5,,,0
3100,'5304',639,,5555,5,,,0,94,,5556,5,,,0,1116,,5557,5,,,0
3100,'5306',850,,5561,5,,,0,98,,5562,5,,,0,302,,5558,5,,,0,100,,5560,5,,,0,400,,5559,5,,,0
3100,'5307',834,,5565,5,,,0,870,,5563,5,,,0,126,,5564,5,,,0
3100,'5308',1949,,5566,5,,,0
