3001,'4327',829,2,2937,37,,,0,382,2,2940,37,,,0,220,2,2941,37,,,0,220,2,2933,37,,,0,253,2,4691,37,,,0,115,2,2936,37,,,0
3001,'4332',912,2,2952,37,,,0,37,2,4706,37,,,0,153,2,2951,37,,,0,298,42,2943,37,,,0,106,2,2950,37,,,0,147,2,4704,37,,,0,148,42,4702,37,,,0,109,2,2947,37,,,0,35,2,2949,37,,,0,108,2,4708,37,,,0
3001,'4480',652,2,4698,37,,,0,86,2,4697,37,,,0,79,2,2922,37,,,0,18,2,2924,37,,,0,16,2,2921,37,,,0,58,2,2925,37,,,0,91,42,2900,37,,,0,35,2,2901,37,,,0,75,2,2902,37,,,0,35,2,2903,37,,,0,76,2,2904,37,,,0,35,2,2906,37,,,0,75,2,2907,37,,,0,76,2,2908,37,,,0,35,2,4695,37,,,0,76,2,2909,37,,,0,37,2,2910,37,,,0,148,2,2911,37,,,0,108,2,2913,37,,,0,109,2,2915,37,,,0,35,2,2917,37,,,0,445,42,2919,37,,,0
3001,'4663',1629,2,5524,37,,,0,574,2,5525,37,,,0
3001,'4673',2203,2,5526,37,,,0
3001,'5302',950,2,4692,37,,,0,150,42,2931,37,,,0,221,2,4693,37,,,0,222,2,4694,37,,,0,258,42,2935,37,,,0
3001,'5303',926,2,2899,37,,,0,703,2,2926,37,,,0,108,2,2912,37,,,0,108,2,2914,37,,,0,258,2,2918,37,,,0,100,2,4701,37,,,0,97,42,4696,37,,,0
3001,'5304',926,2,5527,37,,,0,811,2,5528,37,,,0,108,2,5529,37,,,0,258,2,5531,37,,,0,197,42,5530,37,,,0
3001,'5305',1629,2,5532,37,,,0
3001,'5306',804,2,5541,37,,,0,221,2,5537,37,,,0,112,2,5538,37,,,0,76,2,5534,37,,,0,36,2,5543,37,,,0,75,2,5544,37,,,0,111,2,5535,37,,,0,108,2,5540,37,,,0,75,2,5539,37,,,0,108,2,5546,37,,,0,110,2,5545,37,,,0,366,2,5533,37,,,0,100,2,5542,37,,,0,101,2,5536,37,,,0
3001,'5307',950,2,5548,37,,,0,150,42,5547,37,,,0,221,2,5550,37,,,0,222,2,5551,37,,,0,258,42,5549,37,,,0
3001,'5308',2203,2,5552,37,,,0
