601,'4327',816,,4511,23,,,0,110,,4515,23,,,0,110,,2349,23,,,0,110,,4512,23,,,0,110,,2350,23,,,0,150,,2352,23,,,0,110,,2356,23,,,0,110,,4510,23,,,0,110,,4514,23,,,0,110,,4513,23,,,0,110,,2354,23,,,0
601,'4332',741,,2368,23,,,0,185,,3828,23,,,0,102,,2366,23,,,0,118,,2370,23,,,0,261,,2365,23,,,0,219,,2362,23,,,0,111,,3826,23,,,0,109,,2364,23,,,0,112,,2361,23,,,0,147,,2373,23,,,0,200,,2371,23,,,0,45,,2372,23,,,0
601,'4480',706,,2338,23,,,0,43,,2337,23,,,0,72,,2333,23,,,0,83,,2345,23,,,0,115,,2334,23,,,0,125,,2344,23,,,0,113,,2336,23,,,0,155,,2335,23,,,0,115,,2339,23,,,0,116,,2341,23,,,0,115,,4517,23,,,0,156,,4516,23,,,0,116,,2343,23,,,0,112,,4518,23,,,0,159,,2347,23,,,0,50,,4519,23,,,0
601,'5244',1257,,4521,23,,,0,260,,4520,23,,,0,684,,4522,23,,,0
4001,'4327',659,,3226,9,,,0,146,,3214,9,,,0,118,,4853,9,,,0,110,,3223,9,,,0,76,,4850,9,,,0,35,,3210,9,,,0,77,,4847,9,,,0,32,,4848,9,,,0,75,,4855,9,,,0,75,,3211,9,,,0,35,,3219,9,,,0,77,,3215,9,,,0,29,,3218,9,,,0,81,,3209,9,,,0,75,,4854,9,,,0,36,,4852,9,,,0,75,,4856,9,,,0,29,,3212,9,,,0,81,,4849,9,,,0,35,,4851,9,,,0
4001,'4332',655,,3254,9,,,0,83,,3243,9,,,0,74,,3251,9,,,0,33,,3248,9,,,0,76,,3240,9,,,0,298,,3237,9,,,0,35,,3238,9,,,0,76,,3250,9,,,0,75,,3229,9,,,0,31,,3245,9,,,0,78,,3239,9,,,0,295,,4201,9,,,0,144,,3252,9,,,0,386,,3236,9,,,0
4001,'4480',628,,3199,9,,,0,31,,4898,9,,,0,71,,4902,9,,,0,16,,4899,9,,,0,55,,4900,9,,,0,16,,4901,9,,,0,17,,4865,9,,,0,15,,4868,9,,,0,55,,4869,9,,,0,15,,4870,9,,,0,15,,4866,9,,,0,15,,4867,9,,,0,55,,4871,9,,,0,15,,4872,9,,,0,15,,4873,9,,,0,15,,4874,9,,,0,55,,4875,9,,,0,15,,4876,9,,,0,15,,4877,9,,,0,15,,3172,9,,,0,56,,4878,9,,,0,15,,3174,9,,,0,15,,3175,9,,,0,15,,4879,9,,,0,55,,3177,9,,,0,15,,4880,9,,,0,15,,4881,9,,,0,15,,4882,9,,,0,55,,4883,9,,,0,15,,4884,9,,,0,15,,4885,9,,,0,15,,4886,9,,,0,55,,4887,9,,,0,15,,4888,9,,,0,15,,4889,9,,,0,15,,3188,9,,,0,55,,4890,9,,,0,15,,4891,9,,,0,15,,3191,9,,,0,15,,4892,9,,,0,55,,4903,9,,,0,15,,4895,9,,,0,15,,3196,9,,,0,15,,4893,9,,,0,55,,4894,9,,,0,15,,4896,9,,,0,15,,4897,9,,,0,17,,3158,9,,,0,60,,4864,9,,,0,20,,4860,9,,,0,20,,4863,9,,,0,88,,3151,9,,,0,70,,3155,9,,,0,31,,4859,9,,,0,69,,4862,9,,,0,30,,4858,9,,,0,70,,4861,9,,,0,30,,4857,9,,,0
4001,'4673',2011,,4904,9,,,0
4001,'5241',2011,,4905,9,,,0
4001,'5244',958,,4917,9,,,0,76,,4906,9,,,0,74,,4918,9,,,0,36,,4909,9,,,0,405,,4916,9,,,0,75,,4910,9,,,0,34,,4913,9,,,0,75,,4915,9,,,0,110,,4911,9,,,0,75,,4908,9,,,0,110,,4912,9,,,0,75,,4919,9,,,0,35,,4914,9,,,0,100,,4907,9,,,0
