'3038',8800,74600,,'',0,9200,,'',0,11400,,'',0,9000,,'',0,9000,,'',0,9500,,'',0,9000,,'',0,9800,,'',0,9000,,'',0,5000,,'',0,9700,,'',0,15000,,'',0,4900,,'',0,9600,,'',0
'3038',8801,74600,4,'',0,9200,4,'',0,11400,4,'',0,9000,4,'',0,9000,4,'',0,9500,4,'',0,9000,4,'',0,9800,4,'',0,9000,4,'',0,5000,4,'',0,9700,4,'',0,15000,4,'',0,4900,4,'',0,9600,4,'',0
'3394',8800,74600,,'',0,8500,,'',0,12500,,'',0,9000,,'',0,10100,,'',0,9000,,'',0,9000,,'',0,10000,,'',0,9000,,'',0,9000,,'',0,4900,,'',0,14500,,'',0
'3394',8801,74600,4,'',0,8500,4,'',0,12500,4,'',0,9000,4,'',0,10100,4,'',0,9000,4,'',0,9000,4,'',0,10000,4,'',0,9000,4,'',0,9000,4,'',0,4900,4,'',0,14500,4,'',0
'3450',8800,74600,,'',0,9200,,'',0,11400,,'',0,9000,,'',0,9000,,'',0,9500,,'',0,9000,,'',0,9800,,'',0,9000,,'',0,5000,,'',0,9700,,'',0,15000,,'',0,4900,,'',0,9600,,'',0
'3450',8801,74600,4,'',0,9200,4,'',0,11400,4,'',0,9000,4,'',0,9000,4,'',0,9500,4,'',0,9000,4,'',0,9800,4,'',0,9000,4,'',0,5000,4,'',0,9700,4,'',0,15000,4,'',0,4900,4,'',0,9600,4,'',0
'3628',8800,74600,,'',0,9200,,'',0,11400,,'',0,9000,,'',0,9000,,'',0,9500,,'',0,9000,,'',0,9800,,'',0,9000,,'',0,5000,,'',0,9700,,'',0,15000,,'',0,4900,,'',0,9600,,'',0
'3628',8801,74600,4,'',0,9200,4,'',0,11400,4,'',0,9000,4,'',0,9000,4,'',0,9500,4,'',0,9000,4,'',0,9800,4,'',0,9000,4,'',0,5000,4,'',0,9700,4,'',0,15000,4,'',0,4900,4,'',0,9600,4,'',0
'3792',8800,74600,,'',0,8500,,'',0,12500,,'',0,9000,,'',0,10100,,'',0,9000,,'',0,9000,,'',0,10000,,'',0,9000,,'',0,9000,,'',0,4900,,'',0,14500,,'',0
'3792',8801,74600,4,'',0,8500,4,'',0,12500,4,'',0,9000,4,'',0,10100,4,'',0,9000,4,'',0,9000,4,'',0,10000,4,'',0,9000,4,'',0,9000,4,'',0,4900,4,'',0,14500,4,'',0
