4001,'4327',713,,3226,22,,,0,106,,3214,22,,,0,229,,3223,22,,,0,111,,3210,22,,,0,150,,4848,22,,,0,110,,3211,22,,,0,35,,3219,22,,,0,77,,3215,22,,,0,109,,3209,22,,,0,110,,4852,22,,,0,75,,4856,22,,,0,110,,4849,22,,,0,75,,4851,22,,,0
4001,'4332',753,,3243,22,,,0,147,,3248,22,,,0,114,,4917,22,,,0,36,,4906,22,,,0,75,,4918,22,,,0,76,,4909,22,,,0,35,,3237,22,,,0,75,,3238,22,,,0,142,,3245,22,,,0,78,,3239,22,,,0,75,,4916,22,,,0,35,,4910,22,,,0,109,,4915,22,,,0,109,,4911,22,,,0,150,,3252,22,,,0,108,,4919,22,,,0,35,,4914,22,,,0,100,,4907,22,,,0
4001,'4480',641,,3199,22,,,0,72,,4898,22,,,0,32,,4902,22,,,0,56,,4899,22,,,0,15,,4900,22,,,0,18,,4901,22,,,0,16,,4865,22,,,0,69,,4869,22,,,0,14,,4870,22,,,0,15,,4866,22,,,0,55,,4867,22,,,0,30,,4872,22,,,0,15,,4873,22,,,0,55,,4874,22,,,0,15,,4875,22,,,0,15,,4876,22,,,0,16,,4877,22,,,0,55,,3172,22,,,0,17,,4878,22,,,0,85,,4879,22,,,0,30,,4880,22,,,0,15,,4881,22,,,0,55,,4882,22,,,0,30,,4884,22,,,0,15,,4885,22,,,0,55,,4886,22,,,0,15,,4887,22,,,0,15,,4888,22,,,0,15,,4889,22,,,0,70,,4890,22,,,0,15,,4891,22,,,0,15,,3191,22,,,0,69,,4903,22,,,0,15,,4895,22,,,0,15,,3196,22,,,0,69,,4894,22,,,0,15,,4896,22,,,0,92,,4864,22,,,0,20,,4860,22,,,0,108,,3151,22,,,0,100,,4859,22,,,0,69,,4862,22,,,0,29,,4858,22,,,0,70,,4861,22,,,0,30,,4857,22,,,0
4001,'4673',2025,,4904,22,,,0
4001,'5241',2025,,4905,22,,,0
4001,'5302',938,,4853,22,,,0,186,,4850,22,,,0,113,,4847,22,,,0,107,,4855,22,,,0,215,,3218,22,,,0,156,,4854,22,,,0,139,,3212,22,,,0
4001,'5303',905,,4868,22,,,0,113,,4871,22,,,0,218,,3174,22,,,0,15,,3175,22,,,0,70,,3177,22,,,0,100,,4883,22,,,0,185,,3188,22,,,0,99,,4892,22,,,0,99,,4893,22,,,0,45,,4897,22,,,0,57,,3158,22,,,0,100,,4863,22,,,0,118,,3155,22,,,0
4001,'5304',905,,5615,22,,,0,113,,5616,22,,,0,218,,5617,22,,,0,15,,5618,22,,,0,70,,5619,22,,,0,100,,5620,22,,,0,185,,5621,22,,,0,99,,5622,22,,,0,99,,5623,22,,,0,45,,5624,22,,,0,57,,5614,22,,,0,100,,5613,22,,,0,118,,5612,22,,,0
4001,'5306',710,,5634,22,,,0,117,,5633,22,,,0,110,,5630,22,,,0,410,,5632,22,,,0,75,,5625,22,,,0,293,,5631,22,,,0,110,,5627,22,,,0,109,,5626,22,,,0,109,,5628,22,,,0,310,,5629,22,,,0
4001,'5307',938,,5639,22,,,0,186,,5637,22,,,0,113,,5635,22,,,0,107,,5641,22,,,0,215,,5638,22,,,0,156,,5640,22,,,0,139,,5636,22,,,0
