4000,'4327',729,,4742,29,,,0,224,,4739,29,,,0,192,,4737,29,,,0,178,,4751,29,,,0,110,,4743,29,,,0,110,,4740,29,,,0,75,,4748,29,,,0,35,,4747,29,,,0,75,,4754,29,,,0,75,,4738,29,,,0,35,,4749,29,,,0,74,,4744,29,,,0,35,,4753,29,,,0
4000,'4332',703,,4839,29,,,0,32,,4844,29,,,0,111,,4824,29,,,0,73,,4840,29,,,0,34,,4821,29,,,0,77,,4837,29,,,0,107,,4828,29,,,0,110,,4820,29,,,0,75,,4825,29,,,0,35,,4829,29,,,0,75,,4838,29,,,0,113,,4827,29,,,0,107,,4842,29,,,0,79,,4841,29,,,0,71,,4830,29,,,0,145,,4823,29,,,0,77,,4846,29,,,0,35,,4835,29,,,0
4000,'4480',621,,4804,29,,,0,30,,4805,29,,,0,56,,4812,29,,,0,13,,4806,29,,,0,15,,4807,29,,,0,15,,4808,29,,,0,57,,4810,29,0,6 7,0,12,,4811,29,,,0,17,,4762,29,,,0,15,,4763,29,,,0,55,,4764,29,,,0,15,,4765,29,,,0,15,,4766,29,,,0,16,,4767,29,,,0,55,,4768,29,,,0,30,,4770,29,,,0,13,,4771,29,,,0,55,,4772,29,,,0,31,,4774,29,,,0,15,,4775,29,,,0,55,,4776,29,,,0,30,,4778,29,,,0,15,,4779,29,,,0,55,,4780,29,,,0,14,,4781,29,,,0,14,,4782,29,,,0,15,,4783,29,,,0,55,,4784,29,,,0,14,,4785,29,,,0,15,,4786,29,,,0,14,,4787,29,,,0,56,,4788,29,,,0,15,,4789,29,,,0,30,,4792,29,,,0,70,,4794,29,,,0,15,,4795,29,,,0,88,,4798,29,,,0,16,,4796,29,,,0,72,,4800,29,,,0,20,,4801,29,,,0,20,,4802,29,,,0,354,,4758,29,,,0,30,,4761,29,,,0,71,,4757,29,,,0
4000,'4663',2031,,5581,29,,,0
4000,'4673',1911,,4816,29,,,0,120,,5582,29,,,0,102,,4815,29,,,0
4000,'5241',1911,,4819,29,,,0,222,,4818,29,,,0
4000,'5302',846,,4752,29,,,0,182,,4755,29,,,0,72,,4741,29,,,0,113,,4756,29,,,0,35,,4750,29,,,0,110,,4746,29,,,0,148,,4745,29,,,0
4000,'5303',802,,4809,29,,,0,220,,4769,29,,,0,99,,4773,29,,,0,100,,4777,29,,,0,312,,4790,29,,,0,70,,4793,29,,,0,47,,4797,29,,,0,56,,4791,29,,,0,46,,4799,29,,,0,179,,4803,29,,,0,70,,4760,29,,,0,30,,4817,29,,,0,72,,4759,29,,,0
4000,'5304',802,,5594,29,,,0,220,,5585,29,,,0,99,,5586,29,,,0,100,,5587,29,,,0,312,,5588,29,,,0,70,,5590,29,,,0,47,,5591,29,,,0,56,,5589,29,,,0,46,,5592,29,,,0,179,,5593,29,,,0,70,,5584,29,,,0,102,,5583,29,,,0
4000,'5306',809,,5598,29,,,0,293,,5595,29,,,0,110,,5597,29,,,0,295,,5602,29,,,0,110,,5599,29,,,0,221,,5600,29,,,0,74,,5603,29,,,0,291,,5596,29,,,0,99,,5601,29,,,0
4000,'5307',846,,5608,29,,,0,182,,5609,29,,,0,72,,5604,29,,,0,113,,5610,29,,,0,35,,5607,29,,,0,110,,5606,29,,,0,148,,5605,29,,,0
4000,'5308',2031,,5611,29,,,0
