2000,'4480',602,,2746,25,0,9 12 2 5,0,108,,2747,25,0,9 12 2 5,0,107,,2748,25,0,9 12 2 5,0,38,,2734,25,,,0,149,,2735,25,,,0,110,,2736,25,,,0,105,,2737,25,0,9 12 2 5,0,115,,2738,25,,,0,78,,2739,25,,,0,110,,2740,25,,,0,20,,2741,25,0,9 12 2 5,0,160,,2742,25,0,9 12 2 5,0,117,,2743,25,,,0,136,,2744,25,0,9 12 2 5,0,203,,2745,25,0,9 12 2 5,0
2000,'4970',827,,2749,25,,,0,218,,2752,25,,,0,259,,2751,25,,,0,221,,2753,25,,,0,225,,2750,25,,,0
2000,'5131',818,,2763,25,,,0,112,,2762,25,,,0,100,,2764,25,,,0,118,,2754,25,,,0,108,,2755,25,,,0,151,,2757,25,,,0,111,,2758,25,,,0,111,,2756,25,,,0,103,,2760,25,,,0,204,,2759,25,0,9 12 2 5,0,218,,2765,25,0,9 12 2 5,0,102,,2761,25,0,9 12 2 5,0
9200,'4663',1410,,3495,21,,,0,2,,3496,21,,,0
9200,'4673',1529,,3498,21,,,0,2,,3497,21,,,0
9200,'4681',1431,,3499,21,,,0,2,,3500,21,,,0
1002000,'4480',636,,3578,31,,,0,108,,3579,31,,,0,93,,3580,31,,,0,91,,3581,31,,,0,110,,3582,31,,,0,110,,3583,31,,,0,110,,3584,31,,,0,180,,3585,31,,,0,190,,3586,31,,,0,113,,3587,31,,,0,112,,3588,31,,,0,405,,3589,31,,,0
1002000,'4663',2058,,3590,31,,,0
1002000,'4673',2058,,3591,31,,,0
1002000,'4681',2058,,3592,31,,,0
1002000,'4970',711,,3597,31,,,0,218,,3594,31,,,0,209,,3593,31,,,0,272,,3598,31,,,0,218,,3595,31,,,0,278,,3596,31,,,0
1002000,'5131',635,,3604,31,,,0,112,,3605,31,,,0,110,,3600,31,,,0,147,,3607,31,,,0,114,,3608,31,,,0,106,,3606,31,,,0,100,,3601,31,,,0,112,,3609,31,,,0,118,,3602,31,,,0,150,,3610,31,,,0,125,,3603,31,,,0,225,,3599,31,,,0
