3100,'4327',1007,,2983,15,,,0,120,,4712,15,,,0,130,,2984,15,,,0,165,,4711,15,,,0,130,,2990,15,,,0,465,,2988,15,,,0
3100,'4332',753,,2995,15,,,0,375,,3000,15,,,0,330,,2991,15,,,0,100,,2992,15,,,0,100,,2997,15,,,0,200,,4723,15,,,0
3100,'4480',852,,2968,15,,,0,90,,2969,15,,,0,109,,4713,15,,,0,100,,2971,15,,,0,100,,2972,15,,,0,100,,4714,15,,,0,100,,2974,15,,,0,98,,2975,15,,,0,102,,4715,15,,,0,101,,4716,15,,,0
3100,'4663',1956,,5553,15,,,0
3100,'4673',1956,,5554,15,,,0
3100,'5302',842,,2987,15,,,0,870,,2982,15,,,0,126,,2985,15,,,0
3100,'5303',646,,2966,15,,,0,95,,2967,15,,,0,1115,,4717,15,,,0,100,,4720,15,,,0
3100,'5304',646,,5555,15,,,0,95,,5556,15,,,0,1115,,5557,15,,,0
3100,'5306',858,,5561,15,,,0,98,,5562,15,,,0,302,,5558,15,,,0,100,,5560,15,,,0,400,,5559,15,,,0
3100,'5307',842,,5565,15,,,0,870,,5563,15,,,0,126,,5564,15,,,0
3100,'5308',1956,,5566,15,,,0
