501,'4663',1601,,5139,12,,,0,119,,5140,12,,,0,115,,5138,12,,,0
501,'4673',1601,,5142,12,,,0,119,,5143,12,,,0
501,'5302',839,,2264,13,,,0,110,,4480,13,,,0,152,,4478,13,,,0,100,,4479,13,,,0,130,,4481,13,,,0,104,,2263,13,,,0,116,,2270,13,,,0,150,,2269,13,,,0,110,,2271,13,,,0,110,,2267,13,,,0,110,,2265,13,,,0
501,'5303',649,,2241,13,,,0,151,,2245,13,,,0,110,,2237,13,,,0,110,,2242,13,,,0,101,,2239,13,,,0,99,,2240,13,,,0,128,,4483,13,,,0,98,,4482,13,,,0,155,,4493,13,,,0,119,,4494,13,,,0,115,,2250,13,,,0,115,,2243,13,,,0,109,,4484,13,,,0,150,,2246,13,,,0,49,,2248,13,,,0
501,'5304',649,,5148,12,,,0,151,,5152,12,,,0,110,,5144,12,,,0,110,,5149,12,,,0,101,,5146,12,,,0,99,,5147,12,,,0,128,,5151,12,,,0,98,,5145,12,,,0,504,,5150,12,,,0,109,,5154,12,,,0,150,,5153,12,,,0,49,,5155,12,,,0
501,'5305',1835,,5157,12,,,0
501,'5306',752,,5160,12,,,0,196,,5161,12,,,0,109,,5162,12,,,0,156,,5163,12,,,0,117,,5164,12,,,0,109,,5165,12,,,0,110,,5166,12,,,0,109,,5167,12,,,0,152,,5168,12,,,0,110,,5169,12,,,0,105,,5170,12,,,0,107,,5171,12,,,0,109,,5159,12,,,0
501,'5307',839,,5175,12,,,0,110,,5177,12,,,0,152,,5172,12,,,0,100,,5173,12,,,0,130,,5179,12,,,0,104,,5174,12,,,0,116,,5181,12,,,0,150,,5180,12,,,0,110,,5182,12,,,0,110,,5178,12,,,0,110,,5176,12,,,0
501,'5308',1601,,5184,12,,,0,119,,5185,12,,,0
800,'4327',2046,,2505,29,,,0
800,'4663',1621,,5317,29,,,0
800,'4673',1621,,5318,29,,,0
800,'5302',750,,2497,29,,,0,150,,2498,29,,,0,121,,2499,29,,,0,104,,2500,29,,,0,111,,2501,29,,,0,117,,2502,29,,,0,149,,2503,29,,,0,112,,2496,29,,,0,111,,2494,29,,,0,106,,2495,29,,,0,110,,2504,29,,,0
800,'5303',617,,4572,29,,,0,131,,2478,29,,,0,103,,2481,29,,,0,153,,2486,29,,,0,115,,2477,29,,,0,125,,2485,29,,,0,115,,4569,29,,,0,157,,2479,29,,,0,105,,2493,29,,,0,124,,2482,29,,,0,113,,4571,29,,,0,154,,4570,29,,,0,114,,2488,29,,,0,111,,4573,29,,,0,118,,2490,29,,,0
800,'5304',617,,5329,29,,,0,131,,5320,29,,,0,103,,5323,29,,,0,153,,5328,29,,,0,115,,5319,29,,,0,125,,5327,29,,,0,115,,5322,29,,,0,157,,5321,29,,,0,229,,5324,29,,,0,113,,5326,29,,,0,154,,5325,29,,,0,114,,5330,29,,,0,111,,5331,29,,,0,118,,5332,29,,,0
800,'5306',750,,5335,29,,,0,150,,5334,29,,,0,110,,5336,29,,,0,111,,5337,29,,,0,123,,5345,29,,,0,109,,5346,29,,,0,152,,5338,29,,,0,104,,5339,29,,,0,120,,5340,29,,,0,102,,5341,29,,,0,110,,5333,29,,,0,105,,5342,29,,,0,105,,5344,29,,,0,108,,5343,29,,,0
800,'5307',750,,5350,29,,,0,150,,5351,29,,,0,121,,5352,29,,,0,104,,5353,29,,,0,111,,5354,29,,,0,117,,5355,29,,,0,149,,5356,29,,,0,112,,5349,29,,,0,111,,5347,29,,,0,106,,5348,29,,,0,110,,5357,29,,,0
800,'5308',1621,,5358,29,,,0
