3000,'4528',626,,8149,19,,,0,75,,8150,19,,,0,33,,8147,19,,,0,110,,8148,19,,,0,75,,8126,19,,,0,35,,8127,19,,,0,75,,8128,19,,,0,75,,8129,19,,,0,34,,8130,19,,,0,75,,8131,19,,,0,35,,8132,19,,,0,74,,8134,19,,,0,34,,8135,19,,,0,75,,8136,19,,,0,76,,8133,19,,,0,35,,8137,19,,,0,76,,8138,19,,,0,35,,8139,19,,,0,79,,8140,19,,,0,76,,8141,19,,,0,36,,8142,19,,,0,109,,8143,19,,,0,102,,8144,19,,,0,101,,8145,19,,,0,101,,8146,19,,,0
3000,'4532',655,,8166,19,,,0,146,,8173,19,,,0,37,,8165,19,,,0,72,,8164,19,,,0,34,,8163,19,,,0,77,,8159,19,,,0,32,,8157,19,,,0,75,,8172,19,,,0,75,,8171,19,,,0,35,,8174,19,,,0,75,,8158,19,,,0,35,,8153,19,,,0,75,,8162,19,,,0,35,,8167,19,,,0,78,,8151,19,,,0,72,,8169,19,,,0,35,,8161,19,,,0,79,,8152,19,,,0,31,,8160,19,,,0,76,,8154,19,,,0,110,,8168,19,,,0,112,,8155,19,,,0,104,,8170,19,,,0,99,,8156,19,,,0
3000,'4623',809,,8175,19,,,0
3000,'5221',721,,8182,19,,,0,117,,8186,19,,,0,106,,8181,19,,,0,107,,8185,19,,,0,153,,8176,19,,,0,110,,8178,19,,,0,110,,8184,19,,,0,110,,8179,19,,,0,110,,8180,19,,,0,110,,8177,19,,,0,150,,8183,19,,,0
3000,'5222',809,,8187,19,,,0
4001,'4528',648,,8429,27,,,0,105,,8431,27,,,0,71,,8430,27,,,0,34,,8410,27,,,0,68,,8412,27,,,0,29,,8411,27,,,0,70,,8413,27,,,0,30,,8414,27,,,0,71,,8415,27,,,0,103,,8416,27,,,0,30,,8417,27,,,0,70,,8418,27,,,0,30,,8419,27,,,0,71,,8420,27,,,0,70,,8421,27,,,0,30,,8422,27,,,0,70,,8424,27,,,0,30,,8423,27,,,0,29,,8425,27,,,0,69,,8432,27,,,0,29,,8427,27,,,0,69,,8426,27,,,0,30,,8428,27,,,0,76,,8409,27,,,0,70,,8408,27,,,0,29,,8407,27,,,0,69,,8403,27,,,0,30,,8406,27,,,0,70,,8402,27,,,0,28,,8405,27,,,0,29,,8401,27,,,0,70,,8404,27,,,0,30,,8400,27,,,0
4001,'4532',717,,8460,27,,,0,84,,8449,27,,,0,34,,8457,27,,,0,74,,8454,27,,,0,37,,8446,27,,,0,77,,8453,27,,,0,36,,8433,27,,,0,75,,8455,27,,,0,76,,8437,27,,,0,35,,8443,27,,,0,75,,8444,27,,,0,36,,8456,27,,,0,75,,8435,27,,,0,71,,8451,27,,,0,38,,8445,27,,,0,75,,8452,27,,,0,35,,8438,27,,,0,73,,8447,27,,,0,35,,8450,27,,,0,75,,8440,27,,,0,74,,8439,27,,,0,35,,8436,27,,,0,74,,8458,27,,,0,34,,8441,27,,,0,74,,8459,27,,,0,35,,8448,27,,,0,100,,8434,27,,,0,141,,8442,27,,,0
4001,'4623',720,,8462,27,,,0,437,,8461,27,,,0
4001,'5221',719,,8482,27,,,0,107,,8470,27,,,0,121,,8477,27,,,0,110,,8479,27,,,0,76,,8472,27,,,0,75,,8466,27,,,0,38,,8463,27,,,0,72,,8464,27,,,0,35,,8480,27,,,0,75,,8467,27,,,0,75,,8475,27,,,0,37,,8471,27,,,0,68,,8474,27,,,0,40,,8465,27,,,0,75,,8478,27,,,0,35,,8476,27,,,0,74,,8481,27,,,0,69,,8468,27,,,0,40,,8469,27,,,0,75,,8473,27,,,0
4001,'5222',720,,8484,27,,,0,437,,8483,27,,,0
