1500,'4327',750,,2682,9,,,0,153,,2681,9,,,0,110,,2679,9,,,0,111,,2677,9,,,0,109,,2683,9,,,0,109,,2675,9,,,0,110,,2678,9,,,0,150,,2674,9,,,0,110,,2684,9,,,0,109,,2680,9,,,0,111,,2676,9,,,0
1500,'4332',750,,2692,9,,,0,150,,2687,9,,,0,110,,2695,9,,,0,108,,2691,9,,,0,119,,2690,9,,,0,105,,2688,9,,,0,110,,2693,9,,,0,150,,2694,9,,,0,114,,2685,9,,,0,106,,2686,9,,,0,110,,2689,9,,,0,107,,2696,9,,,0
1500,'4480',911,,2659,9,,,0,30,,2658,9,,,0,70,,2660,9,,,0,30,,2664,9,,,0,69,,2663,9,,,0,31,,2662,9,,,0,69,,2661,9,,,0,100,,2668,9,,,0,30,,2667,9,,,0,75,,2666,9,,,0,33,,2665,9,,,0,372,,2669,9,,,0,219,,2670,9,,,0
1500,'4663',1929,,2671,9,,,0
1500,'4673',1929,,2672,9,,,0
1500,'4681',1929,,2673,9,,,0
3000,'4327',711,,2869,10,,,0,117,,2873,10,,,0,105,,2868,10,,,0,107,,2872,10,,,0,113,,2863,10,,,0,148,,2865,10,,,0,110,,2871,10,,,0,110,,2866,10,,,0,110,,2867,10,,,0,111,,2864,10,,,0,112,,2870,10,,,0
3000,'4332',646,,2889,10,,,0,105,,2896,10,,,0,77,,2888,10,,,0,72,,2887,10,,,0,33,,2886,10,,,0,77,,2882,10,,,0,32,,2880,10,,,0,75,,2895,10,,,0,35,,2894,10,,,0,74,,2897,10,,,0,74,,2881,10,,,0,35,,2876,10,,,0,75,,2885,10,,,0,35,,2890,10,,,0,79,,2874,10,,,0,32,,2892,10,,,0,75,,2884,10,,,0,80,,2875,10,,,0,31,,2883,10,,,0,76,,2877,10,,,0,111,,2891,10,,,0,112,,2878,10,,,0,104,,2893,10,,,0,99,,2879,10,,,0
3000,'4480',616,,2852,10,,,0,35,,2854,10,,,0,56,,2855,10,,,0,17,,2850,10,,,0,17,,2856,10,,,0,17,,2853,10,,,0,57,,2857,10,,,0,18,,2851,10,,,0,76,,2832,10,,,0,35,,2833,10,,,0,74,,2834,10,,,0,35,,2835,10,,,0,74,,2836,10,,,0,74,,2837,10,,,0,35,,2838,10,,,0,74,,2839,10,,,0,34,,2840,10,,,0,75,,2841,10,,,0,111,,2842,10,,,0,110,,2843,10,,,0,116,,2844,10,,,0,76,,2845,10,,,0,110,,2846,10,,,0,103,,2847,10,,,0,101,,2848,10,,,0,102,,2849,10,,,0
3000,'4661',1455,,2858,10,,,0,265,,2859,10,,,0
3000,'4663',1455,,2860,10,,,0,265,,2861,10,,,0
3000,'4673',1606,,2862,10,,,0
3000,'5135',1606,,2898,10,,,0
1001500,'4480',649,,3558,9,,,0,75,,3555,9,,,0,34,,3557,9,,,0,75,,3556,9,,,0,401,,3559,9,,,0,285,,3562,9,,,0,36,,3563,9,,,0,77,,3560,9,,,0,76,,3561,9,,,0
1001500,'4673',1743,,3564,9,,,0
1001500,'5135',1743,,3565,9,,,0
