4000,'4528',601,,8346,3,,,0,29,,8347,3,,,0,28,,8348,3,,,0,68,,8349,3,,,0,28,,8350,3,,,0,72,,8325,3,,,0,31,,8326,3,,,0,72,,8327,3,,,0,30,,8328,3,,,0,68,,8329,3,,,0,30,,8330,3,,,0,70,,8331,3,,,0,29,,8332,3,,,0,99,,8333,3,,,0,69,,8334,3,,,0,28,,8336,3,,,0,69,,8335,3,,,0,31,,8337,3,,,0,69,,8338,3,,,0,32,,8339,3,,,0,70,,8340,3,,,0,33,,8341,3,,,0,71,,8342,3,,,0,77,,8343,3,,,0,32,,8344,3,,,0,70,,8345,3,,,0,32,,8321,3,,,0,71,,8322,3,,,0,32,,8320,3,,,0,70,,8323,3,,,0,32,,8319,3,,,0,70,,8324,3,,,0,31,,8318,3,,,0
4000,'4532',641,,8370,3,,,0,71,,8375,3,,,0,34,,8363,3,,,0,77,,8355,3,,,0,32,,8371,3,,,0,74,,8352,3,,,0,77,,8368,3,,,0,32,,8353,3,,,0,74,,8359,3,,,0,35,,8362,3,,,0,75,,8351,3,,,0,35,,8356,3,,,0,75,,8360,3,,,0,75,,8369,3,,,0,35,,8374,3,,,0,78,,8358,3,,,0,32,,8364,3,,,0,75,,8373,3,,,0,79,,8372,3,,,0,31,,8361,3,,,0,76,,8365,3,,,0,35,,8376,3,,,0,75,,8354,3,,,0,78,,8377,3,,,0,35,,8366,3,,,0,104,,8357,3,,,0,99,,8367,3,,,0
4000,'4623',1226,,8378,3,,,0
4000,'5221',707,,8384,3,,,0,117,,8394,3,,,0,106,,8381,3,,,0,75,,8397,3,,,0,32,,8383,3,,,0,85,,8379,3,,,0,28,,8398,3,,,0,75,,8392,3,,,0,34,,8393,3,,,0,75,,8388,3,,,0,75,,8385,3,,,0,33,,8387,3,,,0,77,,8382,3,,,0,35,,8390,3,,,0,75,,8389,3,,,0,75,,8396,3,,,0,35,,8380,3,,,0,75,,8391,3,,,0,35,,8386,3,,,0,75,,8395,3,,,0
4000,'5222',1226,,8399,3,,,0
1002000,'4528',620,,8790,3,,,0,107,,8791,3,,,0,185,,8792,3,,,0,219,,8793,3,,,0,110,,8794,3,,,0,368,,8795,3,,,0,113,,8796,3,,,0,113,,8797,3,,,0,207,,8798,3,,,0,200,,8799,3,,,0
1002000,'4532',619,,8805,3,,,0,112,,8806,3,,,0,110,,8801,3,,,0,107,,8808,3,,,0,154,,8809,3,,,0,106,,8807,3,,,0,100,,8802,3,,,0,112,,8810,3,,,0,118,,8803,3,,,0,110,,8811,3,,,0,165,,8804,3,,,0,225,,8800,3,,,0
1002000,'4623',1022,,8812,3,,,0,397,,8813,3,,,0
1002000,'5221',655,,8818,3,,,0,258,,8815,3,,,0,209,,8814,3,,,0,231,,8819,3,,,0,257,,8816,3,,,0,240,,8817,3,,,0
1002000,'5222',1022,,8820,3,,,0,397,,8821,3,,,0
