2001,'4327',933,,2784,42,,,0,268,,2786,42,,,0,651,,2788,42,,,0
2001,'4332',1031,,2799,42,,,0,105,,4660,42,,,0,492,,2797,42,,,0,213,,2790,42,,,0,376,,2794,59,,,0
2001,'4480',817,,4659,59,,,0,31,,2777,59,,,0,87,,2766,42,,,0,109,,4653,42,,,0,110,,4654,42,,,0,151,,4655,42,,,0,330,,2771,42,,,0,109,,2772,42,,,0
2001,'4663',1903,,5473,59,,,0,317,,5474,59,,,0
2001,'4673',1903,,5475,59,,,0,317,,5476,59,,,0
2001,'5302',1419,,2785,42,,,0,209,,2787,42,,,0
2001,'5303',711,,4658,42,,,0,834,,4656,59,,,0,358,,2782,59,,,0,99,,4657,42,,,0,218,,2783,59,,,0,197,,2774,59,,,0
2001,'5304',711,,5480,42,,,0,834,,5477,59,,,0,457,,5478,42,,,0,415,,5479,59,,,0
2001,'5306',943,,5485,42,,,0,361,,5481,42,,,0,115,,5486,42,,,0,102,,5483,42,,,0,210,,5484,42,,,0,683,,5482,59,,,0
2001,'5307',1419,,5487,42,,,0,209,,5488,42,,,0
2001,'5308',1903,,5489,59,,,0,317,,5490,59,,,0
