3001,'4327',819,,2937,27,,,0,382,,2940,27,,,0,219,,2941,27,,,0,220,,2933,27,,,0,214,,4691,27,,,0,155,,2936,27,,,0
3001,'4332',902,,2952,27,,,0,37,,4706,27,,,0,113,,2951,27,,,0,297,,2943,27,,,0,106,,2950,27,,,0,187,,4704,27,,,0,108,,4702,27,,,0,150,,2947,27,,,0,35,,2949,27,,,0,108,,4708,27,,,0
3001,'4480',642,,4698,27,,,0,86,,4697,27,,,0,79,,2922,27,,,0,18,,2924,27,,,0,16,,2921,27,,,0,18,,2925,27,,,0,91,,2900,27,,,0,75,,2901,27,,,0,75,,2902,27,,,0,35,,2903,27,,,0,76,,2904,27,,,0,35,,2906,27,,,0,75,,2907,27,,,0,36,,2908,27,,,0,75,,4695,27,,,0,76,,2909,27,,,0,37,,2910,27,,,0,108,,2911,27,,,0,148,,2913,27,,,0,109,,2915,27,,,0,35,,2917,27,,,0,406,,2919,27,,,0
3001,'4663',1619,,5524,27,,,0,535,,5525,27,,,0
3001,'4673',2154,,5526,27,,,0
3001,'5302',940,,4692,27,,,0,110,,2931,27,,,0,260,,4693,27,,,0,222,,4694,27,,,0,219,,2935,27,,,0
3001,'5303',916,,2899,27,,,0,703,,2926,27,,,0,108,,2912,27,,,0,108,,2914,27,,,0,218,,2918,27,,,0,101,,4701,27,,,0,97,,4696,27,,,0
3001,'5304',916,,5527,27,,,0,811,,5528,27,,,0,108,,5529,27,,,0,218,,5531,27,,,0,198,,5530,27,,,0
3001,'5305',1619,,5532,27,,,0
3001,'5306',754,,5541,27,,,0,261,,5537,27,,,0,112,,5538,27,,,0,75,,5534,27,,,0,36,,5543,27,,,0,75,,5544,27,,,0,111,,5535,27,,,0,108,,5540,27,,,0,75,,5539,27,,,0,108,,5546,27,,,0,110,,5545,27,,,0,327,,5533,27,,,0,100,,5542,27,,,0,101,,5536,27,,,0
3001,'5307',940,,5548,27,,,0,110,,5547,27,,,0,260,,5550,27,,,0,222,,5551,27,,,0,219,,5549,27,,,0
3001,'5308',2154,,5552,27,,,0
