700,'4327',744,,2403,21,,,0,110,,4524,21,,,0,266,,2404,21,,,0,111,,4523,21,,,0,106,,2401,21,,,0,221,,2399,21,,,0,256,,2406,21,,,0,215,,2398,21,,,0
700,'4332',854,,4542,21,,,0,151,,2420,21,,,0,111,,4538,21,,,0,437,,4540,21,,,0,160,,4541,21,,,0,694,,2424,21,,,0
700,'4480',640,,4528,21,,,0,85,,4533,21,,,0,86,,4529,21,,,0,147,,4527,21,,,0,155,,4532,21,,,0,115,,4525,21,,,0,115,,4526,21,,,0,115,,2384,21,,,0,145,,2385,21,,,0,237,,2382,21,,,0,115,,4531,21,,,0,155,,4534,21,,,0,111,,2389,21,,,0,192,,2375,21,,,0
700,'4663',1807,,5275,21,,,0
700,'4673',1652,,4536,21,,,0,155,,5276,21,,,0
700,'5241',1652,,4537,21,,,0
700,'5302',1016,,2408,21,,,0,430,,2405,21,,,0,262,,2407,21,,,0,216,,2400,21,,,0
700,'5303',742,,2393,21,,,0,103,,2377,21,,,0,882,,4530,21,,,0,80,,2397,21,,,0,113,,2392,21,,,0,420,,4535,21,,,0
700,'5304',742,,5281,21,,,0,103,,5277,21,,,0,882,,5278,21,,,0,193,,5280,21,,,0,420,,5279,21,,,0
700,'5306',744,,5284,21,,,0,484,,5285,21,,,0,109,,5286,21,,,0,112,,5282,21,,,0,365,,5288,21,,,0,110,,5283,21,,,0,105,,5289,21,,,0,105,,5290,21,,,0,107,,5287,21,,,0
700,'5307',1016,,5294,21,,,0,430,,5292,21,,,0,262,,5293,21,,,0,216,,5291,21,,,0
700,'5308',1807,,5295,21,,,0
