2000,'4327',841,,2749,38,,,0,259,,2752,38,,,0,219,,5472,38,,,0,221,,2753,38,,,0,265,,2750,38,,,0
2000,'4332',834,,5470,38,,,0,112,,5469,38,,,0,101,,5471,38,,,0,158,,2754,38,,,0,108,,5465,38,,,0,112,,5466,38,,,0,111,,5467,38,,,0,110,,4651,38,,,0,103,,4652,38,,,0,253,,5468,55,,,0,217,,2765,55,,,0,102,,2761,55,,,0
2000,'4480',627,,4649,55,,,0,111,,2747,55,,,0,107,,4650,55,,,0,66,,4642,38,,,0,110,,2735,38,,,0,110,,4643,38,,,0,117,,4644,55,,,0,103,,4645,38,,,0,78,,5463,38,,,0,110,,4646,38,,,0,74,,4647,55,,,0,119,,2742,55,,,0,103,,5464,38,,,0,187,,2744,55,,,0,201,,4648,55,,,0
2500,'4327',808,,5496,20,0,5,0,210,,4662,20,,,0,215,,2807,20,,,0,515,,5497,20,0,5,0,260,,5498,20,,,0
2500,'4332',808,,5493,20,0,5,0,210,,5495,20,,,0,215,,5494,20,,,0,515,,4666,20,0,5,0,260,,5492,20,,,0
2500,'4480',812,,2800,20,0,5,0,207,,2801,20,,,0,226,,2802,20,0,5,0,165,,4663,20,,,0,333,,5491,20,,,0
1002000,'4327',736,,5736,61,,,0,219,,3594,61,,,0,250,,5734,61,,,0,233,,3598,61,,,0,217,,5735,61,,,0,277,,3596,61,,,0
1002000,'4332',700,,5730,61,,,0,112,,5731,61,,,0,110,,5727,61,,,0,108,,3607,61,,,0,115,,5732,61,,,0,106,,3606,61,,,0,101,,5728,61,,,0,152,,3609,61,,,0,117,,5729,61,,,0,110,,5733,61,,,0,125,,3603,61,,,0,263,,5726,61,,,0
1002000,'4480',652,,5721,44,,,0,149,,4996,44,,,0,104,,4997,61,,,0,40,,4998,44,,,0,111,,5722,44,,,0,150,,5723,44,,,0,110,,5724,44,,,0,193,,5725,61,,,0,137,,3586,44,,,0,113,,3587,44,,,0,151,,3588,44,,,0,413,,3589,61,,,0
1002000,'4663',2123,,5719,61,,,0
1002000,'4673',2123,,5720,61,,,0
1002000,'4681',2123,,5737,61,,,0
