3001,'4327',807,,2937,11,,,0,342,,2940,11,,,0,259,,2941,11,,,0,221,,2933,11,,,0,214,,4691,11,,,0,115,,2936,11,,,0
3001,'4332',850,,2952,11,,,0,77,,4706,11,,,0,113,,2951,11,,,0,297,,2943,11,,,0,106,,2950,11,,,0,188,,4704,11,,,0,108,,4702,11,,,0,110,,2947,11,,,0,75,,2949,11,,,0,108,,4708,11,,,0
3001,'4480',631,,4698,11,,,0,85,,4697,11,,,0,37,,2922,11,,,0,58,,2924,11,,,0,17,,2921,11,,,0,18,,2925,11,,,0,91,,2900,11,,,0,75,,2901,11,,,0,35,,2902,11,,,0,75,,2903,11,,,0,35,,2904,11,,,0,75,,2906,11,,,0,75,,2907,11,,,0,35,,2908,11,,,0,75,,4695,11,,,0,36,,2909,11,,,0,77,,2910,11,,,0,109,,2911,11,,,0,109,,2913,11,,,0,110,,2915,11,,,0,75,,2917,11,,,0,407,,2919,11,,,0
3001,'4663',1604,,5524,11,,,0,539,,5525,11,,,0
3001,'4673',2143,,5526,11,,,0
3001,'5302',928,,4692,11,,,0,110,,2931,11,,,0,220,,4693,11,,,0,262,,4694,11,,,0,220,,2935,11,,,0
3001,'5303',903,,2899,11,,,0,701,,2926,11,,,0,110,,2912,11,,,0,109,,2914,11,,,0,219,,2918,11,,,0,101,,4701,11,,,0,97,,4696,11,,,0
3001,'5304',903,,5527,11,,,0,811,,5528,11,,,0,109,,5529,11,,,0,219,,5531,11,,,0,198,,5530,11,,,0
3001,'5305',1604,,5532,11,,,0
3001,'5306',742,,5541,11,,,0,261,,5537,11,,,0,112,,5538,11,,,0,35,,5534,11,,,0,76,,5543,11,,,0,75,,5544,11,,,0,111,,5535,11,,,0,108,,5540,11,,,0,35,,5539,11,,,0,149,,5546,11,,,0,110,,5545,11,,,0,327,,5533,11,,,0,100,,5542,11,,,0,102,,5536,11,,,0
3001,'5307',928,,5548,11,,,0,110,,5547,11,,,0,220,,5550,11,,,0,262,,5551,11,,,0,220,,5549,11,,,0
3001,'5308',2143,,5552,11,,,0
