600,'4327',705,,5221,6,,,0,110,,5229,6,,,0,110,,5228,6,,,0,110,,5226,6,,,0,111,,5223,6,,,0,109,,5230,6,,,0,150,,5220,6,,,0,111,,5227,6,,,0,111,,5225,6,,,0,111,,5231,6,,,0,107,,5224,6,,,0,111,,5222,6,,,0
600,'4332',705,,5210,6,,,0,110,,5213,6,,,0,109,,5207,6,,,0,110,,5217,6,,,0,108,,5208,6,,,0,159,,5211,6,,,0,105,,5212,6,,,0,112,,5214,6,,,0,108,,5216,6,,,0,116,,5205,6,,,0,104,,5209,6,,,0,109,,5206,6,,,0,150,,5218,6,,,0,110,,5219,6,,,0,100,,5215,6,,,0
600,'4480',629,,5201,6,,,0,88,,5195,6,,,0,28,,5190,6,,,0,72,,5188,6,,,0,86,,5194,6,,,0,113,,5199,6,,,0,119,,5189,6,,,0,122,,5200,6,,,0,155,,5191,6,,,0,94,,5193,6,,,0,23,,5192,6,,,0,229,,5197,6,,,0,153,,5196,6,,,0,114,,5198,6,,,0,113,,5202,6,,,0,111,,5203,6,,,0,91,,5204,6,,,0
600,'4663',1644,,5186,6,,,0
600,'4673',1644,,5187,6,,,0
600,'4681',1644,,5232,6,,,0
801,'4327',811,,5394,4,,,0,121,,5392,4,,,0,104,,5396,4,,,0,111,,5395,4,,,0,156,,5397,4,,,0,109,,5398,4,,,0,112,,5391,4,,,0,111,,5389,4,,,0,106,,5390,4,,,0,110,,5399,4,,,0,106,,2547,4,,,0
801,'4332',701,,5376,4,,,0,110,,5377,4,,,0,110,,5378,4,,,0,111,,5379,4,,,0,123,,5387,4,,,0,148,,5388,4,,,0,112,,5380,4,,,0,104,,5381,4,,,0,120,,5382,4,,,0,102,,5383,4,,,0,110,,5375,4,,,0,105,,5384,4,,,0,145,,5385,4,,,0,109,,5386,4,,,0
801,'4480',529,,5372,4,,,0,129,,5362,4,,,0,142,,5365,4,,,0,114,,5371,4,,,0,115,,5361,4,,,0,125,,5370,4,,,0,154,,5364,4,,,0,114,,5363,4,,,0,231,,5366,4,,,0,155,,5368,4,,,0,115,,5369,4,,,0,116,,5367,4,,,0,112,,5373,4,,,0,159,,5374,4,,,0
801,'4663',1527,,5359,4,,,0
801,'4673',1527,,5360,4,,,0
801,'4681',1527,,5400,4,,,0
4001,'4327',656,,3226,6,,,0,146,,3214,6,,,0,118,,5639,6,,,0,110,,3223,6,,,0,76,,5637,6,,,0,35,,3210,6,,,0,77,,5635,6,,,0,32,,4848,6,,,0,75,,5641,6,,,0,75,,3211,6,,,0,35,,3219,6,,,0,77,,3215,6,,,0,29,,5638,6,,,0,81,,3209,6,,,0,35,,5640,6,,,0,76,,4852,6,,,0,75,,4856,6,,,0,29,,5636,6,,,0,81,,4849,6,,,0,35,,4851,6,,,0
4001,'4332',652,,5634,6,,,0,83,,3243,6,,,0,74,,5633,6,,,0,33,,3248,6,,,0,75,,5630,6,,,0,37,,4917,6,,,0,76,,4906,6,,,0,74,,4918,6,,,0,36,,4909,6,,,0,75,,3237,6,,,0,35,,3238,6,,,0,76,,5632,6,,,0,75,,5625,6,,,0,31,,3245,6,,,0,78,,3239,6,,,0,36,,4916,6,,,0,75,,4910,6,,,0,34,,5631,6,,,0,75,,4915,6,,,0,76,,5627,6,,,0,34,,4911,6,,,0,75,,5626,6,,,0,35,,3252,6,,,0,75,,5628,6,,,0,75,,4919,6,,,0,35,,4914,6,,,0,100,,4907,6,,,0,101,,5629,6,,,0
4001,'4480',625,,3199,6,,,0,31,,4898,6,,,0,70,,4902,6,,,0,16,,4899,6,,,0,15,,4900,6,,,0,56,,4901,6,,,0,17,,4865,6,,,0,15,,5615,6,,,0,55,,4869,6,,,0,15,,4870,6,,,0,15,,4866,6,,,0,15,,4867,6,,,0,55,,5616,6,,,0,15,,4872,6,,,0,15,,4873,6,,,0,15,,4874,6,,,0,55,,4875,6,,,0,15,,4876,6,,,0,15,,4877,6,,,0,15,,3172,6,,,0,56,,4878,6,,,0,15,,5617,6,,,0,15,,5618,6,,,0,15,,4879,6,,,0,55,,5619,6,,,0,15,,4880,6,,,0,15,,4881,6,,,0,15,,4882,6,,,0,55,,5620,6,,,0,15,,4884,6,,,0,15,,4885,6,,,0,15,,4886,6,,,0,55,,4887,6,,,0,15,,4888,6,,,0,15,,4889,6,,,0,15,,5621,6,,,0,55,,4890,6,,,0,15,,4891,6,,,0,15,,3191,6,,,0,15,,5622,6,,,0,55,,4903,6,,,0,15,,4895,6,,,0,15,,3196,6,,,0,15,,5623,6,,,0,55,,4894,6,,,0,15,,4896,6,,,0,15,,5624,6,,,0,17,,5614,6,,,0,60,,4864,6,,,0,20,,4860,6,,,0,20,,5613,6,,,0,89,,3151,6,,,0,70,,5612,6,,,0,31,,4859,6,,,0,69,,4862,6,,,0,30,,4858,6,,,0,70,,4861,6,,,0,30,,4857,6,,,0
4001,'4673',2008,,4904,6,,,0
4001,'5241',2008,,4905,6,,,0
