3000,'4327',726,,2869,23,,,0,117,,4678,23,,,0,106,,4677,23,,,0,107,,2872,23,,,0,154,,2863,23,,,0,110,,2865,23,,,0,110,,2871,23,,,0,109,,2866,23,,,0,110,,4676,23,,,0,110,,2864,23,,,0,150,,2870,23,,,0
3000,'4332',700,,4017,23,,,0,106,,2896,23,,,0,37,,4687,23,,,0,72,,2887,23,,,0,34,,4686,23,,,0,77,,4013,23,,,0,32,,2880,23,,,0,75,,2895,23,,,0,76,,2894,23,,,0,35,,2897,23,,,0,75,,2881,23,,,0,35,,2876,23,,,0,75,,4685,23,,,0,75,,2890,23,,,0,38,,4683,23,,,0,71,,4689,23,,,0,35,,2884,23,,,0,79,,2875,23,,,0,31,,2883,23,,,0,76,,4684,23,,,0,110,,4688,23,,,0,112,,2878,23,,,0,144,,4690,23,,,0,59,,2879,23,,,0
3000,'4480',631,,4680,23,,,0,75,,2854,23,,,0,16,,2855,23,,,0,18,,2850,23,,,0,18,,2856,23,,,0,57,,2853,23,,,0,17,,2857,23,,,0,18,,2851,23,,,0,75,,2832,23,,,0,75,,2833,23,,,0,35,,2834,23,,,0,75,,2835,23,,,0,34,,2836,23,,,0,75,,2837,23,,,0,35,,2838,23,,,0,74,,2839,23,,,0,74,,2840,23,,,0,35,,2841,23,,,0,111,,2842,23,,,0,111,,2843,23,,,0,155,,2844,23,,,0,35,,2845,23,,,0,109,,2846,23,,,0,142,,4679,23,,,0,101,,2848,23,,,0,101,,2849,23,,,0
3000,'4661',1513,,2858,23,,,0,225,,2859,23,,,0
3000,'4663',1513,,2860,23,,,0,225,,2861,23,,,0
3000,'4673',1624,,4681,23,,,0
3000,'5241',1624,,4682,23,,,0
3001,'4327',831,,2937,39,,,0,121,,4692,39,,,0,150,,2931,39,,,0,111,,2940,39,,,0,110,,4693,39,,,0,110,,2941,39,,,0,112,,4694,39,,,0,108,,2933,39,,,0,150,,2935,39,,,0,103,,4691,39,,,0,115,,2936,39,,,0
3001,'4332',806,,2960,39,,,0,108,,2952,39,,,0,37,,4706,39,,,0,76,,2954,39,,,0,77,,2951,39,,,0,35,,4034,39,,,0,76,,2945,39,,,0,36,,2962,39,,,0,75,,4037,39,,,0,76,,2943,39,,,0,35,,2946,39,,,0,71,,2950,39,,,0,37,,2959,39,,,0,75,,4707,39,,,0,35,,4704,39,,,0,73,,4710,39,,,0,75,,4702,39,,,0,35,,4709,39,,,0,74,,2947,39,,,0,35,,2949,39,,,0,108,,4708,39,,,0,149,,4703,39,,,0,100,,2961,39,,,0,101,,4705,39,,,0
3001,'4480',654,,4698,39,,,0,86,,4697,39,,,0,79,,2922,39,,,0,18,,2924,39,,,0,16,,2921,39,,,0,58,,2925,39,,,0,17,,2899,39,,,0,74,,2900,39,,,0,35,,2901,39,,,0,75,,2902,39,,,0,35,,2903,39,,,0,76,,2904,39,,,0,35,,2906,39,,,0,75,,2907,39,,,0,76,,2908,39,,,0,36,,4695,39,,,0,76,,2909,39,,,0,37,,2910,39,,,0,147,,2911,39,,,0,34,,2912,39,,,0,74,,2913,39,,,0,34,,2914,39,,,0,75,,2915,39,,,0,35,,2917,39,,,0,148,,2918,39,,,0,197,,4696,39,,,0,100,,2919,39,,,0
3001,'4661',1632,,2926,39,,,0
3001,'4663',1632,,2927,39,,,0,573,,4699,39,,,0
3001,'4673',2205,,4700,39,,,0
3001,'4681',2205,,4701,39,,,0
