501,'4480',656,,2241,19,,,0,152,,2245,19,,,0,110,,2237,19,,,0,110,,2242,19,,,0,101,,2239,19,,,0,99,,2240,19,,,0,128,,2244,19,,,0,99,,2238,19,,,0,503,,2243,19,,,0,148,,2247,19,,,0,110,,2246,19,,,0,89,,2248,19,,,0,54,,2249,6,,,0
501,'4661',1843,,2250,19,,,0
501,'4663',1515,,2251,6,,,0,95,,2253,19,,,0,119,,2254,19,,,0,114,,2252,19,,,0
501,'4673',1515,,2255,6,,,0,95,,2256,19,,,0,119,,2257,19,,,0
501,'4681',1515,,2258,6,,,0,95,,2259,19,,,0,119,,2260,19,,,0
501,'4970',846,,2264,19,,,0,110,,2266,19,,,0,152,,2261,19,,,0,100,,2262,19,,,0,130,,2268,19,,,0,104,,2263,19,,,0,116,,2270,19,,,0,150,,2269,19,,,0,110,,2271,19,,,0,110,,2267,19,,,0,110,,2265,19,,,0
501,'5131',759,,2274,19,,,0,196,,2275,19,,,0,149,,2276,19,,,0,116,,2277,19,,,0,117,,2278,19,,,0,109,,2279,19,,,0,110,,2280,19,,,0,149,,2281,19,,,0,112,,2282,19,,,0,110,,2283,19,,,0,105,,2284,19,,,0,107,,2285,19,,,0,109,,2273,19,,,0,110,,2272,6,,,0
1501,'4480',836,,2698,6,,,0,69,,2699,6,,,0,30,,2700,6,,,0,70,,2697,6,,,0,30,,2701,6,,,0,70,,2702,6,,,0,29,,2703,6,,,0,71,,2704,6,,,0,103,,2706,6,,,0,27,,2705,6,,,0,510,,2707,6,,,0,260,,2708,6,,,0
1501,'4663',1955,,2709,6,,,0
1501,'4673',1955,,2710,6,,,0
1501,'4681',1955,,2711,6,,,0
1501,'4970',826,,2716,6,,,0,110,,2721,6,,,0,110,,2712,6,,,0,110,,2717,6,,,0,150,,2714,6,,,0,110,,2715,6,,,0,110,,2718,6,,,0,110,,2713,6,,,0,110,,2720,6,,,0,110,,2719,6,,,0
1501,'5131',752,,2730,6,,,0,184,,2731,6,,,0,102,,2728,6,,,0,118,,2732,6,,,0,151,,2729,6,,,0,110,,2727,6,,,0,110,,2722,6,,,0,109,,2724,6,,,0,111,,2725,6,,,0,109,,2726,6,,,0,152,,2723,6,,,0,107,,2733,6,,,0
1001501,'4480',717,,3567,6,,,0,38,,3566,6,,,0,480,,3570,6,,,0,170,,3568,6,,,0,36,,3569,6,,,0,75,,3572,6,,,0,37,,3575,6,,,0,77,,3574,6,,,0,75,,3571,6,,,0,35,,3573,6,,,0
1001501,'4673',1815,,3576,6,,,0
1001501,'5135',1815,,3577,6,,,0
