2000,'4528',608,,8044,32,0,9 12 2 5,0,108,,8045,32,0,9 12 2 5,0,108,,8046,32,0,9 12 2 5,0,402,,8036,32,0,9 12 2 5,0,323,,8040,32,0,9 12 2 5,0,452,,8042,32,0,9 12 2 5,0,203,,8043,32,0,9 12 2 5,0
2000,'4532',1942,,8052,32,0,9 12 2 5,0,258,,8058,32,0,9 12 2 5,0,102,,8054,32,0,9 12 2 5,0
2000,'4623',1709,,8059,32,0,9 12 2 5,0
2000,'5222',1709,,8065,32,0,9 12 2 5,0
2001,'4528',819,,8078,24,0,9 10 11,0,695,,8070,24,0,9 10 11,0,322,,8073,24,0,9 10 11,0,319,,8075,24,0,9 10 11,0,198,,8076,24,0,9 10 11,0
2001,'4532',2153,,8084,24,0,9 10 11,0,199,,8081,24,0,9 10 11,0
7201,'4528',731,,8615,27,,,0,78,,8613,27,,,0,34,,8614,27,,,0,74,,8591,27,,,0,35,,8592,27,,,0,75,,8594,27,,,0,76,,8596,27,,,0,35,,8593,27,,,0,75,,8597,27,,,0,35,,8595,27,,,0,75,,8598,27,,,0,35,,8599,27,,,0,75,,8600,27,,,0,110,,8601,27,,,0,75,,8602,27,,,0,35,,8603,27,,,0,75,,8604,27,,,0,74,,8605,27,,,0,35,,8606,27,,,0,75,,8608,27,,,0,35,,8609,27,,,0,105,,8610,27,,,0,100,,8607,27,,,0,98,,8611,27,,,0,99,,8612,27,,,0
7201,'4532',736,,8618,27,,,0,110,,8616,27,,,0,96,,8625,27,,,0,78,,8619,27,,,0,33,,8628,27,,,0,75,,8620,27,,,0,75,,8626,27,,,0,35,,8621,27,,,0,75,,8627,27,,,0,43,,8629,27,,,0,67,,8630,27,,,0,83,,8631,27,,,0,27,,8632,27,,,0,83,,8633,27,,,0,27,,8617,27,,,0,77,,8634,27,,,0,32,,8635,27,,,0,75,,8636,27,,,0,74,,8637,27,,,0,35,,8639,27,,,0,96,,8638,27,,,0,122,,8622,27,,,0,100,,8623,27,,,0,99,,8624,27,,,0
7201,'4623',1508,,8640,27,,,0
7201,'5221',809,,8641,27,,,0,113,,8643,27,,,0,111,,8645,27,,,0,116,,8646,27,,,0,104,,8644,27,,,0,155,,8648,27,,,0,107,,8649,27,,,0,111,,8650,27,,,0,106,,8651,27,,,0,110,,8642,27,,,0,114,,8647,27,,,0
7201,'5222',1508,,8652,27,,,0
1002000,'4528',2104,,8798,38,,,0,200,,8799,38,,,0
1002000,'4532',641,,8805,38,,,0,112,,8806,38,,,0,150,,8801,38,,,0,107,,8808,38,,,0,114,,8809,38,,,0,106,,8807,38,,,0,100,,8802,38,,,0,112,,8810,38,,,0,158,,8803,38,,,0,110,,8811,38,,,0,125,,8804,38,,,0,265,,8800,38,,,0
1002000,'4623',1445,,8813,38,,,0
1002000,'5221',717,,8818,38,,,0,218,,8815,38,,,0,209,,8814,38,,,0,272,,8819,38,,,0,218,,8816,38,,,0,278,,8817,38,,,0
1002000,'5222',1445,,8821,38,,,0
1002001,'4528',1404,,8827,24,,,0,35,,8828,24,,,0,218,,8829,24,,,0,396,,8832,24,,,0,201,,8833,24,,,0
1002001,'4532',731,,8838,24,,,0,113,,8839,24,,,0,111,,8834,24,,,0,151,,8837,24,,,0,103,,8845,24,,,0,117,,8844,24,,,0,110,,8835,24,,,0,104,,8841,24,,,0,116,,8836,24,,,0,149,,8842,24,,,0,124,,8840,24,,,0,103,,8846,24,,,0,219,,8843,24,,,0
1002001,'4623',940,,8847,24,,,0,608,,8848,24,,,0
1002001,'5221',807,,8854,24,,,0,212,,8853,24,,,0,232,,8849,24,,,0,262,,8851,24,,,0,217,,8850,24,,,0,305,,8852,24,,,0
1002001,'5222',940,,8855,24,,,0,608,,8856,24,,,0
