7201,'4327',1029,,3396,22,,,0,116,,3397,22,,,0,259,,3399,22,,,0,107,,3400,22,,,0,111,,3401,22,,,0,106,,3402,22,,,0,110,,3393,22,,,0
7201,'4332',732,,3405,22,,,0,206,,4968,22,,,0,111,,4970,22,,,0,110,,4969,22,,,0,150,,3414,22,,,0,110,,3417,22,,,0,83,,3418,22,,,0,27,,3419,22,,,0,187,,3421,22,,,0,32,,4971,22,,,0,75,,4972,22,,,0,110,,4974,22,,,0,96,,4973,22,,,0,122,,3409,22,,,0,199,,3411,22,,,0
7201,'4480',727,,3387,22,,,0,77,,3385,22,,,0,34,,3386,22,,,0,185,,4956,22,,,0,111,,4955,22,,,0,75,,3371,22,,,0,295,,3375,22,,,0,110,,4959,22,,,0,219,,3380,22,,,0,110,,4962,22,,,0,105,,4963,22,,,0,100,,3381,22,,,0
7201,'4661',1724,,3388,22,,,0
7201,'4663',1724,,3389,22,,,0
7201,'4673',2247,,4964,22,,,0,99,,4965,22,,,0
7201,'5241',2247,,4966,22,,,0,99,,4967,22,,,0
7201,'5302',805,,4954,22,,,0,113,,3394,22,,,0,331,,3395,22,,,0,704,,3398,22,,,0
7201,'5303',913,,3365,22,,,0,35,,3366,22,,,0,111,,3370,22,,,0,185,,4957,22,,,0,75,,3372,22,,,0,35,,4958,22,,,0,75,,3374,22,,,0,110,,3376,22,,,0,110,,4960,22,,,0,109,,4961,22,,,0,150,,3382,22,,,0
7201,'5304',913,,5677,22,,,0,35,,5678,22,,,0,111,,5680,22,,,0,185,,5679,22,,,0,75,,5681,22,,,0,35,,5682,22,,,0,75,,5683,22,,,0,110,,5684,22,,,0,110,,5685,22,,,0,109,,5686,22,,,0,150,,5687,22,,,0
7201,'5306',842,,5688,22,,,0,174,,5690,22,,,0,108,,5691,22,,,0,110,,5692,22,,,0,118,,5694,22,,,0,260,,5695,22,,,0,27,,5689,22,,,0,219,,5696,22,,,0,393,,5693,22,,,0
7201,'5307',805,,5697,22,,,0,113,,5698,22,,,0,331,,5699,22,,,0,704,,5700,22,,,0
