3000,'4480',632,,2852,24,,,0,75,,2854,24,,,0,16,,2855,24,,,0,17,,2850,24,,,0,18,,2856,24,,,0,57,,2853,24,,,0,17,,2857,24,,,0,18,,2851,24,,,0,75,,2832,24,,,0,75,,2833,24,,,0,35,,2834,24,,,0,75,,2835,24,,,0,34,,2836,24,,,0,75,,2837,24,,,0,35,,2838,24,,,0,74,,2839,24,,,0,74,,2840,24,,,0,35,,2841,24,,,0,111,,2842,24,,,0,111,,2843,24,,,0,155,,2844,24,,,0,36,,2845,24,,,0,109,,2846,24,,,0,142,,2847,24,,,0,101,,2848,24,,,0,101,,2849,24,,,0
3000,'4661',1513,,2858,24,,,0,225,,2859,24,,,0
3000,'4663',1513,,2860,24,,,0,225,,2861,24,,,0
3000,'4673',1624,,2862,24,,,0
3000,'4970',727,,2869,24,,,0,117,,2873,24,,,0,106,,2868,24,,,0,107,,2872,24,,,0,153,,2863,24,,,0,110,,2865,24,,,0,110,,2871,24,,,0,110,,2866,24,,,0,110,,2867,24,,,0,150,,2864,24,,,0,110,,2870,24,,,0
3000,'5131',701,,2889,24,,,0,106,,2896,24,,,0,37,,2888,24,,,0,72,,2887,24,,,0,34,,2886,24,,,0,77,,2882,24,,,0,32,,2880,24,,,0,75,,2895,24,,,0,75,,2894,24,,,0,35,,2897,24,,,0,75,,2881,24,,,0,35,,2876,24,,,0,75,,2885,24,,,0,75,,2890,24,,,0,38,,2874,24,,,0,72,,2892,24,,,0,35,,2884,24,,,0,79,,2875,24,,,0,31,,2883,24,,,0,76,,2877,24,,,0,110,,2891,24,,,0,112,,2878,24,,,0,144,,2893,24,,,0,99,,2879,24,,,0
3000,'5135',1624,,2898,24,,,0
3001,'4480',654,,2923,40,,,0,87,,2920,40,,,0,79,,2922,40,,,0,18,,2924,40,,,0,16,,2921,40,,,0,57,,2925,40,,,0,17,,2899,40,,,0,75,,2900,40,,,0,35,,2901,40,,,0,75,,2902,40,,,0,35,,2903,40,,,0,76,,2904,40,,,0,35,,2906,40,,,0,75,,2907,40,,,0,76,,2908,40,,,0,35,,2905,40,,,0,76,,2909,40,,,0,37,,2910,40,,,0,148,,2911,40,,,0,34,,2912,40,,,0,74,,2913,40,,,0,34,,2914,40,,,0,74,,2915,40,,,0,35,,2917,40,,,0,148,,2918,40,,,0,197,,2916,40,,,0,100,,2919,40,,,0
3001,'4661',1632,,2926,40,,,0
3001,'4663',1632,,2927,40,,,0,573,,2928,40,,,0
3001,'4673',2205,,2929,40,,,0
3001,'4681',2205,,2930,40,,,0
3001,'4970',832,,2937,40,,,0,121,,2934,40,,,0,150,,2931,40,,,0,111,,2940,40,,,0,110,,2938,40,,,0,110,,2941,40,,,0,112,,2939,40,,,0,107,,2933,40,,,0,150,,2935,40,,,0,103,,2932,40,,,0,115,,2936,40,,,0
3001,'5131',806,,2960,40,,,0,108,,2952,40,,,0,37,,2955,40,,,0,76,,2954,40,,,0,77,,2951,40,,,0,35,,2956,40,,,0,77,,2945,40,,,0,36,,2962,40,,,0,75,,2963,40,,,0,76,,2943,40,,,0,35,,2946,40,,,0,71,,2950,40,,,0,37,,2959,40,,,0,75,,2957,40,,,0,34,,2948,40,,,0,73,,2965,40,,,0,75,,2942,40,,,0,35,,2964,40,,,0,74,,2947,40,,,0,35,,2949,40,,,0,108,,2958,40,,,0,149,,2944,40,,,0,100,,2961,40,,,0,101,,2953,40,,,0
