3001,'4327',812,,2937,17,,,0,342,,2940,17,,,0,259,,2941,17,,,0,221,,2933,17,,,0,214,,4691,17,,,0,155,,2936,17,,,0
3001,'4332',855,,2952,17,,,0,77,,4706,17,,,0,113,,2951,17,,,0,297,,2943,17,,,0,106,,2950,17,,,0,188,,4704,17,,,0,108,,4702,17,,,0,110,,2947,17,,,0,75,,2949,17,,,0,108,,4708,17,,,0
3001,'4480',635,,4698,17,,,0,86,,4697,17,,,0,37,,2922,17,,,0,58,,2924,17,,,0,17,,2921,17,,,0,18,,2925,17,,,0,91,,2900,17,,,0,75,,2901,17,,,0,35,,2902,17,,,0,75,,2903,17,,,0,76,,2904,17,,,0,35,,2906,17,,,0,75,,2907,17,,,0,35,,2908,17,,,0,75,,4695,17,,,0,36,,2909,17,,,0,77,,2910,17,,,0,108,,2911,17,,,0,109,,2913,17,,,0,150,,2915,17,,,0,35,,2917,17,,,0,406,,2919,17,,,0
3001,'4663',1610,,5524,17,,,0,537,,5525,17,,,0
3001,'4673',2147,,5526,17,,,0
3001,'5302',933,,4692,17,,,0,110,,2931,17,,,0,260,,4693,17,,,0,222,,4694,17,,,0,220,,2935,17,,,0
3001,'5303',908,,2899,17,,,0,702,,2926,17,,,0,109,,2912,17,,,0,109,,2914,17,,,0,218,,2918,17,,,0,101,,4701,17,,,0,97,,4696,17,,,0
3001,'5304',908,,5527,17,,,0,811,,5528,17,,,0,109,,5529,17,,,0,218,,5531,17,,,0,198,,5530,17,,,0
3001,'5305',1610,,5532,17,,,0
3001,'5306',747,,5541,17,,,0,261,,5537,17,,,0,112,,5538,17,,,0,35,,5534,17,,,0,76,,5543,17,,,0,75,,5544,17,,,0,111,,5535,17,,,0,108,,5540,17,,,0,75,,5539,17,,,0,109,,5546,17,,,0,110,,5545,17,,,0,327,,5533,17,,,0,100,,5542,17,,,0,101,,5536,17,,,0
3001,'5307',933,,5548,17,,,0,110,,5547,17,,,0,260,,5550,17,,,0,222,,5551,17,,,0,220,,5549,17,,,0
3001,'5308',2147,,5552,17,,,0
