7000,'4730',658,,1893,6,,,0,145,,1891,6,,,0,151,,1894,6,,,0,369,,1892,6,,,0,284,,1896,6,,,0,199,,1895,6,,,0
7000,'4737',2039,,1898,6,,,0,102,,1897,6,,,0
7000,'4738',851,,1906,6,,,0,100,,1902,6,,,0,188,,1904,6,,,0,174,,1900,6,,,0,307,,1901,6,,,0,127,,1899,6,,,0,192,,1903,6,,,0,190,,1905,6,,,0
7000,'4781',951,,1911,6,,,0,188,,1907,6,,,0,174,,1908,6,,,0,307,,1909,6,,,0,319,,1910,6,,,0
7000,'4782',1932,,1912,6,,,0
7000,'4784',1932,,1913,6,,,0
7001,'4730',530,,1915,5,,,0,105,,1914,5,,,0,189,,1916,5,,,0,325,,1918,5,,,0,288,,1919,5,,,0,196,,1917,5,,,0
7001,'4737',1906,,1920,5,,,0,102,,1921,5,,,0
7001,'4738',717,,1929,5,,,0,100,,1925,5,,,0,185,,1927,5,,,0,123,,1923,5,,,0,314,,1924,5,,,0,174,,1922,5,,,0,190,,1926,5,,,0,149,,1928,5,,,0
7001,'4781',817,,1934,5,,,0,185,,1931,5,,,0,123,,1930,5,,,0,314,,1932,5,,,0,364,,1933,5,,,0
7001,'4782',1803,,1935,5,,,0
7001,'4784',1803,,1936,5,,,0
