3000,'4327',737,,2869,40,,,0,117,,4678,40,,,0,146,,4677,40,,,0,108,,2872,40,,,0,114,,2863,40,,,0,110,,2865,40,,,0,110,,2871,40,,,0,109,,2866,40,,,0,150,,4676,40,,,0,110,,2864,40,,,0
3000,'4332',818,,2896,40,,,0,37,,4687,40,,,0,72,,2887,40,,,0,74,,4686,40,,,0,145,,2895,40,,,0,76,,2894,40,,,0,110,,2881,40,,,0,75,,2876,40,,,0,35,,4685,40,,,0,75,,2890,40,,,0,38,,4683,40,,,0,146,,2884,40,,,0,109,,2883,40,,,0,298,,2878,40,,,0,104,,4690,40,,,0
3000,'4480',642,,4680,40,,,0,93,,2855,40,,,0,19,,2850,40,,,0,58,,2856,40,,,0,34,,2857,40,,,0,58,,2851,40,,,0,34,,2832,40,,,0,75,,2833,40,,,0,35,,2834,40,,,0,75,,2835,40,,,0,35,,2836,40,,,0,75,,2837,40,,,0,75,,2838,40,,,0,35,,2839,40,,,0,74,,2840,40,,,0,36,,2841,40,,,0,150,,2842,40,,,0,110,,2843,40,,,0,113,,2844,40,,,0,75,,2845,40,,,0,211,,4679,40,,,0,201,,2849,40,,,0
3000,'4663',1528,,5506,40,,,0,223,,5507,40,,,0
3000,'4673',1638,,4681,40,,,0
3000,'5241',1638,,4682,40,,,0
3000,'5302',1920,,2870,40,,,0
3000,'5303',718,,2854,40,,,0,111,,2853,40,,,0,699,,2858,40,,,0,223,,2859,40,,,0,259,,2846,40,,,0,202,,2848,40,,,0
3000,'5304',718,,5511,40,,,0,111,,5510,40,,,0,1181,,5508,40,,,0,202,,5509,40,,,0
3000,'5305',1528,,5512,40,,,0,223,,5513,40,,,0
3000,'5306',712,,5519,40,,,0,326,,5518,40,,,0,73,,5517,40,,,0,146,,5522,40,,,0,369,,5521,40,,,0,114,,5514,40,,,0,106,,5515,40,,,0,110,,5520,40,,,0,355,,5516,40,,,0
3000,'5307',1920,,5523,40,,,0
