900,'4528',603,,6333,1,,,0,100,,6332,1,,,0,30,,6330,1,,,0,70,,6331,1,,,0,34,,6326,1,,,0,66,,6315,1,,,0,56,,6314,1,,,0,144,,6313,1,,,0,97,,6316,1,,,0,59,,6334,1,,,0,89,,6318,1,,,0,85,,6317,1,,,0,85,,6319,1,,,0,84,,6321,1,,,0,31,,6322,1,,,0,73,,6320,1,,,0,30,,6323,1,,,0,74,,6324,1,,,0,92,,6325,1,,,0,103,,6327,1,,,0,96,,6328,1,,,0,99,,6329,1,,,0
900,'4532',730,,6335,1,,,0,100,,6337,1,,,0,80,,6338,1,,,0,98,,6343,1,,,0,44,,6340,1,,,0,173,,6339,1,,,0,108,,6348,1,,,0,72,,6342,1,,,0,40,,6341,1,,,0,66,,6349,1,,,0,31,,6345,1,,,0,106,,6336,1,,,0,102,,6344,1,,,0,155,,6347,1,,,0,97,,6346,1,,,0
900,'5221',815,,6355,1,,,0,102,,6352,1,,,0,132,,6358,1,,,0,163,,6354,1,,,0,129,,6359,1,,,0,100,,6350,1,,,0,170,,6351,1,,,0,134,,6353,1,,,0,164,,6357,1,,,0,120,,6356,1,,,0
901,'4528',557,,6380,47,4,,0,100,,6379,54,4,,0,70,,6381,47,4,,0,30,,6377,54,4,,0,70,,6378,47,4,,0,30,,6360,61,4,,0,96,,6361,47,4,,0,104,,6362,54,4,,0,97,,6363,47,4,,0,99,,6382,61,4,,0,89,,6365,54,4,,0,81,,6364,47,4,,0,88,,6366,54,4,,0,45,,6367,47,4,,0,71,,6369,54,4,,0,73,,6368,61,4,,0,30,,6370,54,4,,0,74,,6371,47,4,,0,52,,6373,54,4,,0,103,,6375,47,4,,0,96,,6372,54,4,,0,99,,6376,47,4,,0,200,,6374,61,4,,0
901,'4532',724,,6383,61,4,,0,96,,6386,47,4,,0,37,,6387,47,4,,0,145,,6392,54,4,,0,44,,6389,47,4,,0,173,,6388,54,4,,0,105,,6397,47,4,,0,35,,6391,54,4,,0,79,,6390,54,4,,0,97,,6394,47,4,,0,107,,6384,54,4,,0,100,,6393,47,4,,0,117,,6396,54,4,,0,97,,6395,47,4,,0,245,,6385,61,4,,0
901,'5221',803,,6403,61,4,,0,97,,6400,61,4,,0,143,,6406,61,4,,0,113,,6402,61,4,,0,169,,6407,61,4,,0,109,,6398,61,4,,0,167,,6399,61,4,,0,134,,6401,61,4,,0,168,,6405,61,4,,0,115,,6404,61,4,,0
9701,'4528',800,,7170,1,,,0,28,,7170,44,4,,0,29,,7171,1,,,0,67,,7171,44,4,,0,78,,7169,1,,,0,27,,7169,44,4,,0,71,,7168,1,,,0,27,,7168,44,4,,0,73,,7166,1,,,0,27,,7166,44,4,,0,75,,7167,1,,,0,27,,7167,44,4,,0,28,,7165,1,,,0,67,,7165,44,4,,0,78,,7163,1,,,0,27,,7163,44,4,,0,30,,7162,1,,,0,67,,7162,44,4,,0,76,,7172,1,,,0,27,,7172,44,4,,0,81,,7164,1,,,0,26,,7164,44,4,,0
9701,'4532',730,,7173,1,,,0,26,,7173,44,4,,0,74,,7174,1,,,0,26,,7174,44,4,,0,82,,7175,1,,,0,68,,7175,44,4,,0,44,,7176,1,,,0,68,,7176,44,4,,0,92,,7177,1,,,0,28,,7177,44,4,,0,66,,7179,1,,,0,28,,7179,44,4,,0,81,,7178,1,,,0,27,,7178,44,4,,0,71,,7180,1,,,0,27,,7180,44,4,,0,70,,7181,1,,,0,27,,7181,44,4,,0,75,,7182,1,,,0,27,,7182,44,4,,0
9801,'4528',738,,7190,1,,,0,20,,7190,30,4,,0,76,,7189,1,,,0,21,,7189,31,4,,0,82,,7192,1,,,0,20,,7192,30,4,,0,81,,7188,1,,,0,20,,7188,30,4,,0,179,,7187,1,,,0,20,,7187,30,4,,0,77,,7185,1,,,0,20,,7185,30,4,,0,85,,7186,1,,,0,61,,7186,31,4,,0,35,,7183,1,,,0,20,,7183,30,4,,0,85,,7191,1,,,0,60,,7191,30,4,,0,38,,7184,1,,,0,20,,7184,30,4,,0
9801,'4532',710,,7193,1,,,0,18,,7193,30,4,,0,80,,7194,1,,,0,19,,7194,30,4,,0,89,,7196,1,,,0,20,,7196,30,4,,0,92,,7195,1,,,0,20,,7195,30,4,,0,99,,7198,1,,,0,60,,7198,30,4,,0,34,,7197,1,,,0,60,,7197,30,4,,0,49,,7199,1,,,0,60,,7199,30,4,,0,39,,7200,1,,,0,59,,7200,30,4,,0,38,,7201,1,,,0,59,,7201,30,4,,0,43,,7202,1,,,0,59,,7202,30,4,,0,42,,7203,1,,,0,59,,7203,30,4,,0
9900,'4528',1054,,7205,14,4,,0,794,,7204,11,4,,0
9900,'4532',1045,,7206,14,4,,0,798,,7207,11,4,,0
9900,'5221',1045,,7208,14,4,,0,798,,7209,11,4,,0
9901,'4528',911,,7211,1,,,0,793,,7210,1,,,0
9901,'4532',900,,7213,1,,,0,754,,7212,1,,,0
9901,'5221',905,,7214,1,,,0,747,,7215,1,,,0
