7200,'4327',721,,3339,9,,,0,323,,3333,9,,,0,160,,3332,9,,,0,219,,3335,9,,,0,102,,3336,9,,,0,114,,3337,9,,,0,110,,3338,9,,,0,110,,3330,9,,,0
7200,'4332',702,,3363,9,,,0,55,,3340,9,,,0,88,,3348,9,,,0,109,,4947,9,,,0,150,,4948,9,,,0,110,,4949,9,,,0,110,,3352,9,,,0,110,,3354,9,,,0,84,,3355,9,,,0,26,,3356,9,,,0,188,,3358,9,,,0,72,,4950,9,,,0,35,,4951,9,,,0,108,,4952,9,,,0,156,,4953,9,,,0,102,,3346,9,,,0
7200,'4480',636,,3325,9,,,0,75,,4944,9,,,0,33,,3323,9,,,0,77,,3322,9,,,0,34,,3302,9,,,0,184,,4935,9,,,0,110,,4936,9,,,0,75,,3308,9,,,0,296,,3313,9,,,0,110,,4939,9,,,0,224,,3318,9,,,0,152,,4942,9,,,0,102,,4943,9,,,0,100,,3321,9,,,0
7200,'4661',1742,,3326,9,,,0
7200,'4663',1742,,3327,9,,,0
7200,'4673',2308,,4945,9,,,0
7200,'5241',2308,,4946,9,,,0
7200,'5302',826,,4934,9,,,0,113,,3331,9,,,0,364,,3334,9,,,0
7200,'5303',929,,3303,9,,,0,75,,3304,9,,,0,110,,3306,9,,,0,145,,4937,9,,,0,75,,3310,9,,,0,76,,4938,9,,,0,35,,3312,9,,,0,110,,3314,9,,,0,150,,4940,9,,,0,114,,4941,9,,,0
7200,'5304',929,,5656,9,,,0,75,,5657,9,,,0,110,,5658,9,,,0,145,,5659,9,,,0,75,,5660,9,,,0,76,,5661,9,,,0,35,,5662,9,,,0,110,,5663,9,,,0,150,,5664,9,,,0,114,,5665,9,,,0
7200,'5306',906,,5666,9,,,0,124,,5668,9,,,0,117,,5669,9,,,0,109,,5670,9,,,0,151,,5672,9,,,0,221,,5673,9,,,0,26,,5667,9,,,0,651,,5671,9,,,0
7200,'5307',826,,5674,9,,,0,113,,5675,9,,,0,364,,5676,9,,,0
