7201,'4327',1015,,3396,5,,,0,116,,3397,5,,,0,219,,3399,5,,,0,107,,3400,5,,,0,151,,3401,5,,,0,106,,3402,5,,,0,110,,3393,5,,,0
7201,'4332',720,,3405,5,,,0,204,,4968,5,,,0,111,,4970,5,,,0,110,,4969,5,,,0,110,,3414,5,,,0,150,,3417,5,,,0,43,,3418,5,,,0,67,,3419,5,,,0,187,,3421,5,,,0,32,,4971,5,,,0,75,,4972,5,,,0,110,,4974,5,,,0,97,,4973,5,,,0,123,,3409,5,,,0,200,,3411,5,,,0
7201,'4480',714,,3387,5,,,0,35,,3385,5,,,0,75,,3386,5,,,0,186,,4956,5,,,0,110,,4955,5,,,0,35,,3371,5,,,0,295,,3375,5,,,0,150,,4959,5,,,0,220,,3380,5,,,0,111,,4962,5,,,0,105,,4963,5,,,0,100,,3381,5,,,0
7201,'4661',1710,,3388,5,,,0
7201,'4663',1710,,3389,5,,,0
7201,'4673',2235,,4964,5,,,0,100,,4965,5,,,0
7201,'5241',2235,,4966,5,,,0,100,,4967,5,,,0
7201,'5302',752,,4954,5,,,0,152,,3394,5,,,0,331,,3395,5,,,0,704,,3398,5,,,0
7201,'5303',859,,3365,5,,,0,76,,3366,5,,,0,110,,3370,5,,,0,185,,4957,5,,,0,75,,3372,5,,,0,35,,4958,5,,,0,75,,3374,5,,,0,110,,3376,5,,,0,110,,4960,5,,,0,110,,4961,5,,,0,111,,3382,5,,,0
7201,'5304',859,,5677,5,,,0,76,,5678,5,,,0,110,,5680,5,,,0,185,,5679,5,,,0,75,,5681,5,,,0,35,,5682,5,,,0,75,,5683,5,,,0,110,,5684,5,,,0,110,,5685,5,,,0,110,,5686,5,,,0,111,,5687,5,,,0
7201,'5306',829,,5688,5,,,0,173,,5690,5,,,0,108,,5691,5,,,0,110,,5692,5,,,0,118,,5694,5,,,0,220,,5695,5,,,0,67,,5689,5,,,0,219,,5696,5,,,0,395,,5693,5,,,0
7201,'5307',752,,5697,5,,,0,152,,5698,5,,,0,331,,5699,5,,,0,704,,5700,5,,,0
