3000,'4327',739,,2869,43,,,0,117,,4678,43,,,0,146,,4677,43,,,0,108,,2872,43,,,0,114,,2863,43,,,0,110,,2865,43,,,0,110,,2871,43,,,0,109,,2866,43,,,0,150,,4676,43,,,0,110,,2864,43,,,0
3000,'4332',820,,2896,43,,,0,37,,4687,43,,,0,72,,2887,43,,,0,74,,4686,43,,,0,145,,2895,43,,,0,76,,2894,43,,,0,110,,2881,43,,,0,75,,2876,43,,,0,35,,4685,43,,,0,75,,2890,43,,,0,38,,4683,43,,,0,146,,2884,43,,,0,109,,2883,43,,,0,298,,2878,43,,,0,104,,4690,43,,,0
3000,'4480',644,,4680,43,,,0,93,,2855,43,,,0,19,,2850,43,,,0,58,,2856,43,,,0,34,,2857,43,,,0,58,,2851,43,,,0,34,,2832,43,,,0,75,,2833,43,,,0,35,,2834,43,,,0,75,,2835,43,,,0,75,,2836,43,,,0,35,,2837,43,,,0,75,,2838,43,,,0,35,,2839,43,,,0,74,,2840,43,,,0,36,,2841,43,,,0,150,,2842,43,,,0,110,,2843,43,,,0,113,,2844,43,,,0,75,,2845,43,,,0,211,,4679,43,,,0,201,,2849,43,,,0
3000,'4663',1530,,5506,43,,,0,223,,5507,43,,,0
3000,'4673',1640,,4681,43,,,0
3000,'5241',1640,,4682,43,,,0
3000,'5302',1922,,2870,43,,,0
3000,'5303',720,,2854,43,,,0,111,,2853,43,,,0,699,,2858,43,,,0,223,,2859,43,,,0,259,,2846,43,,,0,202,,2848,43,,,0
3000,'5304',720,,5511,43,,,0,111,,5510,43,,,0,1181,,5508,43,,,0,202,,5509,43,,,0
3000,'5305',1530,,5512,43,,,0,223,,5513,43,,,0
3000,'5306',714,,5519,43,,,0,326,,5518,43,,,0,73,,5517,43,,,0,146,,5522,43,,,0,369,,5521,43,,,0,114,,5514,43,,,0,106,,5515,43,,,0,110,,5520,43,,,0,355,,5516,43,,,0
3000,'5307',1922,,5523,43,,,0
