600,'4663',1646,,5186,10,,,0
600,'4673',1646,,5187,10,,,0
600,'5302',707,,4499,10,,,0,110,,2315,10,,,0,110,,2314,10,,,0,110,,2312,10,,,0,111,,2309,10,,,0,109,,2316,10,,,0,150,,2306,10,,,0,111,,2313,10,,,0,111,,2311,10,,,0,111,,2317,10,,,0,107,,2310,10,,,0,111,,2308,10,,,0
600,'5303',631,,4504,10,,,0,88,,2293,10,,,0,28,,2288,10,,,0,72,,2286,10,,,0,86,,2292,10,,,0,113,,2297,10,,,0,119,,4500,10,,,0,122,,2298,10,,,0,156,,4501,10,,,0,94,,2291,10,,,0,23,,2290,10,,,0,114,,2305,10,,,0,154,,2295,10,,,0,113,,4502,10,,,0,114,,4503,10,,,0,113,,2300,10,,,0,111,,4505,10,,,0,91,,2302,10,,,0
600,'5304',631,,5201,10,,,0,88,,5195,10,,,0,28,,5190,10,,,0,72,,5188,10,,,0,86,,5194,10,,,0,113,,5199,10,,,0,119,,5189,10,,,0,122,,5200,10,,,0,156,,5191,10,,,0,94,,5193,10,,,0,23,,5192,10,,,0,268,,5197,10,,,0,113,,5196,10,,,0,114,,5198,10,,,0,113,,5202,10,,,0,111,,5203,10,,,0,91,,5204,10,,,0
600,'5306',707,,5210,10,,,0,110,,5213,10,,,0,109,,5207,10,,,0,110,,5217,10,,,0,108,,5208,10,,,0,159,,5211,10,,,0,105,,5212,10,,,0,112,,5214,10,,,0,108,,5216,10,,,0,116,,5205,10,,,0,104,,5209,10,,,0,109,,5206,10,,,0,150,,5218,10,,,0,110,,5219,10,,,0,100,,5215,10,,,0
600,'5307',707,,5221,10,,,0,110,,5229,10,,,0,110,,5228,10,,,0,110,,5226,10,,,0,111,,5223,10,,,0,109,,5230,10,,,0,150,,5220,10,,,0,111,,5227,10,,,0,111,,5225,10,,,0,111,,5231,10,,,0,107,,5224,10,,,0,111,,5222,10,,,0
600,'5308',1646,,5232,10,,,0
801,'4327',1959,,2547,8,,,0
801,'4663',1530,,5359,8,,,0
801,'4673',1530,,5360,8,,,0
801,'5302',813,,2542,8,,,0,121,,2540,8,,,0,104,,2544,8,,,0,111,,2543,8,,,0,156,,2545,8,,,0,109,,2546,8,,,0,112,,2539,8,,,0,111,,2537,8,,,0,106,,2538,8,,,0,110,,2548,8,,,0
801,'5303',531,,4582,8,,,0,169,,2521,8,,,0,102,,2524,8,,,0,114,,2530,8,,,0,115,,2520,8,,,0,125,,2529,8,,,0,154,,4579,8,,,0,115,,2522,8,,,0,105,,2536,8,,,0,125,,2525,8,,,0,155,,4580,8,,,0,115,,4581,8,,,0,116,,2526,8,,,0,111,,4583,8,,,0,159,,2533,8,,,0
801,'5304',531,,5372,8,,,0,169,,5362,8,,,0,102,,5365,8,,,0,114,,5371,8,,,0,115,,5361,8,,,0,125,,5370,8,,,0,154,,5364,8,,,0,115,,5363,8,,,0,230,,5366,8,,,0,155,,5368,8,,,0,115,,5369,8,,,0,116,,5367,8,,,0,111,,5373,8,,,0,159,,5374,8,,,0
801,'5306',703,,5376,8,,,0,110,,5377,8,,,0,110,,5378,8,,,0,111,,5379,8,,,0,123,,5387,8,,,0,148,,5388,8,,,0,112,,5380,8,,,0,104,,5381,8,,,0,120,,5382,8,,,0,102,,5383,8,,,0,110,,5375,8,,,0,105,,5384,8,,,0,145,,5385,8,,,0,109,,5386,8,,,0
801,'5307',813,,5394,8,,,0,121,,5392,8,,,0,104,,5396,8,,,0,111,,5395,8,,,0,156,,5397,8,,,0,109,,5398,8,,,0,112,,5391,8,,,0,111,,5389,8,,,0,106,,5390,8,,,0,110,,5399,8,,,0
801,'5308',1530,,5400,8,,,0
