1501,'4327',833,,5456,9,,,0,111,,5461,9,,,0,110,,5454,9,,,0,150,,5457,9,,,0,110,,4628,9,,,0,110,,5455,9,,,0,110,,5458,9,,,0,109,,4627,9,,,0,110,,5460,9,,,0,150,,5459,9,,,0
1501,'4332',759,,5450,9,,,0,185,,5451,9,,,0,102,,5448,9,,,0,158,,5452,9,,,0,112,,5449,9,,,0,109,,5447,9,,,0,110,,5442,9,,,0,109,,5444,9,,,0,111,,5445,9,,,0,148,,5446,9,,,0,112,,5443,9,,,0,107,,5453,9,,,0
1501,'4480',844,,2698,9,,,0,69,,2699,9,,,0,30,,2700,9,,,0,70,,2697,9,,,0,30,,4634,9,,,0,70,,4635,9,,,0,29,,4636,9,,,0,71,,4637,9,,,0,103,,5440,9,,,0,27,,2705,9,,,0,509,,5441,9,,,0,260,,4639,9,,,0
1501,'4663',2002,,5438,9,,,0
1501,'4673',2002,,5439,9,,,0
1501,'4681',2002,,5462,9,,,0
3001,'4327',837,,2937,47,,,0,121,,5548,47,,,0,150,,5547,47,,,0,111,,2940,47,,,0,110,,5550,47,,,0,110,,2941,47,,,0,112,,5551,47,,,0,107,,2933,47,,,0,150,,5549,47,,,0,103,,4691,47,,,0,115,,2936,47,,,0
3001,'4332',811,,5541,47,,,0,108,,2952,47,,,0,37,,4706,47,,,0,76,,5537,47,,,0,77,,2951,47,,,0,35,,5538,47,,,0,77,,5534,47,,,0,36,,5543,47,,,0,75,,5544,47,,,0,76,,2943,47,,,0,35,,5535,47,,,0,71,,2950,47,,,0,37,,5540,47,,,0,75,,5539,47,,,0,74,,4704,47,,,0,33,,5546,47,,,0,75,,4702,47,,,0,35,,5545,47,,,0,74,,2947,47,,,0,35,,2949,47,,,0,148,,4708,47,,,0,109,,5533,47,,,0,100,,5542,47,,,0,101,,5536,47,,,0
3001,'4480',659,,4698,47,,,0,87,,4697,47,,,0,79,,2922,47,,,0,18,,2924,47,,,0,16,,2921,47,,,0,57,,2925,47,,,0,17,,5527,47,,,0,75,,2900,47,,,0,35,,2901,47,,,0,75,,2902,47,,,0,35,,2903,47,,,0,76,,2904,47,,,0,75,,2906,47,,,0,35,,2907,47,,,0,76,,2908,47,,,0,36,,4695,47,,,0,76,,2909,47,,,0,77,,2910,47,,,0,107,,2911,47,,,0,34,,5528,47,,,0,74,,2913,47,,,0,34,,5529,47,,,0,74,,2915,47,,,0,75,,2917,47,,,0,108,,5531,47,,,0,197,,5530,47,,,0,100,,2919,47,,,0
3001,'4661',1638,,5532,47,,,0
3001,'4663',1638,,5524,47,,,0,572,,5525,47,,,0
3001,'4673',2210,,5526,47,,,0
3001,'4681',2210,,5552,47,,,0
1001501,'4480',732,,3567,14,,,0,78,,3566,14,,,0,440,,4992,14,,,0,170,,5718,14,,,0,36,,3569,14,,,0,76,,3572,14,,,0,77,,3575,14,,,0,37,,3574,14,,,0,74,,3571,14,,,0,35,,3573,14,,,0
1001501,'4673',1829,,4993,14,,,0
1001501,'5241',1829,,4994,14,,,0
