900,'4327',818,,2590,6,,,0,102,,2587,6,,,0,133,,2593,6,,,0,163,,2589,6,,,0,129,,2594,6,,,0,100,,2585,6,,,0,169,,4589,6,,,0,134,,2588,6,,,0,284,,2591,6,,,0
900,'4332',833,,4599,6,,,0,81,,2598,6,,,0,98,,2603,6,,,0,45,,2600,6,,,0,280,,2608,6,,,0,72,,2602,6,,,0,40,,4600,6,,,0,66,,2609,6,,,0,31,,4602,6,,,0,106,,2596,6,,,0,101,,4601,6,,,0,155,,2607,6,,,0,97,,2606,6,,,0
900,'4480',606,,2583,6,,,0,100,,2582,6,,,0,30,,2580,6,,,0,71,,2581,6,,,0,34,,2576,6,,,0,66,,4591,6,,,0,96,,2564,6,,,0,104,,2563,6,,,0,97,,4592,6,,,0,99,,2584,6,,,0,49,,4594,6,,,0,85,,4593,6,,,0,85,,2569,6,,,0,115,,2572,6,,,0,72,,4595,6,,,0,104,,4598,6,,,0,92,,2575,6,,,0,103,,2577,6,,,0,96,,2578,6,,,0,99,,2579,6,,,0
900,'5302',1912,,4590,6,,,0
900,'5303',1606,,4596,6,,,0,133,,4597,6,,,0
900,'5304',1606,,5401,6,,,0,133,,5402,6,,,0
900,'5306',733,,5403,6,,,0,496,,5404,6,,,0
900,'5307',1912,,5405,6,,,0
9901,'4327',908,,3551,6,,,0,748,,3552,6,,,0
9901,'4332',1658,,3553,6,,,0
9901,'4480',914,,3550,6,,,0
9901,'5303',1708,,3549,6,,,0
9901,'5304',1708,,5715,6,,,0
9901,'5306',903,,5716,6,,,0
