500,'4528',637,,7519,28,4,,0,86,,7518,28,4,,0,117,,7522,28,4,,0,106,,7513,28,4,,0,110,,7517,28,4,,0,101,,7515,28,4,,0,99,,7516,28,4,,0,268,,7514,28,4,,0,232,,7521,28,4,,0,269,,7520,28,4,,0,108,,7524,28,4,,0,108,,7523,28,4,,0,89,,7525,28,4,,0
500,'4532',825,,7527,28,4,,0,196,,7528,28,4,,0,110,,7529,28,4,,0,116,,7530,28,4,,0,157,,7531,28,4,,0,109,,7532,28,4,,0,110,,7533,28,4,,0,108,,7534,28,4,,0,112,,7535,28,4,,0,109,,7536,28,4,,0,105,,7537,28,4,,0,147,,7538,28,4,,0,109,,7539,28,4,,0
500,'4623',1425,,7541,28,4,,0,214,,7543,28,4,,0,271,,7542,28,4,,0
500,'5221',912,,7547,28,4,,0,110,,7549,28,4,,0,112,,7544,28,4,,0,100,,7545,28,4,,0,170,,7551,28,4,,0,104,,7546,28,4,,0,116,,7553,28,4,,0,110,,7552,28,4,,0,109,,7554,28,4,,0,110,,7550,28,4,,0
500,'5222',1425,,7555,28,4,,0,214,,7557,28,4,,0,271,,7556,28,4,,0
501,'4528',640,,7562,1,,,0,110,,7566,1,,,0,150,,7558,1,,,0,110,,7563,1,,,0,101,,7560,1,,,0,99,,7561,1,,,0,225,,7559,1,,,0,275,,7564,1,,,0,230,,7565,1,,,0,109,,7568,1,,,0,151,,7567,1,,,0,49,,7569,1,,,0
501,'4532',743,,7574,1,,,0,196,,7573,1,,,0,108,,7575,1,,,0,156,,7576,1,,,0,117,,7577,1,,,0,109,,7579,1,,,0,110,,7580,1,,,0,109,,7581,1,,,0,152,,7578,1,,,0,110,,7582,1,,,0,105,,7583,1,,,0,107,,7584,1,,,0,110,,7572,1,,,0
501,'4623',1338,,7587,1,,,0,212,,7586,1,,,0,275,,7585,1,,,0
501,'5221',830,,7591,1,,,0,110,,7593,1,,,0,110,,7588,1,,,0,100,,7589,1,,,0,170,,7595,1,,,0,104,,7590,1,,,0,116,,7597,1,,,0,110,,7596,1,,,0,150,,7598,1,,,0,110,,7594,1,,,0,110,,7592,1,,,0
501,'5222',1338,,7601,1,,,0,212,,7600,1,,,0,275,,7599,1,,,0
7000,'4528',727,,8487,10,4,,0,105,,8485,10,4,,0,191,,8488,10,4,,0,329,,8486,10,4,,0,284,,8491,10,4,,0,199,,8489,10,4,,0,166,,8490,10,4,,0
7000,'4532',920,,8499,10,4,,0,100,,8495,10,4,,0,188,,8497,10,4,,0,134,,8493,10,4,,0,307,,8494,10,4,,0,167,,8492,10,4,,0,192,,8496,10,4,,0,150,,8498,10,4,,0
7000,'4623',2108,,8501,10,4,,0,102,,8500,10,4,,0
7000,'5221',1020,,8506,10,4,,0,188,,8502,10,4,,0,134,,8503,10,4,,0,307,,8504,10,4,,0,359,,8505,10,4,,0
7001,'4528',504,,8508,1,,,0,105,,8507,1,,,0,149,,8509,1,,,0,365,,8511,1,,,0,288,,8513,1,,,0,196,,8510,1,,,0,130,,8512,1,,,0
7001,'4532',652,,8521,1,,,0,100,,8517,1,,,0,185,,8519,1,,,0,163,,8515,1,,,0,314,,8516,1,,,0,134,,8514,1,,,0,190,,8518,1,,,0,189,,8520,1,,,0
7001,'4623',1840,,8522,1,,,0,102,,8523,1,,,0
7001,'5221',752,,8528,1,,,0,185,,8525,1,,,0,163,,8524,1,,,0,314,,8526,1,,,0,324,,8527,1,,,0
