3001,'4327',815,,2937,20,,,0,342,,2940,20,,,0,259,,2941,20,,,0,221,,2933,20,,,0,214,,4691,20,,,0,155,,2936,20,,,0
3001,'4332',858,,2952,20,,,0,77,,4706,20,,,0,113,,2951,20,,,0,297,,2943,20,,,0,106,,2950,20,,,0,188,,4704,20,,,0,108,,4702,20,,,0,110,,2947,20,,,0,75,,2949,20,,,0,108,,4708,20,,,0
3001,'4480',638,,4698,20,,,0,86,,4697,20,,,0,77,,2922,20,,,0,18,,2924,20,,,0,17,,2921,20,,,0,18,,2925,20,,,0,91,,2900,20,,,0,75,,2901,20,,,0,35,,2902,20,,,0,75,,2903,20,,,0,76,,2904,20,,,0,35,,2906,20,,,0,75,,2907,20,,,0,35,,2908,20,,,0,75,,4695,20,,,0,76,,2909,20,,,0,37,,2910,20,,,0,108,,2911,20,,,0,109,,2913,20,,,0,150,,2915,20,,,0,35,,2917,20,,,0,406,,2919,20,,,0
3001,'4663',1613,,5524,20,,,0,537,,5525,20,,,0
3001,'4673',2150,,5526,20,,,0
3001,'5302',936,,4692,20,,,0,110,,2931,20,,,0,260,,4693,20,,,0,222,,4694,20,,,0,220,,2935,20,,,0
3001,'5303',911,,2899,20,,,0,702,,2926,20,,,0,109,,2912,20,,,0,109,,2914,20,,,0,218,,2918,20,,,0,101,,4701,20,,,0,97,,4696,20,,,0
3001,'5304',911,,5527,20,,,0,811,,5528,20,,,0,109,,5529,20,,,0,218,,5531,20,,,0,198,,5530,20,,,0
3001,'5305',1613,,5532,20,,,0
3001,'5306',750,,5541,20,,,0,261,,5537,20,,,0,112,,5538,20,,,0,35,,5534,20,,,0,76,,5543,20,,,0,75,,5544,20,,,0,111,,5535,20,,,0,108,,5540,20,,,0,75,,5539,20,,,0,109,,5546,20,,,0,110,,5545,20,,,0,327,,5533,20,,,0,100,,5542,20,,,0,101,,5536,20,,,0
3001,'5307',936,,5548,20,,,0,110,,5547,20,,,0,260,,5550,20,,,0,222,,5551,20,,,0,220,,5549,20,,,0
3001,'5308',2150,,5552,20,,,0
