7200,'4327',735,,3339,24,,,0,324,,3333,24,,,0,160,,3332,24,,,0,219,,3335,24,,,0,102,,3336,24,,,0,114,,3337,24,,,0,150,,3338,24,,,0,110,,3330,24,,,0
7200,'4332',716,,3363,24,,,0,96,,3340,24,,,0,88,,3348,24,,,0,109,,4947,24,,,0,110,,4948,24,,,0,110,,4949,24,,,0,110,,3352,24,,,0,110,,3354,24,,,0,84,,3355,24,,,0,26,,3356,24,,,0,188,,3358,24,,,0,72,,4950,24,,,0,35,,4951,24,,,0,147,,4952,24,,,0,116,,4953,24,,,0,102,,3346,24,,,0
7200,'4480',651,,3325,24,,,0,75,,4944,24,,,0,33,,3323,24,,,0,77,,3322,24,,,0,74,,3302,24,,,0,144,,4935,24,,,0,150,,4936,24,,,0,35,,3308,24,,,0,298,,3313,24,,,0,108,,4939,24,,,0,264,,3318,24,,,0,111,,4942,24,,,0,102,,4943,24,,,0,100,,3321,24,,,0
7200,'4661',1757,,3326,24,,,0
7200,'4663',1757,,3327,24,,,0
7200,'4673',2322,,4945,24,,,0
7200,'5241',2322,,4946,24,,,0
7200,'5302',840,,4934,24,,,0,114,,3331,24,,,0,364,,3334,24,,,0
7200,'5303',944,,3303,24,,,0,75,,3304,24,,,0,110,,3306,24,,,0,185,,4937,24,,,0,35,,3310,24,,,0,78,,4938,24,,,0,75,,3312,24,,,0,108,,3314,24,,,0,110,,4940,24,,,0,114,,4941,24,,,0
7200,'5304',944,,5656,24,,,0,75,,5657,24,,,0,110,,5658,24,,,0,185,,5659,24,,,0,35,,5660,24,,,0,78,,5661,24,,,0,75,,5662,24,,,0,108,,5663,24,,,0,110,,5664,24,,,0,114,,5665,24,,,0
7200,'5306',921,,5666,24,,,0,124,,5668,24,,,0,157,,5669,24,,,0,109,,5670,24,,,0,111,,5672,24,,,0,221,,5673,24,,,0,66,,5667,24,,,0,610,,5671,24,,,0
7200,'5307',840,,5674,24,,,0,114,,5675,24,,,0,364,,5676,24,,,0
