2000,'4327',844,,2749,42,,,0,259,,2752,42,,,0,219,,2751,42,,,0,221,,2753,42,,,0,265,,2750,42,,,0
2000,'4332',837,,2763,42,,,0,112,,2762,42,,,0,102,,2764,42,,,0,158,,2754,42,,,0,108,,2755,42,,,0,112,,3968,42,,,0,111,,2758,42,,,0,109,,3967,42,,,0,103,,3969,42,,,0,253,,2759,59,,,0,217,,2765,59,,,0,102,,2761,59,,,0
2000,'4480',630,,3977,59,,,0,111,,2747,59,,,0,108,,3978,59,,,0,65,,3970,42,,,0,110,,2735,42,,,0,110,,3971,42,,,0,117,,3972,59,,,0,103,,3973,42,,,0,78,,2739,42,,,0,111,,3974,42,,,0,74,,3975,59,,,0,118,,2742,59,,,0,103,,2743,42,,,0,187,,2744,59,,,0,201,,3976,59,,,0
2500,'4327',811,,3989,24,0,5,0,210,,3990,24,,,0,215,,2807,24,,,0,515,,2808,24,0,5,0,260,,2809,24,,,0
2500,'4332',811,,3992,24,0,5,0,210,,3994,24,,,0,215,,3993,24,,,0,515,,3995,24,0,5,0,260,,3991,24,,,0
2500,'4480',815,,2800,24,0,5,0,207,,2801,24,,,0,226,,2802,24,0,5,0,165,,3996,24,,,0,333,,2804,24,,,0
1002000,'4327',739,,4340,65,,,0,219,,3594,65,,,0,250,,3593,65,,,0,233,,3598,65,,,0,217,,3595,65,,,0,277,,3596,65,,,0
1002000,'4332',703,,4344,65,,,0,112,,3605,65,,,0,110,,3600,65,,,0,109,,3607,65,,,0,115,,3608,65,,,0,106,,3606,65,,,0,101,,4342,65,,,0,152,,3609,65,,,0,116,,4343,65,,,0,110,,4345,65,,,0,125,,3603,65,,,0,263,,4341,65,,,0
1002000,'4480',655,,3578,48,,,0,149,,4346,48,,,0,104,,4347,65,,,0,40,,4348,48,,,0,111,,3582,48,,,0,150,,3583,48,,,0,110,,4349,48,,,0,194,,3585,65,,,0,137,,3586,48,,,0,152,,3587,48,,,0,111,,3588,48,,,0,413,,3589,65,,,0
1002000,'4663',2126,,3590,65,,,0
1002000,'4673',2126,,3591,65,,,0
1002000,'4681',2126,,3592,65,,,0
