101,'4327',755,,4411,5,,,0,70,,4414,5,,,0,30,,2136,5,,,0,68,,4412,5,,,0,104,,4410,5,,,0,202,,4408,5,,,0,100,,4418,5,,,0,30,,4417,5,,,0,70,,2125,5,,,0,100,,4409,5,,,0,30,,4407,5,,,0,100,,2134,5,,,0,70,,4406,5,,,0,30,,4419,5,,,0,70,,2148,5,,,0,30,,2140,5,,,0,69,,2124,5,,,0,30,,2141,5,,,0,70,,2150,5,,,0,81,,2139,5,,,0
101,'4332',739,,4455,5,,,0,300,,4445,5,,,0,69,,2151,5,,,0,31,,2154,5,,,0,100,,2167,5,,,0,71,,4442,5,,,0,30,,2177,5,,,0,70,,4446,5,,,0,30,,2157,5,,,0,70,,4450,5,,,0,30,,2173,5,,,0,70,,4440,5,,,0,130,,2166,5,,,0,70,,4451,5,,,0,30,,4452,5,,,0,169,,2159,5,,,0,32,,4453,5,,,0,68,,2153,5,,,0,37,,2183,5,,,0,93,,2184,5,,,0,180,,2175,5,,,0
101,'4480',634,,4431,5,,,0,90,,2113,5,,,0,100,,2112,5,,,0,17,,4428,5,,,0,65,,4427,5,,,0,32,,2102,5,,,0,72,,4424,5,,,0,25,,2104,5,,,0,70,,2091,5,,,0,26,,4426,5,,,0,74,,2092,5,,,0,34,,2099,5,,,0,66,,2120,5,,,0,33,,2098,5,,,0,67,,4422,5,,,0,33,,2097,5,,,0,75,,2093,5,,,0,25,,2080,5,,,0,78,,2082,5,,,0,22,,2090,5,,,0,17,,4420,5,,,0,60,,4423,5,,,0,25,,2094,5,,,0,15,,4436,5,,,0,58,,4425,5,,,0,32,,2085,5,,,0,95,,2086,5,,,0,70,,2114,5,,,0,30,,2087,5,,,0,70,,2116,5,,,0,30,,4421,5,,,0,100,,2089,5,,,0,101,,2084,5,,,0,84,,2083,5,,,0
101,'4663',1910,,5056,5,,,0
101,'4673',1910,,5057,5,,,0
101,'5302',955,,2144,5,,,0,103,,4415,5,,,0,73,,2145,5,,,0,28,,2126,5,,,0,100,,4416,5,,,0,200,,4413,5,,,0,170,,2127,5,,,0
101,'5303',705,,4430,5,,,0,39,,2107,5,,,0,61,,4432,5,,,0,648,,4435,5,,,0,102,,4429,5,,,0,355,,4439,5,,,0,300,,4433,5,,,0,99,,4434,5,,,0
101,'5304',705,,5060,5,,,0,39,,5058,5,,,0,61,,5061,5,,,0,648,,5064,5,,,0,102,,5059,5,,,0,655,,5062,5,,,0,99,,5063,5,,,0
101,'5306',709,,5070,5,,,0,100,,5071,5,,,0,27,,5073,5,,,0,73,,5067,5,,,0,22,,5066,5,,,0,80,,5075,5,,,0,196,,5077,5,,,0,436,,5069,5,,,0,67,,5065,5,,,0,200,,5072,5,,,0,30,,5074,5,,,0,269,,5076,5,,,0,99,,5078,5,,,0,31,,5068,5,,,0
101,'5307',955,,5084,5,,,0,103,,5082,5,,,0,73,,5085,5,,,0,28,,5079,5,,,0,100,,5083,5,,,0,200,,5081,5,,,0,170,,5080,5,,,0
101,'5308',1910,,5086,5,,,0
