701,'4327',719,,2454,12,,,0,109,,3860,12,,,0,121,,2459,12,,,0,104,,2455,12,,,0,151,,3859,12,,,0,106,,2452,12,,,0,109,,2456,12,,,0,112,,2450,12,,,0,111,,2458,12,,,0,106,,2457,12,,,0,110,,2451,12,,,0,145,,2449,12,,,0
701,'4332',718,,2466,12,,,0,110,,3866,12,,,0,110,,2471,12,,,0,111,,3861,12,,,0,152,,3867,12,,,0,109,,3868,12,,,0,112,,3862,12,,,0,104,,3864,12,,,0,120,,3865,12,,,0,102,,2472,12,,,0,110,,3863,12,,,0,145,,3869,12,,,0,105,,3870,12,,,0,108,,2470,12,,,0,127,,2475,12,,,0
701,'4480',714,,2444,12,,,0,103,,2428,12,,,0,614,,2435,12,,,0,105,,2429,12,,,0,280,,2438,12,,,0,40,,2443,12,,,0,301,,2441,12,,,0,192,,2426,12,,,0
701,'4663',1742,,2445,12,,,0
701,'4673',1742,,2447,12,,,0
701,'4681',1742,,2448,12,,,0
701,'5135',1626,,3871,12,,,0
701,'5214',658,,2440,12,,,0,85,,2432,12,,,0,187,,2430,12,,,0,115,,2439,12,,,0,156,,2427,12,,,0,115,,2431,12,,,0,310,,2446,12,,,0,75,,2436,12,,,0,230,,2434,12,,,0,115,,2437,12,,,0,270,,2442,12,,,0
701,'5216',658,,3881,12,,,0,85,,3875,12,,,0,187,,3873,12,,,0,115,,3880,12,,,0,156,,3872,12,,,0,115,,3874,12,,,0,385,,3878,12,,,0,230,,3877,12,,,0,115,,3879,12,,,0,270,,3882,12,,,0
701,'5219',1626,,3883,12,,,0
