901,'4327',738,,2638,27,,,0,97,,2635,27,,,0,181,,2641,27,,,0,113,,2637,27,,,0,129,,2642,27,,,0,149,,2633,27,,,0,127,,4603,27,,,0,174,,2636,27,,,0,244,,2639,27,,,0
901,'4332',755,,4613,13,,,0,77,,2647,13,,,0,107,,2652,27,,,0,81,,2649,13,,,0,237,,2657,13,,,0,79,,2651,27,,,0,79,,4614,27,,,0,93,,4616,13,,,0,111,,2644,27,,,0,97,,4615,13,,,0,121,,2656,27,,,0,93,,2655,13,,,0,206,,2645,27,,,0
901,'4480',534,,2630,13,,,0,102,,2629,27,,,0,66,,2631,13,,,0,32,,2627,27,,,0,66,,2628,13,,,0,30,,4605,27,,,0,97,,2611,13,,,0,108,,2612,27,,,0,92,,4606,13,,,0,99,,2632,27,,,0,93,,4608,27,,,0,37,,4607,13,,,0,91,,2616,27,,,0,156,,2619,27,,,0,30,,4610,27,,,0,105,,4612,13,,,0,96,,2623,27,,,0,99,,2625,13,,,0,100,,2622,27,,,0,96,,2626,13,,,0,202,,2624,27,,,0
901,'5302',1837,,4604,27,,,0
901,'5303',1529,,4609,13,,,0,177,,4611,27,,,0
901,'5304',1529,,5406,13,,,0,177,,5407,27,,,0
901,'5306',659,,5408,27,,,0,497,,5409,27,,,0
901,'5307',1837,,5410,27,,,0
8800,'4332',808,,3457,36,,,0,107,,3458,36,,,0,104,,3459,36,,,0,90,,3460,36,,,0,101,,3461,36,,,0,47,,3462,36,,,0,92,,3463,36,,,0,92,,3464,36,,,0,99,,3465,36,,,0,90,,3466,36,,,0,87,,3467,36,,,0,109,,3468,36,,,0
8800,'4480',808,,3450,36,,,0,49,,3452,36,,,0,161,,3451,36,,,0,88,,3446,36,,,0,50,,3444,36,,,0,98,,3448,36,,,0,88,,3445,36,,,0,100,,3454,36,,,0,91,,3443,36,,,0,86,,3455,36,,,0,97,,3447,36,,,0,112,,3449,36,,,0,88,,3453,36,,,0,99,,3456,36,,,0
