4000,'4327',749,,4742,49,,,0,265,,4739,49,,,0,192,,4737,49,,,0,138,,4751,49,,,0,110,,4743,49,,,0,150,,4740,49,,,0,35,,4748,49,,,0,75,,4747,49,,,0,35,,4754,49,,,0,75,,4738,49,,,0,35,,4749,49,,,0,74,,4744,49,,,0,75,,4753,49,,,0
4000,'4332',724,,4839,49,,,0,32,,4844,49,,,0,152,,4824,49,,,0,33,,4840,49,,,0,74,,4821,49,,,0,37,,4837,49,,,0,148,,4828,49,,,0,111,,4820,49,,,0,35,,4825,49,,,0,75,,4829,49,,,0,35,,4838,49,,,0,152,,4827,49,,,0,107,,4842,49,,,0,39,,4841,49,,,0,71,,4830,49,,,0,185,,4823,49,,,0,36,,4846,49,,,0,75,,4835,49,,,0
4000,'4480',642,,4804,49,,,0,70,,4805,49,,,0,16,,4812,49,,,0,14,,4806,49,,,0,15,,4807,49,,,0,57,,4808,49,,,0,30,,4811,49,,,0,15,,4762,49,,,0,55,,4763,49,,,0,15,,4764,49,,,0,15,,4765,49,,,0,15,,4766,49,,,0,55,,4767,49,,,0,15,,4768,49,,,0,30,,4770,49,,,0,54,,4771,49,,,0,15,,4772,49,,,0,31,,4774,49,,,0,55,,4775,49,,,0,15,,4776,49,,,0,30,,4778,49,,,0,55,,4779,49,,,0,15,,4780,49,,,0,15,,4781,49,,,0,15,,4782,49,,,0,55,,4783,49,,,0,15,,4784,49,,,0,15,,4785,49,,,0,15,,4786,49,,,0,55,,4787,49,,,0,15,,4788,49,,,0,15,,4789,49,,,0,70,,4792,49,,,0,30,,4794,49,,,0,15,,4795,49,,,0,86,,4798,49,,,0,55,,4796,49,,,0,32,,4800,49,,,0,20,,4801,49,,,0,60,,4802,49,,,0,312,,4758,49,,,0,29,,4761,49,,,0,71,,4757,49,,,0
4000,'4663',2053,,5581,49,,,0
4000,'4673',1933,,4816,49,,,0,120,,5582,49,,,0,101,,4815,49,,,0
4000,'5241',1933,,4819,49,,,0,221,,4818,49,,,0
4000,'5302',907,,4752,49,,,0,142,,4755,49,,,0,72,,4741,49,,,0,113,,4756,49,,,0,75,,4750,49,,,0,110,,4746,49,,,0,108,,4745,49,,,0
4000,'5303',829,,4809,49,,,0,215,,4769,49,,,0,100,,4773,49,,,0,100,,4777,49,,,0,315,,4790,49,,,0,70,,4793,49,,,0,86,,4797,49,,,0,15,,4791,49,,,0,85,,4799,49,,,0,138,,4803,49,,,0,70,,4760,49,,,0,30,,4817,49,,,0,72,,4759,49,,,0
4000,'5304',829,,5594,49,,,0,215,,5585,49,,,0,100,,5586,49,,,0,100,,5587,49,,,0,315,,5588,49,,,0,70,,5590,49,,,0,86,,5591,49,,,0,15,,5589,49,,,0,85,,5592,49,,,0,138,,5593,49,,,0,70,,5584,49,,,0,102,,5583,49,,,0
4000,'5306',831,,5598,49,,,0,294,,5595,49,,,0,110,,5597,49,,,0,296,,5602,49,,,0,109,,5599,49,,,0,261,,5600,49,,,0,34,,5603,49,,,0,290,,5596,49,,,0,99,,5601,49,,,0
4000,'5307',907,,5608,49,,,0,142,,5609,49,,,0,72,,5604,49,,,0,113,,5610,49,,,0,75,,5607,49,,,0,110,,5606,49,,,0,108,,5605,49,,,0
4000,'5308',2053,,5611,49,,,0
