4000,'4730',603,,1129,6,0,5,0,29,,1130,6,0,5,0,15,,1141,6,0,5,0,53,,1131,6,0,5,0,15,,1132,6,0,5,0,8,,1133,6,0,6 7,0,5,,1134,6,0,5,0,6,,1870,6,0,6 7,0,6,,1136,6,0,5,0,4,,1137,6,0,6 7,0,7,,1138,6,0,6 7,0,5,,1139,6,0,5,0,49,,1140,6,0,6 7,0,8,,1088,6,0,5,0,15,,1089,6,0,5,0,16,,1090,6,0,5,0,15,,1091,6,0,5,0,55,,1092,6,0,5,0,17,,1093,6,0,5,0,15,,1094,6,0,5,0,55,,1095,6,0,5,0,15,,1096,6,0,5,0,13,,1097,6,0,5,0,14,,1098,6,0,5,0,16,,1099,6,0,5,0,55,,1100,6,0,5,0,15,,1868,6,0,5,0,14,,1101,6,0,5,0,15,,1102,6,0,5,0,55,,1103,6,0,5,0,15,,1104,6,0,5,0,15,,1105,6,0,5,0,14,,1106,6,0,5,0,54,,1107,6,0,5,0,15,,1108,6,0,5,0,15,,1109,6,0,5,0,13,,1110,6,0,5,0,55,,1111,6,0,5,0,14,,1112,6,0,5,0,16,,1113,6,0,5,0,15,,1114,6,0,5,0,54,,1869,6,0,5,0,15,,1117,6,0,5,0,17,,1118,6,0,5,0,15,,1119,6,0,5,0,53,,1120,6,0,5,0,17,,1122,6,0,5,0,16,,1116,6,0,5,0,17,,1123,6,0,5,0,56,,1121,6,0,5,0,15,,1124,6,0,5,0,17,,1125,6,0,5,0,80,,1126,6,0,5,0,22,,1127,6,0,5,0,60,,1128,6,0,5,0,32,,1085,6,0,5,0,71,,1867,6,0,5,0,32,,1084,6,0,5,0,102,,1083,6,0,5,0,70,,1087,6,0,5,0,31,,1082,6,0,5,0
4000,'4737',1806,,1142,6,0,5,0
4000,'4738',643,,1160,6,0,5,0,71,,1165,6,0,5,0,34,,1153,6,0,5,0,77,,1147,6,0,5,0,32,,1161,6,0,5,0,74,,1144,6,0,5,0,77,,1874,6,0,5,0,32,,1145,6,0,5,0,74,,1149,6,0,5,0,35,,1152,6,0,5,0,75,,1143,6,0,5,0,35,,1872,6,0,5,0,75,,1150,6,0,5,0,75,,1159,6,0,5,0,35,,1164,6,0,5,0,78,,1873,6,0,5,0,32,,1154,6,0,5,0,75,,1163,6,0,5,0,79,,1875,6,0,5,0,31,,1151,6,0,5,0,76,,1155,6,0,5,0,35,,1166,6,0,5,0,75,,1871,6,0,5,0,78,,1167,6,0,5,0,35,,1156,6,0,5,0,104,,1148,6,0,5,0,99,,1157,6,0,5,0
4000,'4781',709,,1173,6,0,5,0,117,,1181,6,0,5,0,106,,1170,6,0,5,0,75,,1184,6,0,5,0,32,,1172,6,0,5,0,85,,1168,6,0,5,0,28,,1185,6,0,5,0,75,,1179,6,0,5,0,74,,1180,6,0,5,0,35,,1176,6,0,5,0,75,,1876,6,0,5,0,33,,1175,6,0,5,0,77,,1171,6,0,5,0,35,,1177,6,0,5,0,75,,1877,6,0,5,0,75,,1183,6,0,5,0,35,,1169,6,0,5,0,75,,1178,6,0,5,0,35,,1174,6,0,5,0,75,,1182,6,0,5,0
4000,'4782',2113,,1878,6,0,5,0
4000,'4783',1806,,1186,6,0,5,0
4000,'4784',1806,,1188,6,0,5,0,307,,1879,6,0,5,0
1002000,'4730',621,,1666,6,,,0,107,,1667,6,,,0,90,,1668,6,,,0,95,,1669,6,,,0,110,,1670,6,,,0,109,,1963,6,,,0,110,,1964,6,,,0,178,,1671,6,,,0,191,,1672,6,,,0,113,,1673,6,,,0,113,,1674,6,,,0,406,,1675,6,,,0
1002000,'4737',2043,,1676,6,,,0
1002000,'4738',620,,1682,6,,,0,112,,1683,6,,,0,110,,1678,6,,,0,107,,1965,6,,,0,154,,1685,6,,,0,106,,1684,6,,,0,100,,1679,6,,,0,112,,1686,6,,,0,118,,1680,6,,,0,110,,1687,6,,,0,165,,1681,6,,,0,225,,1677,6,,,0
1002000,'4781',656,,1692,6,,,0,258,,1689,6,,,0,209,,1688,6,,,0,231,,1693,6,,,0,257,,1690,6,,,0,240,,1691,6,,,0
1002000,'4783',2043,,1694,6,,,0
1002000,'4784',2043,,1695,6,,,0
