2000,'4528',602,,8044,24,0,9 12 2 5,0,108,,8045,24,0,9 12 2 5,0,107,,8046,24,0,9 12 2 5,0,38,,8033,24,,,0,149,,8034,24,,,0,110,,8035,24,,,0,105,,8036,24,0,9 12 2 5,0,115,,8037,24,,,0,78,,8038,24,,,0,110,,8039,24,,,0,20,,8040,24,0,9 12 2 5,0,277,,8041,24,,,0,136,,8042,24,0,9 12 2 5,0,203,,8043,24,0,9 12 2 5,0
2000,'4532',818,,8056,24,,,0,112,,8055,24,,,0,100,,8057,24,,,0,118,,8047,24,,,0,108,,8048,24,,,0,151,,8050,24,,,0,111,,8051,24,,,0,111,,8049,24,,,0,103,,8053,24,,,0,204,,8052,24,0,9 12 2 5,0,218,,8058,24,0,9 12 2 5,0,102,,8054,24,0,9 12 2 5,0
2000,'4623',1702,,8059,24,0,9 12 2 5,0
2000,'5221',827,,8060,24,,,0,218,,8063,24,,,0,259,,8062,24,,,0,221,,8064,24,,,0,225,,8061,24,,,0
2000,'5222',1702,,8065,24,0,9 12 2 5,0
1002000,'4528',636,,8790,30,,,0,108,,8791,30,,,0,184,,8792,30,,,0,220,,8793,30,,,0,110,,8794,30,,,0,370,,8795,30,,,0,113,,8796,30,,,0,112,,8797,30,,,0,205,,8798,30,,,0,200,,8799,30,,,0
1002000,'4532',635,,8805,30,,,0,112,,8806,30,,,0,110,,8801,30,,,0,147,,8808,30,,,0,114,,8809,30,,,0,106,,8807,30,,,0,100,,8802,30,,,0,112,,8810,30,,,0,118,,8803,30,,,0,150,,8811,30,,,0,125,,8804,30,,,0,225,,8800,30,,,0
1002000,'4623',1038,,8812,30,,,0,400,,8813,30,,,0
1002000,'5221',711,,8818,30,,,0,218,,8815,30,,,0,209,,8814,30,,,0,272,,8819,30,,,0,218,,8816,30,,,0,278,,8817,30,,,0
1002000,'5222',1038,,8820,30,,,0,400,,8821,30,,,0
