600,'4528',629,,7614,7,,,0,88,,7607,7,,,0,28,,7603,7,,,0,158,,7606,7,,,0,113,,7612,7,,,0,119,,7602,7,,,0,122,,7613,7,,,0,156,,7604,7,,,0,117,,7605,7,,,0,114,,7609,7,,,0,114,,7610,7,,,0,153,,7608,7,,,0,114,,7611,7,,,0,113,,7615,7,,,0,111,,7616,7,,,0,91,,7617,7,,,0
600,'4532',705,,7623,7,,,0,110,,7626,7,,,0,109,,7620,7,,,0,110,,7630,7,,,0,108,,7621,7,,,0,159,,7624,7,,,0,105,,7625,7,,,0,112,,7627,7,,,0,108,,7629,7,,,0,116,,7618,7,,,0,104,,7622,7,,,0,109,,7619,7,,,0,150,,7631,7,,,0,110,,7632,7,,,0,100,,7628,7,,,0
600,'5221',705,,7634,7,,,0,110,,7642,7,,,0,110,,7641,7,,,0,110,,7639,7,,,0,111,,7636,7,,,0,109,,7643,7,,,0,150,,7633,7,,,0,111,,7640,7,,,0,111,,7638,7,,,0,111,,7644,7,,,0,107,,7637,7,,,0,111,,7635,7,,,0
801,'4528',529,,7837,5,,,0,129,,7826,5,,,0,142,,7829,5,,,0,114,,7836,5,,,0,115,,7825,5,,,0,125,,7835,5,,,0,154,,7828,5,,,0,115,,7827,5,,,0,105,,7831,5,,,0,125,,7830,5,,,0,155,,7833,5,,,0,115,,7834,5,,,0,116,,7832,5,,,0,112,,7838,5,,,0,159,,7839,5,,,0
801,'4532',701,,7841,5,,,0,110,,7842,5,,,0,110,,7843,5,,,0,111,,7844,5,,,0,123,,7852,5,,,0,148,,7853,5,,,0,112,,7845,5,,,0,104,,7846,5,,,0,120,,7847,5,,,0,102,,7848,5,,,0,110,,7840,5,,,0,105,,7849,5,,,0,145,,7850,5,,,0,109,,7851,5,,,0
801,'5221',811,,7859,5,,,0,121,,7857,5,,,0,104,,7861,5,,,0,111,,7860,5,,,0,156,,7862,5,,,0,109,,7863,5,,,0,112,,7856,5,,,0,111,,7854,5,,,0,106,,7855,5,,,0,110,,7865,5,,,0,106,,7864,5,,,0
4001,'4528',625,,8429,7,,,0,102,,8431,7,,,0,31,,8430,7,,,0,73,,8410,7,,,0,70,,8412,7,,,0,30,,8411,7,,,0,70,,8413,7,,,0,30,,8414,7,,,0,70,,8415,7,,,0,101,,8416,7,,,0,30,,8417,7,,,0,70,,8418,7,,,0,30,,8419,7,,,0,70,,8420,7,,,0,30,,8421,7,,,0,70,,8422,7,,,0,30,,8424,7,,,0,70,,8423,7,,,0,30,,8425,7,,,0,70,,8432,7,,,0,30,,8427,7,,,0,70,,8426,7,,,0,30,,8428,7,,,0,77,,8409,7,,,0,30,,8408,7,,,0,69,,8407,7,,,0,29,,8403,7,,,0,70,,8406,7,,,0,31,,8402,7,,,0,69,,8405,7,,,0,30,,8401,7,,,0,70,,8404,7,,,0,30,,8400,7,,,0
4001,'4532',652,,8460,7,,,0,83,,8449,7,,,0,74,,8457,7,,,0,33,,8454,7,,,0,76,,8446,7,,,0,37,,8453,7,,,0,76,,8433,7,,,0,74,,8455,7,,,0,36,,8437,7,,,0,75,,8443,7,,,0,35,,8444,7,,,0,76,,8456,7,,,0,75,,8435,7,,,0,31,,8451,7,,,0,78,,8445,7,,,0,35,,8452,7,,,0,75,,8438,7,,,0,34,,8447,7,,,0,75,,8450,7,,,0,76,,8440,7,,,0,34,,8439,7,,,0,75,,8436,7,,,0,35,,8458,7,,,0,75,,8441,7,,,0,75,,8459,7,,,0,35,,8448,7,,,0,100,,8434,7,,,0,101,,8442,7,,,0
4001,'4623',656,,8462,7,,,0,475,,8461,7,,,0
4001,'5221',656,,8482,7,,,0,146,,8470,7,,,0,118,,8477,7,,,0,110,,8479,7,,,0,76,,8472,7,,,0,35,,8466,7,,,0,77,,8463,7,,,0,32,,8464,7,,,0,75,,8480,7,,,0,75,,8467,7,,,0,35,,8475,7,,,0,77,,8471,7,,,0,29,,8474,7,,,0,81,,8465,7,,,0,35,,8478,7,,,0,76,,8476,7,,,0,75,,8481,7,,,0,29,,8468,7,,,0,81,,8469,7,,,0,35,,8473,7,,,0
4001,'5222',656,,8484,7,,,0,475,,8483,7,,,0
