2500,'4327',752,,3989,9,0,5,0,250,,3990,9,,,0,215,,2807,9,,,0,515,,2808,9,0,5,0,220,,2809,9,,,0
2500,'4332',752,,3992,9,0,5,0,250,,3994,9,,,0,215,,3993,9,,,0,515,,3995,9,0,5,0,220,,3991,9,,,0
2500,'4480',755,,2800,9,0,5,0,247,,2801,9,,,0,226,,2802,9,0,5,0,498,,2804,9,,,0
2500,'5214',1353,,2803,9,,,0
2500,'5216',1353,,3996,9,,,0
4000,'4327',727,,4080,27,,,0,117,,4090,27,,,0,107,,4077,27,,,0,75,,4093,27,,,0,32,,4079,27,,,0,85,,4075,27,,,0,68,,4094,27,,,0,35,,4088,27,,,0,75,,4089,27,,,0,35,,4084,27,,,0,75,,4081,27,,,0,73,,4083,27,,,0,37,,4078,27,,,0,75,,4086,27,,,0,35,,4085,27,,,0,75,,4092,27,,,0,75,,4076,27,,,0,35,,4087,27,,,0,74,,4082,27,,,0,35,,4091,27,,,0
4000,'4332',701,,4114,27,,,0,32,,4119,27,,,0,74,,4107,27,,,0,37,,4099,27,,,0,73,,4115,27,,,0,34,,4096,27,,,0,77,,4112,27,,,0,72,,4097,27,,,0,35,,4103,27,,,0,75,,4106,27,,,0,35,,4095,27,,,0,75,,4100,27,,,0,35,,4104,27,,,0,75,,4113,27,,,0,75,,4118,27,,,0,38,,4102,27,,,0,72,,4108,27,,,0,35,,4117,27,,,0,79,,4116,27,,,0,71,,4105,27,,,0,36,,4109,27,,,0,74,,4120,27,,,0,35,,4098,27,,,0,77,,4121,27,,,0,35,,4110,27,,,0,144,,4101,27,,,0,99,,4111,27,,,0
4000,'4663',2029,,4122,27,,,0
4000,'4681',2029,,4123,27,,,0
4000,'5135',1909,,4125,27,,,0,222,,4124,27,,,0
4000,'5214',620,,3085,27,,,0,30,,3086,27,,,0,55,,3093,27,,,0,13,,3087,27,,,0,15,,3088,27,,,0,15,,3089,27,,,0,52,,3090,27,,,0,5,,3091,27,0,6 7,0,12,,3092,27,,,0,17,,3043,27,,,0,15,,3044,27,,,0,55,,3045,27,,,0,15,,3046,27,,,0,15,,3047,27,,,0,16,,3048,27,,,0,55,,3049,27,,,0,15,,3050,27,,,0,15,,3051,27,,,0,13,,3052,27,,,0,55,,3053,27,,,0,16,,3054,27,,,0,15,,3055,27,,,0,15,,3056,27,,,0,54,,3057,27,,,0,15,,3058,27,,,0,15,,3059,27,,,0,15,,3060,27,,,0,55,,3061,27,,,0,14,,3062,27,,,0,14,,3063,27,,,0,15,,3064,27,,,0,55,,3065,27,,,0,14,,3066,27,,,0,15,,3067,27,,,0,14,,3068,27,,,0,56,,3069,27,,,0,15,,3070,27,,,0,15,,3071,27,,,0,15,,3073,27,,,0,56,,3074,27,,,0,15,,3075,27,,,0,14,,3076,27,,,0,17,,3078,27,,,0,56,,3072,27,,,0,16,,3079,27,,,0,16,,3077,27,,,0,15,,3080,27,,,0,57,,3081,27,,,0,20,,3082,27,,,0,20,,3083,27,,,0,62,,3097,27,,,0,20,,3084,27,,,0,30,,3041,27,,,0,70,,3095,27,,,0,72,,3040,27,,,0,30,,3096,27,,,0,71,,3039,27,,,0,30,,3042,27,,,0,71,,3038,27,,,0
4000,'5216',620,,4173,27,,,0,30,,4174,27,,,0,55,,4181,27,,,0,13,,4175,27,,,0,15,,4176,27,,,0,15,,4177,27,,,0,52,,4178,27,,,0,5,,4179,27,0,6 7,0,12,,4180,27,,,0,17,,4131,27,,,0,15,,4132,27,,,0,55,,4133,27,,,0,15,,4134,27,,,0,15,,4135,27,,,0,16,,4136,27,,,0,55,,4137,27,,,0,15,,4138,27,,,0,15,,4139,27,,,0,13,,4140,27,,,0,55,,4141,27,,,0,16,,4142,27,,,0,15,,4143,27,,,0,15,,4144,27,,,0,54,,4145,27,,,0,15,,4146,27,,,0,15,,4147,27,,,0,15,,4148,27,,,0,55,,4149,27,,,0,14,,4150,27,,,0,14,,4151,27,,,0,15,,4152,27,,,0,55,,4153,27,,,0,14,,4154,27,,,0,15,,4155,27,,,0,14,,4156,27,,,0,56,,4157,27,,,0,15,,4158,27,,,0,15,,4159,27,,,0,15,,4161,27,,,0,56,,4162,27,,,0,15,,4163,27,,,0,14,,4164,27,,,0,17,,4166,27,,,0,56,,4160,27,,,0,16,,4167,27,,,0,16,,4165,27,,,0,15,,4168,27,,,0,57,,4169,27,,,0,20,,4170,27,,,0,20,,4171,27,,,0,82,,4172,27,,,0,30,,4129,27,,,0,142,,4128,27,,,0,101,,4127,27,,,0,30,,4130,27,,,0,71,,4126,27,,,0
4000,'5219',1909,,4184,27,,,0,120,,4182,27,,,0,102,,4183,27,,,0
