3001,'4327',818,,2937,25,,,0,382,,2940,25,,,0,219,,2941,25,,,0,221,,2933,25,,,0,214,,4691,25,,,0,155,,2936,25,,,0
3001,'4332',901,,2952,25,,,0,37,,4706,25,,,0,113,,2951,25,,,0,297,,2943,25,,,0,106,,2950,25,,,0,188,,4704,25,,,0,108,,4702,25,,,0,150,,2947,25,,,0,35,,2949,25,,,0,108,,4708,25,,,0
3001,'4480',641,,4698,25,,,0,86,,4697,25,,,0,78,,2922,25,,,0,18,,2924,25,,,0,17,,2921,25,,,0,18,,2925,25,,,0,91,,2900,25,,,0,75,,2901,25,,,0,35,,2902,25,,,0,75,,2903,25,,,0,76,,2904,25,,,0,35,,2906,25,,,0,75,,2907,25,,,0,35,,2908,25,,,0,75,,4695,25,,,0,76,,2909,25,,,0,37,,2910,25,,,0,108,,2911,25,,,0,149,,2913,25,,,0,109,,2915,25,,,0,35,,2917,25,,,0,406,,2919,25,,,0
3001,'4663',1617,,5524,25,,,0,536,,5525,25,,,0
3001,'4673',2153,,5526,25,,,0
3001,'5302',939,,4692,25,,,0,110,,2931,25,,,0,260,,4693,25,,,0,222,,4694,25,,,0,220,,2935,25,,,0
3001,'5303',915,,2899,25,,,0,702,,2926,25,,,0,109,,2912,25,,,0,108,,2914,25,,,0,218,,2918,25,,,0,101,,4701,25,,,0,97,,4696,25,,,0
3001,'5304',915,,5527,25,,,0,811,,5528,25,,,0,108,,5529,25,,,0,218,,5531,25,,,0,198,,5530,25,,,0
3001,'5305',1617,,5532,25,,,0
3001,'5306',753,,5541,25,,,0,261,,5537,25,,,0,112,,5538,25,,,0,75,,5534,25,,,0,36,,5543,25,,,0,75,,5544,25,,,0,111,,5535,25,,,0,108,,5540,25,,,0,75,,5539,25,,,0,109,,5546,25,,,0,110,,5545,25,,,0,327,,5533,25,,,0,100,,5542,25,,,0,101,,5536,25,,,0
3001,'5307',939,,5548,25,,,0,110,,5547,25,,,0,260,,5550,25,,,0,222,,5551,25,,,0,220,,5549,25,,,0
3001,'5308',2153,,5552,25,,,0
