2001,'4327',912,,2784,14,,,0,227,,2786,14,,,0,219,,2785,14,,,0,249,,2787,14,,,0,225,,2788,14,,,0
2001,'4332',922,,2795,14,,,0,88,,2799,14,,,0,105,,3980,14,,,0,128,,2789,14,,,0,115,,3981,14,,,0,142,,2792,14,,,0,107,,2797,14,,,0,103,,2793,14,,,0,111,,2790,14,,,0,324,,2794,14,0,9 10 11,0,199,,3979,14,0,9 10 11,0
2001,'4480',651,,3987,14,,,0,86,,3988,14,0,9 10 11,0,72,,2777,14,0,9 10 11,0,104,,2766,14,,,0,109,,3982,14,,,0,110,,3983,14,,,0,111,,3984,14,,,0,260,,3985,14,0,9 10 11,0,110,,2771,14,,,0,110,,2772,14,,,0,219,,3986,14,,,0,403,,2774,14,0,9 10 11,0
2001,'4663',1828,,2778,14,0,9 10 11,0,319,,2779,14,0,9 10 11,0
2001,'4673',1828,,2780,14,0,9 10 11,0,319,,2781,14,0,9 10 11,0
2001,'4681',1828,,2782,14,0,9 10 11,0,319,,2783,14,0,9 10 11,0
2501,'4327',833,,3997,14,,,0,220,,3998,15,,,0,255,,2823,15,,,0,505,,2824,14,,,0,230,,2825,15,,,0
2501,'4332',833,,4000,14,,,0,220,,4002,15,,,0,255,,4001,15,,,0,505,,4003,14,,,0,230,,3999,15,,,0
2501,'4480',836,,2815,14,,,0,216,,2816,15,,,0,257,,4005,14,,,0,135,,4006,15,,,0,372,,2819,15,,,0
2501,'4673',2041,,4007,14,,,0
2501,'5135',2041,,4004,14,,,0
1002001,'4327',759,,3630,14,,,0,252,,3629,14,,,0,232,,4350,14,,,0,262,,4351,14,,,0,217,,3626,14,,,0,305,,3628,14,,,0
1002001,'4332',723,,4353,14,,,0,113,,4354,14,,,0,111,,3631,14,,,0,111,,4352,14,,,0,143,,4360,14,,,0,117,,4359,14,,,0,110,,3632,14,,,0,104,,4356,14,,,0,116,,3633,14,,,0,109,,4357,14,,,0,164,,4355,14,,,0,103,,4361,14,,,0,219,,4358,14,,,0
1002001,'4480',726,,4362,14,,,0,111,,4363,14,,,0,94,,4364,14,,,0,126,,3614,14,,,0,150,,4365,14,,,0,111,,3616,14,,,0,35,,3617,14,,,0,75,,4366,14,,,0,110,,3619,14,,,0,110,,4367,14,,,0,111,,4368,14,,,0,148,,3622,14,,,0,138,,4369,14,,,0,201,,3624,14,,,0
