3000,'4327',717,,2869,16,,,0,117,,4678,16,,,0,106,,4677,16,,,0,107,,2872,16,,,0,153,,2863,16,,,0,109,,2865,16,,,0,110,,2871,16,,,0,110,,2866,16,,,0,110,,4676,16,,,0,111,,2864,16,,,0
3000,'4332',757,,2896,16,,,0,77,,4687,16,,,0,72,,2887,16,,,0,34,,4686,16,,,0,184,,2895,16,,,0,35,,2894,16,,,0,149,,2881,16,,,0,35,,2876,16,,,0,75,,4685,16,,,0,35,,2890,16,,,0,79,,4683,16,,,0,107,,2884,16,,,0,110,,2883,16,,,0,298,,2878,16,,,0,104,,4690,16,,,0
3000,'4480',622,,4680,16,,,0,91,,2855,16,,,0,17,,2850,16,,,0,18,,2856,16,,,0,74,,2857,16,,,0,18,,2851,16,,,0,75,,2832,16,,,0,35,,2833,16,,,0,75,,2834,16,,,0,75,,2835,16,,,0,34,,2836,16,,,0,75,,2837,16,,,0,35,,2838,16,,,0,74,,2839,16,,,0,34,,2840,16,,,0,75,,2841,16,,,0,111,,2842,16,,,0,110,,2843,16,,,0,156,,2844,16,,,0,36,,2845,16,,,0,211,,4679,16,,,0,203,,2849,16,,,0
3000,'4663',1503,,5506,16,,,0,225,,5507,16,,,0
3000,'4673',1614,,4681,16,,,0
3000,'5241',1614,,4682,16,,,0
3000,'5302',1900,,2870,16,,,0
3000,'5303',657,,2854,16,,,0,148,,2853,16,,,0,698,,2858,16,,,0,225,,2859,16,,,0,221,,2846,16,,,0,203,,2848,16,,,0
3000,'5304',657,,5511,16,,,0,148,,5510,16,,,0,1144,,5508,16,,,0,203,,5509,16,,,0
3000,'5305',1503,,5512,16,,,0,225,,5513,16,,,0
3000,'5306',652,,5519,16,,,0,365,,5518,16,,,0,32,,5517,16,,,0,184,,5522,16,,,0,371,,5521,16,,,0,114,,5514,16,,,0,107,,5515,16,,,0,110,,5520,16,,,0,315,,5516,16,,,0
3000,'5307',1900,,5523,16,,,0
