3001,'4327',818,,2937,24,,,0,382,,2940,24,,,0,219,,2941,24,,,0,220,,2933,24,,,0,214,,4691,24,,,0,155,,2936,24,,,0
3001,'4332',901,,2952,24,,,0,37,,4706,24,,,0,113,,2951,24,,,0,297,,2943,24,,,0,106,,2950,24,,,0,187,,4704,24,,,0,108,,4702,24,,,0,110,,2947,24,,,0,75,,2949,24,,,0,108,,4708,24,,,0
3001,'4480',641,,4698,24,,,0,86,,4697,24,,,0,78,,2922,24,,,0,18,,2924,24,,,0,16,,2921,24,,,0,18,,2925,24,,,0,91,,2900,24,,,0,75,,2901,24,,,0,35,,2902,24,,,0,75,,2903,24,,,0,76,,2904,24,,,0,35,,2906,24,,,0,75,,2907,24,,,0,36,,2908,24,,,0,75,,4695,24,,,0,76,,2909,24,,,0,37,,2910,24,,,0,108,,2911,24,,,0,108,,2913,24,,,0,150,,2915,24,,,0,35,,2917,24,,,0,406,,2919,24,,,0
3001,'4663',1617,,5524,24,,,0,536,,5525,24,,,0
3001,'4673',2153,,5526,24,,,0
3001,'5302',939,,4692,24,,,0,110,,2931,24,,,0,260,,4693,24,,,0,222,,4694,24,,,0,219,,2935,24,,,0
3001,'5303',914,,2899,24,,,0,703,,2926,24,,,0,108,,2912,24,,,0,109,,2914,24,,,0,218,,2918,24,,,0,101,,4701,24,,,0,97,,4696,24,,,0
3001,'5304',914,,5527,24,,,0,811,,5528,24,,,0,109,,5529,24,,,0,218,,5531,24,,,0,198,,5530,24,,,0
3001,'5305',1617,,5532,24,,,0
3001,'5306',753,,5541,24,,,0,261,,5537,24,,,0,112,,5538,24,,,0,75,,5534,24,,,0,36,,5543,24,,,0,75,,5544,24,,,0,111,,5535,24,,,0,108,,5540,24,,,0,75,,5539,24,,,0,108,,5546,24,,,0,110,,5545,24,,,0,327,,5533,24,,,0,100,,5542,24,,,0,101,,5536,24,,,0
3001,'5307',939,,5548,24,,,0,110,,5547,24,,,0,260,,5550,24,,,0,222,,5551,24,,,0,219,,5549,24,,,0
3001,'5308',2153,,5552,24,,,0
