3001,'4327',814,,2937,19,,,0,342,,2940,19,,,0,259,,2941,19,,,0,221,,2933,19,,,0,214,,4691,19,,,0,155,,2936,19,,,0
3001,'4332',857,,2952,19,,,0,77,,4706,19,,,0,113,,2951,19,,,0,297,,2943,19,,,0,106,,2950,19,,,0,188,,4704,19,,,0,108,,4702,19,,,0,110,,2947,19,,,0,75,,2949,19,,,0,108,,4708,19,,,0
3001,'4480',637,,4698,19,,,0,86,,4697,19,,,0,77,,2922,19,,,0,18,,2924,19,,,0,17,,2921,19,,,0,18,,2925,19,,,0,91,,2900,19,,,0,75,,2901,19,,,0,35,,2902,19,,,0,75,,2903,19,,,0,76,,2904,19,,,0,35,,2906,19,,,0,75,,2907,19,,,0,35,,2908,19,,,0,75,,4695,19,,,0,76,,2909,19,,,0,37,,2910,19,,,0,108,,2911,19,,,0,109,,2913,19,,,0,150,,2915,19,,,0,35,,2917,19,,,0,406,,2919,19,,,0
3001,'4663',1612,,5524,19,,,0,537,,5525,19,,,0
3001,'4673',2149,,5526,19,,,0
3001,'5302',935,,4692,19,,,0,110,,2931,19,,,0,260,,4693,19,,,0,222,,4694,19,,,0,220,,2935,19,,,0
3001,'5303',910,,2899,19,,,0,702,,2926,19,,,0,109,,2912,19,,,0,109,,2914,19,,,0,218,,2918,19,,,0,101,,4701,19,,,0,97,,4696,19,,,0
3001,'5304',910,,5527,19,,,0,811,,5528,19,,,0,109,,5529,19,,,0,218,,5531,19,,,0,198,,5530,19,,,0
3001,'5305',1612,,5532,19,,,0
3001,'5306',749,,5541,19,,,0,261,,5537,19,,,0,112,,5538,19,,,0,35,,5534,19,,,0,76,,5543,19,,,0,75,,5544,19,,,0,111,,5535,19,,,0,108,,5540,19,,,0,75,,5539,19,,,0,109,,5546,19,,,0,110,,5545,19,,,0,327,,5533,19,,,0,100,,5542,19,,,0,101,,5536,19,,,0
3001,'5307',935,,5548,19,,,0,110,,5547,19,,,0,260,,5550,19,,,0,222,,5551,19,,,0,220,,5549,19,,,0
3001,'5308',2149,,5552,19,,,0
