1501,'4327',823,,3952,2,,,0,110,,3956,2,,,0,110,,2712,2,,,0,110,,3953,2,,,0,150,,3951,2,,,0,110,,2715,2,,,0,110,,2718,2,,,0,110,,3950,2,,,0,110,,3955,2,,,0,110,,3954,2,,,0
1501,'4332',749,,2730,2,,,0,184,,3960,2,,,0,102,,2728,2,,,0,118,,2732,2,,,0,151,,3959,2,,,0,110,,2727,2,,,0,110,,3957,2,,,0,109,,2724,2,,,0,111,,3958,2,,,0,109,,2726,2,,,0,152,,2723,2,,,0,107,,2733,2,,,0
1501,'4480',832,,2698,2,,,0,70,,2699,2,,,0,30,,2700,2,,,0,70,,2697,2,,,0,303,,2706,2,,,0,27,,2705,2,,,0
1501,'4663',1952,,2709,2,,,0
1501,'4673',1952,,2710,2,,,0
1501,'4681',1952,,2711,2,,,0
1501,'5214',1032,,2701,2,,,0,70,,2702,2,,,0,29,,2703,2,,,0,71,,2704,2,,,0,640,,2707,2,,,0,260,,2708,2,,,0
1501,'5216',1032,,3961,2,,,0,70,,3962,2,,,0,29,,3963,2,,,0,71,,3964,2,,,0,640,,3965,2,,,0,260,,3966,2,,,0
1001501,'4480',714,,3567,2,,,0,38,,3566,2,,,0,650,,3568,2,,,0,35,,3569,2,,,0,75,,3572,2,,,0,38,,3575,2,,,0,77,,3574,2,,,0,75,,3571,2,,,0,35,,3573,2,,,0
1001501,'5135',1812,,4337,2,,,0
1001501,'5214',1232,,3570,2,,,0,580,,3576,2,,,0
1001501,'5216',1232,,4338,2,,,0
1001501,'5219',1812,,4339,2,,,0
