7201,'4327',1017,,3396,6,,,0,115,,3397,6,,,0,219,,3399,6,,,0,107,,3400,6,,,0,151,,3401,6,,,0,106,,3402,6,,,0,111,,3393,6,,,0
7201,'4332',721,,3405,6,,,0,205,,4968,6,,,0,110,,4970,6,,,0,110,,4969,6,,,0,110,,3414,6,,,0,150,,3417,6,,,0,43,,3418,6,,,0,67,,3419,6,,,0,187,,3421,6,,,0,33,,4971,6,,,0,75,,4972,6,,,0,110,,4974,6,,,0,97,,4973,6,,,0,122,,3409,6,,,0,200,,3411,6,,,0
7201,'4480',715,,3387,6,,,0,36,,3385,6,,,0,75,,3386,6,,,0,185,,4956,6,,,0,111,,4955,6,,,0,35,,3371,6,,,0,295,,3375,6,,,0,150,,4959,6,,,0,219,,3380,6,,,0,111,,4962,6,,,0,105,,4963,6,,,0,100,,3381,6,,,0
7201,'4661',1712,,3388,6,,,0
7201,'4663',1712,,3389,6,,,0
7201,'4673',2236,,4964,6,,,0,100,,4965,6,,,0
7201,'5241',2236,,4966,6,,,0,100,,4967,6,,,0
7201,'5302',754,,4954,6,,,0,152,,3394,6,,,0,330,,3395,6,,,0,705,,3398,6,,,0
7201,'5303',900,,3365,6,,,0,36,,3366,6,,,0,111,,3370,6,,,0,185,,4957,6,,,0,75,,3372,6,,,0,35,,4958,6,,,0,75,,3374,6,,,0,110,,3376,6,,,0,110,,4960,6,,,0,109,,4961,6,,,0,111,,3382,6,,,0
7201,'5304',900,,5677,6,,,0,36,,5678,6,,,0,111,,5680,6,,,0,185,,5679,6,,,0,75,,5681,6,,,0,35,,5682,6,,,0,75,,5683,6,,,0,110,,5684,6,,,0,110,,5685,6,,,0,109,,5686,6,,,0,111,,5687,6,,,0
7201,'5306',831,,5688,6,,,0,173,,5690,6,,,0,107,,5691,6,,,0,110,,5692,6,,,0,118,,5694,6,,,0,220,,5695,6,,,0,67,,5689,6,,,0,220,,5696,6,,,0,394,,5693,6,,,0
7201,'5307',754,,5697,6,,,0,152,,5698,6,,,0,330,,5699,6,,,0,705,,5700,6,,,0
