3000,'4327',732,,2869,34,,,0,117,,4678,34,,,0,106,,4677,34,,,0,148,,2872,34,,,0,114,,2863,34,,,0,110,,2865,34,,,0,110,,2871,34,,,0,109,,2866,34,,,0,110,,4676,34,,,0,150,,2864,34,,,0
3000,'4332',812,,2896,34,,,0,37,,4687,34,,,0,72,,2887,34,,,0,34,,4686,34,,,0,185,,2895,34,,,0,76,,2894,34,,,0,110,,2881,34,,,0,75,,2876,34,,,0,35,,4685,34,,,0,75,,2890,34,,,0,38,,4683,34,,,0,106,,2884,34,,,0,149,,2883,34,,,0,298,,2878,34,,,0,104,,4690,34,,,0
3000,'4480',637,,4680,34,,,0,92,,2855,34,,,0,18,,2850,34,,,0,58,,2856,34,,,0,34,,2857,34,,,0,18,,2851,34,,,0,75,,2832,34,,,0,75,,2833,34,,,0,35,,2834,34,,,0,75,,2835,34,,,0,34,,2836,34,,,0,75,,2837,34,,,0,75,,2838,34,,,0,34,,2839,34,,,0,74,,2840,34,,,0,36,,2841,34,,,0,111,,2842,34,,,0,150,,2843,34,,,0,115,,2844,34,,,0,35,,2845,34,,,0,251,,4679,34,,,0,201,,2849,34,,,0
3000,'4663',1521,,5506,34,,,0,224,,5507,34,,,0
3000,'4673',1631,,4681,34,,,0
3000,'5241',1631,,4682,34,,,0
3000,'5302',1915,,2870,34,,,0
3000,'5303',713,,2854,34,,,0,109,,2853,34,,,0,699,,2858,34,,,0,224,,2859,34,,,0,260,,2846,34,,,0,202,,2848,34,,,0
3000,'5304',713,,5511,34,,,0,109,,5510,34,,,0,1183,,5508,34,,,0,202,,5509,34,,,0
3000,'5305',1521,,5512,34,,,0,224,,5513,34,,,0
3000,'5306',706,,5519,34,,,0,326,,5518,34,,,0,73,,5517,34,,,0,146,,5522,34,,,0,369,,5521,34,,,0,114,,5514,34,,,0,106,,5515,34,,,0,110,,5520,34,,,0,355,,5516,34,,,0
3000,'5307',1915,,5523,34,,,0
