901,'4528',510,,7933,2,,,0,97,,7932,2,,,0,31,,7934,2,,,0,65,,7930,2,,,0,32,,7931,2,,,0,22,,7913,2,,,0,144,,7914,2,,,0,102,,7915,2,,,0,97,,7916,2,,,0,54,,7935,2,,,0,93,,7918,2,,,0,82,,7917,2,,,0,86,,7919,2,,,0,87,,7920,2,,,0,28,,7922,2,,,0,70,,7921,2,,,0,33,,7923,2,,,0,79,,7924,2,,,0,91,,7926,2,,,0,105,,7928,2,,,0,95,,7925,2,,,0,101,,7929,2,,,0,198,,7927,2,,,0
901,'4532',630,,7936,2,,,0,100,,7939,2,,,0,76,,7940,2,,,0,102,,7945,2,,,0,45,,7942,2,,,0,170,,7941,2,,,0,107,,7950,2,,,0,73,,7944,2,,,0,39,,7943,2,,,0,98,,7947,2,,,0,106,,7937,2,,,0,104,,7946,2,,,0,155,,7949,2,,,0,100,,7948,2,,,0,201,,7938,2,,,0
901,'5221',708,,7956,2,,,0,96,,7953,2,,,0,140,,7959,2,,,0,113,,7955,2,,,0,169,,7960,2,,,0,109,,7951,2,,,0,166,,7952,2,,,0,134,,7954,2,,,0,170,,7958,2,,,0,116,,7957,2,,,0
4000,'4528',601,,8346,2,,,0,29,,8347,2,,,0,27,,8348,2,,,0,68,,8349,2,,,0,28,,8350,2,,,0,72,,8325,2,,,0,31,,8326,2,,,0,72,,8327,2,,,0,30,,8328,2,,,0,68,,8329,2,,,0,30,,8330,2,,,0,70,,8331,2,,,0,29,,8332,2,,,0,99,,8333,2,,,0,69,,8334,2,,,0,28,,8336,2,,,0,69,,8335,2,,,0,31,,8337,2,,,0,69,,8338,2,,,0,32,,8339,2,,,0,70,,8340,2,,,0,33,,8341,2,,,0,71,,8342,2,,,0,77,,8343,2,,,0,32,,8344,2,,,0,70,,8345,2,,,0,32,,8321,2,,,0,71,,8322,2,,,0,32,,8320,2,,,0,70,,8323,2,,,0,32,,8319,2,,,0,70,,8324,2,,,0,32,,8318,2,,,0
4000,'4532',641,,8370,2,,,0,70,,8375,2,,,0,34,,8363,2,,,0,77,,8355,2,,,0,32,,8371,2,,,0,74,,8352,2,,,0,77,,8368,2,,,0,32,,8353,2,,,0,74,,8359,2,,,0,35,,8362,2,,,0,75,,8351,2,,,0,35,,8356,2,,,0,75,,8360,2,,,0,75,,8369,2,,,0,35,,8374,2,,,0,78,,8358,2,,,0,32,,8364,2,,,0,75,,8373,2,,,0,79,,8372,2,,,0,31,,8361,2,,,0,76,,8365,2,,,0,35,,8376,2,,,0,75,,8354,2,,,0,78,,8377,2,,,0,35,,8366,2,,,0,104,,8357,2,,,0,100,,8367,2,,,0
4000,'4623',1225,,8378,2,,,0
4000,'5221',707,,8384,2,,,0,116,,8394,2,,,0,106,,8381,2,,,0,75,,8397,2,,,0,32,,8383,2,,,0,85,,8379,2,,,0,28,,8398,2,,,0,75,,8392,2,,,0,34,,8393,2,,,0,75,,8388,2,,,0,75,,8385,2,,,0,33,,8387,2,,,0,77,,8382,2,,,0,35,,8390,2,,,0,75,,8389,2,,,0,75,,8396,2,,,0,35,,8380,2,,,0,75,,8391,2,,,0,35,,8386,2,,,0,75,,8395,2,,,0
4000,'5222',1225,,8399,2,,,0
1002000,'4528',619,,8790,2,,,0,107,,8791,2,,,0,185,,8792,2,,,0,219,,8793,2,,,0,110,,8794,2,,,0,368,,8795,2,,,0,113,,8796,2,,,0,113,,8797,2,,,0,207,,8798,2,,,0,200,,8799,2,,,0
1002000,'4532',618,,8805,2,,,0,112,,8806,2,,,0,110,,8801,2,,,0,107,,8808,2,,,0,154,,8809,2,,,0,106,,8807,2,,,0,100,,8802,2,,,0,112,,8810,2,,,0,118,,8803,2,,,0,110,,8811,2,,,0,165,,8804,2,,,0,225,,8800,2,,,0
1002000,'4623',1021,,8812,2,,,0,397,,8813,2,,,0
1002000,'5221',654,,8818,2,,,0,258,,8815,2,,,0,209,,8814,2,,,0,231,,8819,2,,,0,257,,8816,2,,,0,240,,8817,2,,,0
1002000,'5222',1021,,8820,2,,,0,397,,8821,2,,,0
