900,'4528',657,,7886,61,4,,0,102,,7885,61,4,,0,73,,7883,61,4,,0,71,,7884,61,4,,0,32,,7879,53,4,,0,22,,7868,47,4,,0,99,,7867,53,4,,0,146,,7866,61,4,,0,55,,7869,53,4,,0,102,,7887,61,4,,0,86,,7871,53,4,,0,89,,7870,61,4,,0,83,,7872,53,4,,0,86,,7874,61,4,,0,25,,7875,47,4,,0,77,,7873,61,4,,0,21,,7876,47,4,,0,79,,7877,61,4,,0,51,,7878,61,4,,0,100,,7880,53,4,,0,91,,7881,39,4,,0,107,,7882,61,4,,0
900,'4532',827,,7888,61,4,,0,100,,7890,61,4,,0,77,,7891,47,4,,0,99,,7896,47,4,,0,50,,7893,61,4,,0,167,,7892,47,4,,0,112,,7901,61,4,,0,70,,7895,53,4,,0,42,,7894,61,4,,0,61,,7902,47,4,,0,36,,7898,61,4,,0,100,,7889,47,4,,0,105,,7897,61,4,,0,108,,7900,47,4,,0,103,,7899,61,4,,0
900,'5221',912,,7908,61,4,,0,103,,7905,61,4,,0,134,,7911,61,4,,0,164,,7907,61,4,,0,128,,7912,61,4,,0,99,,7903,61,4,,0,169,,7904,61,4,,0,133,,7906,61,4,,0,162,,7910,61,4,,0,119,,7909,61,4,,0
1500,'4528',904,,7962,1,,,0,30,,7961,1,,,0,70,,7963,1,,,0,30,,7967,1,,,0,69,,7966,1,,,0,31,,7965,1,,,0,69,,7964,1,,,0,100,,7971,1,,,0,30,,7970,1,,,0,74,,7969,1,,,0,32,,7968,1,,,0,373,,7972,1,,,0,110,,7973,1,,,0,110,,7974,1,,,0
1500,'4532',744,,7982,1,,,0,110,,7977,1,,,0,150,,7985,1,,,0,107,,7981,1,,,0,119,,7980,1,,,0,105,,7978,1,,,0,110,,7983,1,,,0,110,,7984,1,,,0,154,,7975,1,,,0,106,,7976,1,,,0,111,,7979,1,,,0,107,,7986,1,,,0
1500,'5221',744,,7995,1,,,0,113,,7994,1,,,0,150,,7992,1,,,0,111,,7990,1,,,0,108,,7996,1,,,0,109,,7988,1,,,0,110,,7991,1,,,0,110,,7987,1,,,0,150,,7997,1,,,0,109,,7993,1,,,0,112,,7989,1,,,0
1501,'4528',854,,7999,17,4,,0,69,,8000,17,4,,0,30,,8001,17,4,,0,70,,7998,17,4,,0,30,,8002,17,4,,0,70,,8003,17,4,,0,29,,8004,17,4,,0,71,,8005,17,4,,0,103,,8007,17,4,,0,27,,8006,17,4,,0,548,,8009,17,4,,0,109,,8008,17,4,,0,110,,8010,17,4,,0
1501,'4532',807,,8019,17,4,,0,146,,8020,17,4,,0,102,,8017,17,4,,0,158,,8021,17,4,,0,112,,8018,17,4,,0,109,,8016,17,4,,0,110,,8011,17,4,,0,108,,8013,17,4,,0,151,,8014,17,4,,0,107,,8015,17,4,,0,112,,8012,17,4,,0,107,,8022,17,4,,0
1501,'5221',841,,8027,17,4,,0,112,,8032,17,4,,0,150,,8023,17,4,,0,110,,8028,17,4,,0,110,,8025,17,4,,0,110,,8026,17,4,,0,109,,8029,17,4,,0,109,,8024,17,4,,0,149,,8031,17,4,,0,110,,8030,17,4,,0
2500,'4528',741,,8095,1,0,5,0,207,,8096,1,,,0,265,,8097,1,0,5,0,125,,8098,1,,,0,374,,8099,1,,,0
2500,'4532',738,,8101,1,0,5,0,210,,8103,1,,,0,255,,8102,1,,,0,515,,8104,1,0,5,0,220,,8100,1,,,0
2500,'5221',738,,8105,1,0,5,0,210,,8106,1,,,0,255,,8107,1,,,0,515,,8108,1,0,5,0,220,,8109,1,,,0
2501,'4528',857,,8110,28,4,,0,256,,8111,29,4,,0,218,,8112,28,4,,0,175,,8113,29,4,,0,328,,8114,29,4,,0,225,,8115,28,4,,0
2501,'4532',852,,8117,28,4,,0,260,,8119,29,4,,0,215,,8118,29,4,,0,505,,8120,28,4,,0,270,,8116,29,4,,0
2501,'5221',852,,8121,28,4,,0,260,,8122,29,4,,0,215,,8123,29,4,,0,505,,8124,28,4,,0,270,,8125,29,4,,0
3100,'4528',650,,8250,20,4,,0,95,,8251,20,4,,0,111,,8252,20,4,,0,90,,8253,20,4,,0,109,,8254,20,4,,0,100,,8255,20,4,,0,100,,8256,20,4,,0,100,,8257,20,4,,0,100,,8258,20,4,,0,98,,8259,20,4,,0,102,,8260,20,4,,0,101,,8261,20,4,,0,144,,8262,20,4,,0,100,,8263,20,4,,0
3100,'4532',757,,8268,20,4,,0,145,,8272,20,4,,0,98,,8274,20,4,,0,132,,8273,20,4,,0,170,,8266,20,4,,0,100,,8269,20,4,,0,100,,8264,20,4,,0,100,,8265,20,4,,0,100,,8270,20,4,,0,100,,8267,20,4,,0,100,,8271,20,4,,0
3100,'5221',846,,8280,20,4,,0,165,,8276,20,4,,0,120,,8282,20,4,,0,170,,8277,20,4,,0,125,,8279,20,4,,0,130,,8283,20,4,,0,160,,8275,20,4,,0,126,,8278,20,4,,0,179,,8281,20,4,,0
3101,'4528',620,,8284,1,,,0,94,,8285,1,,,0,112,,8286,1,,,0,90,,8287,1,,,0,109,,8288,1,,,0,100,,8290,1,,,0,100,,8291,1,,,0,100,,8292,1,,,0,100,,8289,1,,,0,98,,8293,1,,,0,102,,8294,1,,,0,100,,8295,1,,,0,105,,8296,1,,,0,100,,8297,1,,,0
3101,'4532',725,,8302,1,,,0,105,,8306,1,,,0,98,,8308,1,,,0,172,,8307,1,,,0,130,,8300,1,,,0,100,,8303,1,,,0,100,,8298,1,,,0,100,,8299,1,,,0,100,,8304,1,,,0,100,,8301,1,,,0,100,,8305,1,,,0
3101,'5221',814,,8314,1,,,0,125,,8310,1,,,0,120,,8316,1,,,0,170,,8311,1,,,0,125,,8313,1,,,0,170,,8317,1,,,0,120,,8309,1,,,0,166,,8312,1,,,0,139,,8315,1,,,0
1001500,'4528',642,,8772,1,,,0,75,,8769,1,,,0,34,,8771,1,,,0,75,,8770,1,,,0,401,,8773,1,,,0,284,,8776,1,,,0,36,,8778,1,,,0,77,,8774,1,,,0,76,,8775,1,,,0,35,,8777,1,,,0
1001501,'4528',742,,8780,22,4,,0,78,,8779,22,4,,0,439,,8783,22,4,,0,172,,8781,22,4,,0,76,,8782,22,4,,0,36,,8785,22,4,,0,77,,8788,22,4,,0,36,,8787,22,4,,0,73,,8784,22,4,,0,75,,8786,22,4,,0,34,,8789,22,4,,0
