701,'4327',712,,2454,2,,,0,109,,4547,2,,,0,225,,2455,2,,,0,111,,4546,2,,,0,146,,2452,2,,,0,220,,2450,2,,,0,218,,2457,2,,,0,215,,2449,2,,,0
701,'4332',821,,4565,2,,,0,110,,2471,2,,,0,111,,4561,2,,,0,476,,4563,2,,,0,120,,4564,2,,,0,698,,2475,2,,,0
701,'4480',651,,4557,2,,,0,85,,4551,2,,,0,187,,4549,2,,,0,115,,4556,2,,,0,115,,4548,2,,,0,155,,4550,2,,,0,115,,2435,2,,,0,105,,2429,2,,,0,281,,2438,2,,,0,115,,4553,2,,,0,115,,4555,2,,,0,112,,2441,2,,,0,192,,2426,2,,,0
701,'4663',1734,,5296,2,,,0
701,'4673',1618,,4559,2,,,0,116,,5297,2,,,0
701,'5241',1618,,4560,2,,,0
701,'5302',942,,2459,2,,,0,469,,2456,2,,,0,223,,2458,2,,,0,217,,2451,2,,,0
701,'5303',707,,2444,2,,,0,103,,2428,2,,,0,843,,4554,2,,,0,81,,2448,2,,,0,115,,2443,2,,,0,461,,4558,2,,,0
701,'5304',707,,5302,2,,,0,103,,5298,2,,,0,843,,5299,2,,,0,196,,5301,2,,,0,461,,5300,2,,,0
701,'5306',711,,5305,2,,,0,443,,5306,2,,,0,149,,5307,2,,,0,111,,5303,2,,,0,327,,5309,2,,,0,110,,5304,2,,,0,105,,5310,2,,,0,145,,5311,2,,,0,108,,5308,2,,,0
701,'5307',942,,5315,2,,,0,469,,5313,2,,,0,223,,5314,2,,,0,217,,5312,2,,,0
701,'5308',1734,,5316,2,,,0
