4001,'4327',722,2,3226,29,,,0,107,2,3214,29,,,0,271,42,3223,29,,,0,111,2,3210,29,,,0,110,2,4848,29,,,0,110,2,3211,29,,,0,75,2,3219,29,,,0,37,2,3215,29,,,0,108,2,3209,29,,,0,150,42,4852,29,,,0,34,2,4856,29,,,0,109,2,4849,29,,,0,75,2,4851,29,,,0
4001,'4332',804,2,3243,29,,,0,108,2,3248,29,,,0,114,2,4917,29,,,0,76,2,4906,29,,,0,35,2,4918,29,,,0,76,2,4909,29,,,0,36,3,3237,29,,,0,75,3,3238,29,,,0,182,3,3245,29,,,0,37,2,3239,29,,,0,75,2,4916,29,,,0,35,2,4910,29,,,0,148,42,4915,29,,,0,109,2,4911,29,,,0,109,2,3252,29,,,0,108,2,4919,29,,,0,75,2,4914,29,,,0,100,2,4907,29,,,0
4001,'4480',651,2,3199,29,,,0,72,2,4898,29,,,0,33,2,4902,29,,,0,56,2,4899,29,,,0,15,2,4900,29,,,0,18,2,4901,29,,,0,56,42,4865,29,,,0,28,2,4869,29,,,0,14,2,4870,29,,,0,15,2,4866,29,,,0,55,2,4867,29,,,0,30,2,4872,29,,,0,15,2,4873,29,,,0,56,2,4874,29,,,0,15,2,4875,29,,,0,15,2,4876,29,,,0,56,42,4877,29,,,0,15,2,3172,29,,,0,17,2,4878,29,,,0,85,2,4879,29,,,0,30,2,4880,29,,,0,55,2,4881,29,,,0,16,2,4882,29,,,0,30,2,4884,29,,,0,55,2,4885,29,,,0,15,2,4886,29,,,0,15,2,4887,29,,,0,15,2,4888,29,,,0,55,2,4889,29,,,0,30,2,4890,29,,,0,15,2,4891,29,,,0,54,2,3191,29,,,0,29,2,4903,29,,,0,15,2,4895,29,,,0,54,42,3196,29,,,0,29,2,4894,29,,,0,15,2,4896,29,,,0,91,2,4864,29,,,0,20,2,4860,29,,,0,148,2,3151,29,,,0,100,2,4859,29,,,0,28,2,4862,29,,,0,69,42,4858,29,,,0,30,2,4861,29,,,0,70,42,4857,29,,,0
4001,'4673',2034,2,4904,29,,,0
4001,'5241',2034,2,4905,29,,,0
4001,'5302',950,2,4853,29,,,0,186,2,4850,29,,,0,113,2,4847,29,,,0,107,2,4855,29,,,0,255,2,3218,29,,,0,115,2,4854,29,,,0,178,2,3212,29,,,0
4001,'5303',915,2,4868,29,,,0,113,2,4871,29,,,0,219,2,3174,29,,,0,55,2,3175,29,,,0,30,2,3177,29,,,0,101,2,4883,29,,,0,185,2,3188,29,,,0,98,2,4892,29,,,0,98,2,4893,29,,,0,45,2,4897,29,,,0,56,2,3158,29,,,0,100,2,4863,29,,,0,118,2,3155,29,,,0
4001,'5304',915,2,5615,29,,,0,113,2,5616,29,,,0,219,2,5617,29,,,0,55,2,5618,29,,,0,30,2,5619,29,,,0,101,2,5620,29,,,0,185,2,5621,29,,,0,98,2,5622,29,,,0,98,2,5623,29,,,0,45,2,5624,29,,,0,56,2,5614,29,,,0,100,2,5613,29,,,0,118,2,5612,29,,,0
4001,'5306',720,2,5634,29,,,0,118,2,5633,29,,,0,111,2,5630,29,,,0,451,43,5632,29,,,0,35,3,5625,29,,,0,291,2,5631,29,,,0,110,2,5627,29,,,0,109,2,5626,29,,,0,108,2,5628,29,,,0,350,2,5629,29,,,0
4001,'5307',950,2,5639,29,,,0,186,2,5637,29,,,0,113,2,5635,29,,,0,107,2,5641,29,,,0,255,2,5638,29,,,0,115,2,5640,29,,,0,178,2,5636,29,,,0
