4000,'4327',751,,4080,53,4,,0,158,,4090,53,4,,0,108,,4077,53,4,,0,35,,4093,53,4,,0,72,,4079,53,4,,0,85,,4075,53,4,,0,28,,4094,53,4,,0,75,,4088,53,4,,0,35,,4089,53,4,,0,75,,4084,53,4,,0,35,,4081,53,4,,0,73,,4083,53,4,,0,77,,4078,53,4,,0,35,,4086,53,4,,0,75,,4085,53,4,,0,35,,4092,53,4,,0,75,,4076,53,4,,0,74,,4087,53,4,,0,34,,4082,53,4,,0,75,,4091,53,4,,0
4000,'4332',726,,4114,53,4,,0,32,,4119,53,4,,0,75,,4107,53,4,,0,77,,4099,53,4,,0,33,,4115,53,4,,0,75,,4096,53,4,,0,37,,4112,53,4,,0,73,,4097,53,4,,0,75,,4103,53,4,,0,35,,4106,53,4,,0,76,,4095,53,4,,0,35,,4100,53,4,,0,75,,4104,53,4,,0,35,,4113,53,4,,0,75,,4118,53,4,,0,77,,4102,53,4,,0,32,,4108,53,4,,0,75,,4117,53,4,,0,39,,4116,53,4,,0,71,,4105,53,4,,0,75,,4109,53,4,,0,34,,4120,53,4,,0,75,,4098,53,4,,0,36,,4121,53,4,,0,75,,4110,53,4,,0,104,,4101,53,4,,0,99,,4111,53,4,,0
4000,'4663',2056,,4122,53,4,,0
4000,'4681',2056,,4123,53,4,,0
4000,'5135',1936,,4125,53,4,,0,221,,4124,53,4,,0
4000,'5214',645,,3085,53,4,,0,70,,3086,53,4,,0,16,,3093,53,4,,0,15,,3087,53,4,,0,55,,3088,53,4,,0,17,,3089,53,4,,0,15,,3090,53,4,,0,15,,3092,53,4,,0,55,,3043,53,4,,0,15,,3044,53,4,,0,15,,3045,53,4,,0,15,,3046,53,4,,0,55,,3047,53,4,,0,15,,3048,53,4,,0,15,,3049,53,4,,0,15,,3050,53,4,,0,55,,3051,53,4,,0,15,,3052,53,4,,0,15,,3053,53,4,,0,16,,3054,53,4,,0,55,,3055,53,4,,0,15,,3056,53,4,,0,15,,3057,53,4,,0,15,,3058,53,4,,0,55,,3059,53,4,,0,15,,3060,53,4,,0,15,,3061,53,4,,0,15,,3062,53,4,,0,55,,3063,53,4,,0,15,,3064,53,4,,0,15,,3065,53,4,,0,15,,3066,53,4,,0,55,,3067,53,4,,0,15,,3068,53,4,,0,15,,3069,53,4,,0,15,,3070,53,4,,0,55,,3071,53,4,,0,15,,3073,53,4,,0,15,,3074,53,4,,0,15,,3075,53,4,,0,55,,3076,53,4,,0,15,,3078,53,4,,0,15,,3072,53,4,,0,15,,3079,53,4,,0,55,,3077,53,4,,0,15,,3080,53,4,,0,17,,3081,53,4,,0,20,,3082,53,4,,0,60,,3083,53,4,,0,20,,3097,53,4,,0,20,,3084,53,4,,0,70,,3041,53,4,,0,30,,3095,53,4,,0,72,,3040,53,4,,0,29,,3096,53,4,,0,70,,3039,53,4,,0,29,,3042,53,4,,0,71,,3038,53,4,,0
4000,'5216',645,,4173,53,4,,0,70,,4174,53,4,,0,16,,4181,53,4,,0,15,,4175,53,4,,0,55,,4176,53,4,,0,17,,4177,53,4,,0,15,,4178,53,4,,0,15,,4180,53,4,,0,55,,4131,53,4,,0,15,,4132,53,4,,0,15,,4133,53,4,,0,15,,4134,53,4,,0,55,,4135,53,4,,0,15,,4136,53,4,,0,15,,4137,53,4,,0,15,,4138,53,4,,0,55,,4139,53,4,,0,15,,4140,53,4,,0,15,,4141,53,4,,0,16,,4142,53,4,,0,55,,4143,53,4,,0,15,,4144,53,4,,0,15,,4145,53,4,,0,15,,4146,53,4,,0,55,,4147,53,4,,0,15,,4148,53,4,,0,15,,4149,53,4,,0,15,,4150,53,4,,0,55,,4151,53,4,,0,15,,4152,53,4,,0,15,,4153,53,4,,0,15,,4154,53,4,,0,55,,4155,53,4,,0,15,,4156,53,4,,0,15,,4157,53,4,,0,15,,4158,53,4,,0,55,,4159,53,4,,0,15,,4161,53,4,,0,15,,4162,53,4,,0,15,,4163,53,4,,0,55,,4164,53,4,,0,15,,4166,53,4,,0,15,,4160,53,4,,0,15,,4167,53,4,,0,55,,4165,53,4,,0,15,,4168,53,4,,0,17,,4169,53,4,,0,20,,4170,53,4,,0,60,,4171,53,4,,0,40,,4172,53,4,,0,70,,4129,53,4,,0,102,,4128,53,4,,0,99,,4127,53,4,,0,29,,4130,53,4,,0,71,,4126,53,4,,0
4000,'5219',1936,,4184,53,4,,0,120,,4182,53,4,,0,101,,4183,53,4,,0
4001,'4327',650,,3226,1,,,0,106,,3214,1,,,0,158,,4191,1,,,0,110,,3223,1,,,0,76,,4188,1,,,0,35,,3210,1,,,0,77,,4185,1,,,0,32,,4186,1,,,0,75,,4193,1,,,0,35,,3211,1,,,0,75,,3219,1,,,0,77,,3215,1,,,0,29,,3218,1,,,0,81,,3209,1,,,0,35,,4192,1,,,0,76,,4190,1,,,0,75,,4194,1,,,0,29,,3212,1,,,0,81,,4187,1,,,0,35,,4189,1,,,0
4001,'4332',646,,3254,1,,,0,83,,3243,1,,,0,74,,3251,1,,,0,33,,3248,1,,,0,75,,3240,1,,,0,37,,4207,1,,,0,76,,4195,1,,,0,34,,4208,1,,,0,76,,4198,1,,,0,75,,3237,1,,,0,35,,3238,1,,,0,76,,3250,1,,,0,35,,3229,1,,,0,71,,3245,1,,,0,78,,3239,1,,,0,36,,4206,1,,,0,75,,4199,1,,,0,34,,4203,1,,,0,75,,4205,1,,,0,76,,4201,1,,,0,34,,4200,1,,,0,75,,4197,1,,,0,35,,3252,1,,,0,75,,4202,1,,,0,35,,4209,1,,,0,75,,4204,1,,,0,101,,4196,1,,,0,101,,3236,1,,,0
4001,'4480',620,,3199,1,,,0,519,,3172,1,,,0,71,,3174,1,,,0,15,,3175,1,,,0,30,,3177,1,,,0,285,,3188,1,,,0,85,,3191,1,,,0,100,,3196,1,,,0,117,,3158,1,,,0,189,,3151,1,,,0,70,,3155,1,,,0
4001,'5135',2002,,4210,1,,,0
4001,'5214',650,,3200,1,,,0,70,,3204,1,,,0,16,,3201,1,,,0,15,,3202,1,,,0,55,,3203,1,,,0,18,,3159,1,,,0,15,,3162,1,,,0,15,,3163,1,,,0,55,,3164,1,,,0,15,,3160,1,,,0,15,,3161,1,,,0,15,,3165,1,,,0,55,,3166,1,,,0,15,,3167,1,,,0,15,,3168,1,,,0,15,,3169,1,,,0,55,,3170,1,,,0,15,,3171,1,,,0,31,,3173,1,,,0,85,,3176,1,,,0,70,,3178,1,,,0,15,,3179,1,,,0,15,,3180,1,,,0,15,,3181,1,,,0,55,,3182,1,,,0,15,,3183,1,,,0,15,,3184,1,,,0,15,,3185,1,,,0,55,,3186,1,,,0,15,,3187,1,,,0,30,,3189,1,,,0,55,,3190,1,,,0,30,,3192,1,,,0,15,,3205,1,,,0,55,,3195,1,,,0,30,,3193,1,,,0,15,,3194,1,,,0,55,,3197,1,,,0,15,,3198,1,,,0,77,,3157,1,,,0,20,,3152,1,,,0,20,,3156,1,,,0,60,,3206,1,,,0,130,,3150,1,,,0,70,,3154,1,,,0,30,,3149,1,,,0,70,,3153,1,,,0,30,,3148,1,,,0
4001,'5216',650,,4252,1,,,0,70,,4256,1,,,0,16,,4253,1,,,0,15,,4254,1,,,0,55,,4255,1,,,0,18,,4219,1,,,0,15,,4222,1,,,0,15,,4223,1,,,0,55,,4224,1,,,0,15,,4220,1,,,0,15,,4221,1,,,0,15,,4225,1,,,0,55,,4226,1,,,0,15,,4227,1,,,0,15,,4228,1,,,0,15,,4229,1,,,0,55,,4230,1,,,0,15,,4231,1,,,0,31,,4232,1,,,0,85,,4233,1,,,0,70,,4234,1,,,0,15,,4235,1,,,0,15,,4236,1,,,0,15,,4237,1,,,0,55,,4238,1,,,0,15,,4239,1,,,0,15,,4240,1,,,0,15,,4241,1,,,0,55,,4242,1,,,0,15,,4243,1,,,0,30,,4244,1,,,0,55,,4245,1,,,0,30,,4246,1,,,0,15,,4257,1,,,0,55,,4249,1,,,0,30,,4247,1,,,0,15,,4248,1,,,0,55,,4250,1,,,0,15,,4251,1,,,0,77,,4218,1,,,0,20,,4214,1,,,0,20,,4217,1,,,0,190,,4213,1,,,0,70,,4216,1,,,0,30,,4212,1,,,0,70,,4215,1,,,0,30,,4211,1,,,0
4001,'5219',2002,,4258,1,,,0
7800,'4480',648,,3429,5,4,,0,101,,3430,5,4,,0
7800,'4663',1852,,4320,5,4,,0
7800,'4681',1852,,4321,5,4,,0
7800,'5214',1019,,3431,5,4,,0,606,,3432,5,4,,0,227,,3434,5,4,,0
7800,'5216',1019,,4322,5,4,,0,606,,4323,5,4,,0
7800,'5219',1852,,4324,5,4,,0
7801,'4480',600,,3436,1,,,0,100,,3437,1,,,0
7801,'4663',1803,,4325,1,,,0
7801,'4681',1803,,4326,1,,,0
7801,'5214',930,,3438,1,,,0,602,,3439,1,,,0,271,,3441,1,,,0
7801,'5216',930,,4327,1,,,0,602,,4328,1,,,0
7801,'5219',1803,,4329,1,,,0
