2001,'4327',919,,2784,22,,,0,227,,2786,22,,,0,259,,2785,22,,,0,209,,2787,22,,,0,224,,2788,22,,,0
2001,'4332',929,,2795,22,,,0,88,,2799,22,,,0,105,,3980,22,,,0,128,,2789,22,,,0,155,,3981,22,,,0,102,,2792,22,,,0,107,,2797,22,,,0,103,,2793,22,,,0,110,,2790,22,,,0,377,,2794,39,,,0,198,,3979,39,,,0
2001,'4480',832,,2777,39,,,0,87,,2766,22,,,0,700,,2771,22,,,0,110,,2772,22,,,0,675,,2774,39,,,0
2001,'4663',1849,,2778,39,,,0,358,,2779,39,,,0
2001,'4673',1849,,2780,39,,,0,358,,2781,39,,,0
2001,'4681',1849,,2782,39,,,0,358,,2783,39,,,0
2001,'5214',657,,2775,22,,,0,102,,2776,39,,,0,269,,2767,22,,,0,110,,2768,22,,,0,111,,2769,22,,,0,280,,2770,39,,,0,419,,2773,22,,,0
2001,'5216',657,,3987,22,,,0,102,,3988,39,,,0,269,,3982,22,,,0,110,,3983,22,,,0,111,,3984,22,,,0,280,,3985,39,,,0,419,,3986,22,,,0
1002001,'4327',818,,3630,39,,,0,213,,3629,39,,,0,272,,4350,39,,,0,222,,4351,39,,,0,217,,3626,39,,,0,304,,3628,39,,,0
1002001,'4332',742,,4353,39,,,0,113,,4354,39,,,0,152,,3631,39,,,0,111,,4352,39,,,0,103,,4360,39,,,0,117,,4359,39,,,0,110,,3632,39,,,0,104,,4356,39,,,0,156,,3633,39,,,0,109,,4357,39,,,0,124,,4355,39,,,0,102,,4361,39,,,0,259,,4358,39,,,0
1002001,'4480',1103,,3614,22,,,0,221,,3616,22,,,0,94,,3617,39,,,0,183,,3619,39,,,0,312,,3622,22,,,0,392,,3624,39,,,0
1002001,'5214',732,,3611,22,,,0,111,,3612,22,,,0,110,,3613,39,,,0,260,,3615,22,,,0,241,,3618,39,,,0,256,,3620,39,,,0,95,,3621,22,,,0,300,,3623,39,,,0
1002001,'5216',732,,4362,22,,,0,111,,4363,22,,,0,110,,4364,39,,,0,260,,4365,22,,,0,241,,4366,39,,,0,256,,4367,39,,,0,95,,4368,22,,,0,300,,4369,39,,,0
