7201,'4327',1028,,3396,21,,,0,116,,3397,21,,,0,259,,3399,21,,,0,107,,3400,21,,,0,111,,3401,21,,,0,106,,3402,21,,,0,110,,3393,21,,,0
7201,'4332',731,,3405,21,,,0,206,,4968,21,,,0,111,,4970,21,,,0,110,,4969,21,,,0,150,,3414,21,,,0,110,,3417,21,,,0,83,,3418,21,,,0,27,,3419,21,,,0,187,,3421,21,,,0,32,,4971,21,,,0,75,,4972,21,,,0,110,,4974,21,,,0,96,,4973,21,,,0,122,,3409,21,,,0,199,,3411,21,,,0
7201,'4480',726,,3387,21,,,0,77,,3385,21,,,0,34,,3386,21,,,0,185,,4956,21,,,0,111,,4955,21,,,0,75,,3371,21,,,0,295,,3375,21,,,0,110,,4959,21,,,0,219,,3380,21,,,0,110,,4962,21,,,0,105,,4963,21,,,0,100,,3381,21,,,0
7201,'4661',1723,,3388,21,,,0
7201,'4663',1723,,3389,21,,,0
7201,'4673',2246,,4964,21,,,0,99,,4965,21,,,0
7201,'5241',2246,,4966,21,,,0,99,,4967,21,,,0
7201,'5302',804,,4954,21,,,0,113,,3394,21,,,0,331,,3395,21,,,0,704,,3398,21,,,0
7201,'5303',912,,3365,21,,,0,35,,3366,21,,,0,111,,3370,21,,,0,185,,4957,21,,,0,75,,3372,21,,,0,35,,4958,21,,,0,75,,3374,21,,,0,110,,3376,21,,,0,110,,4960,21,,,0,109,,4961,21,,,0,150,,3382,21,,,0
7201,'5304',912,,5677,21,,,0,35,,5678,21,,,0,111,,5680,21,,,0,185,,5679,21,,,0,75,,5681,21,,,0,35,,5682,21,,,0,75,,5683,21,,,0,110,,5684,21,,,0,110,,5685,21,,,0,109,,5686,21,,,0,150,,5687,21,,,0
7201,'5306',841,,5688,21,,,0,174,,5690,21,,,0,108,,5691,21,,,0,110,,5692,21,,,0,118,,5694,21,,,0,260,,5695,21,,,0,27,,5689,21,,,0,219,,5696,21,,,0,393,,5693,21,,,0
7201,'5307',804,,5697,21,,,0,113,,5698,21,,,0,331,,5699,21,,,0,704,,5700,21,,,0
