901,'4327',758,,2638,55,,,0,97,,2635,55,,,0,183,,2641,55,,,0,113,,2637,55,,,0,169,,2642,55,,,0,109,,2633,55,,,0,127,,4603,55,,,0,174,,2636,55,,,0,283,,2639,55,,,0
901,'4332',815,,4613,41,,,0,37,,2647,41,,,0,105,,2652,48,,,0,84,,2649,41,,,0,278,,2657,41,,,0,35,,2651,48,,,0,79,,4614,48,,,0,97,,4616,41,,,0,107,,2644,48,,,0,100,,4615,41,,,0,117,,2656,48,,,0,97,,2655,41,,,0,205,,2645,55,,,0
901,'4480',553,,2630,41,,,0,100,,2629,48,,,0,69,,2631,41,,,0,30,,2627,48,,,0,70,,2628,41,,,0,30,,4605,55,,,0,96,,2611,41,,,0,104,,2612,48,,,0,97,,4606,41,,,0,99,,2632,55,,,0,89,,4608,48,,,0,81,,4607,41,,,0,87,,2616,48,,,0,117,,2619,48,,,0,33,,4610,55,,,0,104,,4612,41,,,0,92,,2623,48,,,0,103,,2625,41,,,0,96,,2622,48,,,0,99,,2626,41,,,0,201,,2624,55,,,0
901,'5302',1858,,4604,55,,,0
901,'5303',1551,,4609,41,,,0,174,,4611,48,,,0
901,'5304',1551,,5406,41,,,0,174,,5407,48,,,0
901,'5306',719,,5408,55,,,0,495,,5409,48,,,0
901,'5307',1858,,5410,55,,,0
9701,'4332',752,,3512,40,,,0,100,,3513,40,,,0,150,,3514,40,,,0,112,,3515,40,,,0,120,,3516,40,,,0,94,,3518,40,,,0,108,,3517,40,,,0,98,,3519,40,,,0,97,,3520,40,,,0,102,,3521,40,,,0
9701,'4480',824,,3509,40,,,0,96,,3510,40,,,0,105,,3508,40,,,0,98,,3507,40,,,0,100,,3505,40,,,0,102,,3506,40,,,0,95,,3504,40,,,0,105,,3502,40,,,0,97,,3501,40,,,0,103,,3511,40,,,0,108,,3503,40,,,0
