701,'4327',724,,2454,15,,,0,109,,3860,15,,,0,121,,2459,15,,,0,104,,2455,15,,,0,151,,3859,15,,,0,106,,2452,15,,,0,109,,2456,15,,,0,112,,2450,15,,,0,111,,2458,15,,,0,106,,2457,15,,,0,150,,2451,15,,,0,105,,2449,15,,,0
701,'4332',723,,2466,15,,,0,110,,3866,15,,,0,110,,2471,15,,,0,111,,3861,15,,,0,152,,3867,15,,,0,109,,3868,15,,,0,112,,3862,15,,,0,104,,3864,15,,,0,120,,3865,15,,,0,102,,2472,15,,,0,150,,3863,15,,,0,105,,3869,15,,,0,105,,3870,15,,,0,108,,2470,15,,,0,127,,2475,15,,,0
701,'4480',717,,2444,15,,,0,104,,2428,15,,,0,616,,2435,15,,,0,105,,2429,15,,,0,279,,2438,15,,,0,80,,2443,15,,,0,301,,2441,15,,,0,152,,2426,15,,,0
701,'4663',1747,,2445,15,,,0
701,'4673',1747,,2447,15,,,0
701,'4681',1747,,2448,15,,,0
701,'5135',1632,,3871,15,,,0
701,'5214',617,,2433,2,,,0,84,,2440,15,,,0,45,,2432,15,,,0,188,,2430,15,,,0,115,,2439,15,,,0,158,,2427,15,,,0,115,,2431,15,,,0,310,,2446,15,,,0,75,,2436,15,,,0,229,,2434,15,,,0,115,,2437,15,,,0,270,,2442,15,,,0
701,'5216',617,,3876,2,,,0,84,,3881,15,,,0,45,,3875,15,,,0,188,,3873,15,,,0,115,,3880,15,,,0,158,,3872,15,,,0,115,,3874,15,,,0,385,,3878,15,,,0,229,,3877,15,,,0,115,,3879,15,,,0,270,,3882,15,,,0
701,'5219',1632,,3883,15,,,0
