1,100,'4327',2017,3644,2019,2020,3645,2022,3646,3647,3648,3649,2027,3650,2029,2030,2031,3651,3652,2034,2035,3653,3654,3655,2039,2040,3656,3657,2043,2044,2045
1,100,'4332',3658,2047,2048,3659,3660,3661,2052,3662,3663,2055,3664,3665,2058,3666,3667,3668,3669,2063,3670,3671,2066,3672,2068,2069,2070,3673,3674,3675,2074,2075,3676,3677,2078,2079
1,100,'4480',1974,1976,1977,1978,1979,1980,1981,1982,1984,1985,1986,1987,1988,1989,1990,1991,1993,1995,1996,1997,2000,2002,2004,2005,2006,2009,2010,2012,2014
1,100,'4661',2015
1,100,'4663',2016
1,100,'5214',1975,1983,1992,1994,1998,1999,2001,2003,2007,2008,2011,2013
1,100,'5216',3678,3679,3680,3681,3682,3683,3684,3685,3686,3687,3688,3689
1,101,'4327',2124,2125,2126,2127,3690,3691,3692,3693,3694,3695,2134,3696,2136,3697,3698,2139,2140,2141,3699,3700,2144,2145,3701,3702,2148,3703,2150
1,101,'4332',2151,3704,2153,2154,3705,3706,2157,3707,2159,3708,3709,3710,2163,3711,2165,2166,2167,3712,3713,3714,3715,3716,2173,3717,2175,3718,2177,3719,3720,3721,3722,3723,2183,2184,3724
1,101,'4480',2080,2082,2083,2084,2085,2086,2087,2089,2090,2091,2092,2093,2094,2097,2098,2099,2102,2104,2107,2112,2113,2114,2116,2120
1,101,'4663',3725
1,101,'4681',3726
1,101,'5214',2081,2088,2095,2096,2100,2101,2103,2105,2106,2108,2109,2110,2111,2122,2115,2117,2118,2119
1,101,'5216',3727,3728,3729,3730,3731,3732,3733,3734,3735,3736,3737,3738,3739,3740,3741,3742,3743
1,101,'5219',3744
5,500,'4327',3745,3746,2214,2215,2216,3747,2218,3748,2220,2221,2222
5,500,'4332',3749,3750,3751,3752,3753,3754,3755,3756,3757,3758,3759,3760,3761,2236
5,500,'4480',2187,2189,2190,2191,2192,2193,2195,2196,2197,2199
5,500,'4661',2201
5,500,'4663',3762,3763,2204,3764
5,500,'4681',3765,3766,3767
5,500,'5214',2186,2188,2206,2194,2207,2208,2198,2200
5,500,'5216',3768,3769,3770,3771,3772
5,500,'5219',3773,3774,3775
5,501,'4327',3776,3777,2263,2264,2265,3778,2267,3779,2269,2270,2271
5,501,'4332',2272,3780,3781,3782,3783,3784,3785,3786,3787,3788,3789,3790,3791,3792
5,501,'4480',2237,2239,2240,2241,2242,2243,2245,2246,2248
5,501,'4661',2250
5,501,'4663',3793,2252,3794,3795
5,501,'4681',3796,3797,3798
5,501,'5214',2238,2255,2256,2257,2244,2247,2249
5,501,'5216',3799,3800,3801,3802
5,501,'5219',3803,3804,3805
6,600,'4327',2306,3806,2308,2309,2310,2311,2312,2313,2314,2315,2316,2317
6,600,'4332',2318,3807,2320,2321,3808,2323,2324,3809,2326,2327,2328,3810,2330,3811,3812
6,600,'4480',2286,2288,2290,2291,2292,2293,2295,2297,2298,2300,2302
6,600,'4663',2303
6,600,'4673',2304
6,600,'4681',2305
6,600,'5214',2287,2289,2294,2296,2299,2301
6,600,'5216',3813,3814,3815,3816,3817,3818
6,601,'4327',2349,2350,3819,2352,3820,2354,3821,2356,3822,3823,3824
6,601,'4332',3825,2361,2362,3826,2364,2365,2366,3827,2368,3828,2370,2371,2372,2373,3829
6,601,'4480',2333,2334,2335,2336,2337,2338,2339,2341,2343,2344,2345,2347
6,601,'5214',2340,2342,2346,2348
6,601,'5216',3830,3831,3832,3833
7,700,'4327',2398,2399,2400,2401,3834,2403,2404,2405,2406,2407,2408,3835
7,700,'4332',3836,3837,3838,3839,3840,2415,3841,3842,3843,2419,2420,2421,3844,3845,2424
7,700,'4480',2375,2377,2382,2384,2385,2389,2392,2393
7,700,'4663',2394
7,700,'4673',2396
7,700,'4681',2397
7,700,'5135',3846
7,700,'5214',2376,2378,2379,2380,2381,2383,2386,2387,2388,2390,2391,2395
7,700,'5216',3847,3848,3849,3850,3851,3852,3853,3854,3855,3856,3857
7,700,'5219',3858
7,701,'4327',2449,2450,2451,2452,3859,2454,2455,2456,2457,2458,2459,3860
7,701,'4332',3861,3862,3863,3864,3865,2466,3866,3867,3868,2470,2471,2472,3869,3870,2475
7,701,'4480',2426,2428,2429,2435,2438,2441,2443,2444
7,701,'4663',2445
7,701,'4673',2447
7,701,'4681',2448
7,701,'5135',3871
7,701,'5214',2427,2430,2431,2432,2433,2434,2436,2437,2439,2440,2442,2446
7,701,'5216',3872,3873,3874,3875,3876,3877,3878,3879,3880,3881,3882
7,701,'5219',3883
8,800,'4327',2494,2495,2496,2497,2498,2499,2500,2501,2502,2503,2504,2505
8,800,'4332',3884,2507,2508,2509,2510,2511,3885,2513,3886,3887,3888,3889,2518,3890
8,800,'4480',2477,2478,2479,2481,2482,2485,2486,2488,2490
8,800,'4663',2491
8,800,'4673',2492
8,800,'4681',2493
8,800,'5214',2480,2483,2484,2487,2489
8,800,'5216',3891,3892,3893,3894,3895
8,801,'4327',2537,2538,2539,2540,2541,2542,2543,2544,2545,2546,2547,2548
8,801,'4332',3896,2550,2551,2552,2553,2554,3897,2556,3898,3899,3900,3901,2561,3902
8,801,'4480',2520,2521,2522,2524,2525,2526,2529,2530,2533
8,801,'4663',2534
8,801,'4673',2535
8,801,'4681',2536
8,801,'5214',2523,2527,2528,2531,2532
8,801,'5216',3903,3904,3905,3906,3907
9,900,'4327',2585,3908,2587,2588,2589,2590,2591,3909,2593,2594
9,900,'4332',3910,2596,3911,2598,2599,2600,3912,2602,2603,3913,3914,2606,2607,2608,2609
9,900,'4480',2563,2564,2569,2572,2575,2576,2577,2578,2579,2580,2581,2582,2583,2584
9,900,'5214',2565,2566,2567,2568,2570,2571,2573,2574
9,900,'5216',3915,3916,3917,3918,3919,3920,3921,3922
9,901,'4327',2633,3923,2635,2636,2637,2638,2639,3924,2641,2642
9,901,'4332',3925,2644,2645,3926,2647,2648,2649,3927,2651,2652,3928,3929,2655,2656,2657
9,901,'4480',2611,2612,2616,2619,2622,2623,2624,2625,2626,2627,2628,2629,2630,2631,2632
9,901,'5214',2610,2613,2614,2615,2617,2618,2620,2621
9,901,'5216',3930,3931,3932,3933,3934,3935,3936,3937
15,1500,'4327',2674,2675,2676,2677,2678,2679,2680,2681,2682,2683,2684
15,1500,'4332',3938,3939,2687,2688,3940,3941,2691,2692,3942,2694,2695,3943
15,1500,'4480',2658,2659,2660,2665,2666,2667,2668
15,1500,'4663',2671
15,1500,'4673',2672
15,1500,'4681',2673
15,1500,'5214',2661,2662,2663,2664,2669,2670
15,1500,'5216',3944,3945,3946,3947,3948,3949
15,1501,'4327',2712,3950,3951,2715,3952,3953,2718,3954,3955,3956
15,1501,'4332',3957,2723,2724,3958,2726,2727,2728,3959,2730,3960,2732,2733
15,1501,'4480',2697,2698,2699,2700,2705,2706
15,1501,'4663',2709
15,1501,'4673',2710
15,1501,'4681',2711
15,1501,'5214',2701,2702,2703,2704,2707,2708
15,1501,'5216',3961,3962,3963,3964,3965,3966
20,2000,'4327',2749,2750,2751,2752,2753
20,2000,'4332',2754,2755,3967,3968,2758,2759,3969,2761,2762,2763,2764,2765
20,2000,'4480',2735,2739,2742,2743,2744,2747
20,2000,'5214',2734,2736,2737,2738,2740,2741,2745,2746,2748
20,2000,'5216',3970,3971,3972,3973,3974,3975,3976,3977,3978
20,2001,'4327',2784,2785,2786,2787,2788
20,2001,'4332',2789,2790,3979,2792,2793,2794,2795,3980,2797,3981,2799
20,2001,'4480',2766,2771,2772,2774,2777
20,2001,'4663',2778,2779
20,2001,'4673',2780,2781
20,2001,'4681',2782,2783
20,2001,'5214',2767,2768,2769,2770,2773,2775,2776
20,2001,'5216',3982,3983,3984,3985,3986,3987,3988
25,2500,'4327',3989,3990,2807,2808,2809
25,2500,'4332',3991,3992,3993,3994,3995
25,2500,'4480',2800,2801,2802,2804
25,2500,'5214',2803
25,2500,'5216',3996
25,2501,'4327',3997,3998,2823,2824,2825
25,2501,'4332',3999,4000,4001,4002,4003
25,2501,'4480',2815,2816,2819
25,2501,'5135',4004
25,2501,'5214',2817,2818,2820
25,2501,'5216',4005,4006
25,2501,'5219',4007
30,3000,'4327',2863,2864,2865,2866,4008,4009,2869,2870,2871,2872,4010
30,3000,'4332',4011,2875,2876,4012,2878,2879,2880,2881,4013,2883,2884,4014,4015,2887,4016,4017,2890,4018,4019,4020,2894,2895,2896,2897
30,3000,'4480',2832,2833,2834,2835,2836,2837,2838,2839,2840,2841,2842,2843,2844,2845,2846,2848,2849,2850,2851,2853,2854,2855,2856,2857
30,3000,'4661',2858,2859
30,3000,'4663',2860,2861
30,3000,'5135',4021
30,3000,'5214',2862,2847,2852
30,3000,'5216',4022,4023
30,3000,'5219',4024
30,3001,'4327',2931,4025,2933,4026,2935,2936,2937,4027,4028,2940,2941
30,3001,'4332',4029,2943,4030,2945,2946,2947,4031,2949,2950,2951,2952,4032,2954,4033,4034,4035,4036,2959,2960,2961,2962,4037,4038,4039
30,3001,'4480',2899,2900,2901,2902,2903,2904,2906,2907,2908,2909,2910,2911,2912,2913,2914,2915,2917,2918,2919,2921,2922,2924,2925
30,3001,'4661',2926
30,3001,'4663',2927,4040
30,3001,'4681',4041
30,3001,'5214',2905,2916,2929,2920,2923
30,3001,'5216',4042,4043,4044,4045
30,3001,'5219',4046
31,3100,'4327',2982,2983,2984,2985,4047,2987,2988,4048,2990
31,3100,'4332',2991,2992,4049,4050,2995,4051,2997,4052,2999,3000,3001
31,3100,'4480',2966,2967,2968,2969,2971,2972,2974,2975
31,3100,'4663',4053
31,3100,'4681',4054
31,3100,'5214',2970,2973,2976,2977,2978,2980
31,3100,'5216',4055,4056,4057,4058,4059
31,3100,'5219',4060
31,3101,'4327',3018,3019,3020,3021,4061,3023,3024,4062,3026
31,3101,'4332',3027,3028,4063,4064,3031,4065,3033,4066,3035,3036,3037
31,3101,'4480',3002,3003,3004,3005,3007,3008,3009,3011
31,3101,'4663',4067
31,3101,'4681',4068
31,3101,'5214',3006,3010,3012,3013,3014,3016
31,3101,'5216',4069,4070,4071,4072,4073
31,3101,'5219',4074
40,4000,'4327',4075,4076,4077,4078,4079,4080,4081,4082,4083,4084,4085,4086,4087,4088,4089,4090,4091,4092,4093,4094
40,4000,'4332',4095,4096,4097,4098,4099,4100,4101,4102,4103,4104,4105,4106,4107,4108,4109,4110,4111,4112,4113,4114,4115,4116,4117,4118,4119,4120,4121
40,4000,'4663',4122
40,4000,'4681',4123
40,4000,'5135',4124,4125
40,4000,'5214',3038,3039,3040,3041,3095,3096,3042,3043,3044,3045,3046,3047,3048,3049,3050,3051,3052,3053,3054,3055,3056,3057,3058,3059,3060,3061,3062,3063,3064,3065,3066,3067,3068,3069,3070,3071,3072,3073,3074,3075,3076,3077,3078,3079,3080,3081,3082,3083,3097,3084,3085,3086,3087,3088,3089,3090,3091,3092,3093
40,4000,'5216',4126,4127,4128,4129,4130,4131,4132,4133,4134,4135,4136,4137,4138,4139,4140,4141,4142,4143,4144,4145,4146,4147,4148,4149,4150,4151,4152,4153,4154,4155,4156,4157,4158,4159,4160,4161,4162,4163,4164,4165,4166,4167,4168,4169,4170,4171,4172,4173,4174,4175,4176,4177,4178,4179,4180,4181
40,4000,'5219',4182,4183,4184
40,4001,'4327',4185,4186,3209,3210,3211,3212,4187,3214,3215,4188,4189,3218,3219,4190,4191,4192,3223,4193,4194,3226
40,4001,'4332',4195,4196,3229,4197,4198,4199,4200,4201,4202,3236,3237,3238,3239,3240,4203,4204,3243,4205,3245,4206,4207,3248,4208,3250,3251,3252,4209,3254
40,4001,'4480',3151,3155,3158,3172,3174,3175,3177,3188,3191,3196,3199
40,4001,'5135',4210
40,4001,'5214',3148,3149,3150,3152,3153,3154,3206,3156,3157,3159,3160,3161,3162,3163,3164,3165,3166,3167,3168,3169,3170,3171,3173,3176,3178,3179,3180,3181,3182,3183,3184,3185,3186,3187,3189,3190,3192,3193,3194,3195,3197,3198,3200,3201,3202,3203,3204,3205
40,4001,'5216',4211,4212,4213,4214,4215,4216,4217,4218,4219,4220,4221,4222,4223,4224,4225,4226,4227,4228,4229,4230,4231,4232,4233,4234,4235,4236,4237,4238,4239,4240,4241,4242,4243,4244,4245,4246,4247,4248,4249,4250,4251,4252,4253,4254,4255,4256,4257
40,4001,'5219',4258
70,7000,'4327',4259,3266,3267,4260,3269
70,7000,'4332',3270,3271,4261,3273,4262,3275,3276,4263
70,7000,'4480',3257,3258,3259,3260,3261
70,7000,'4663',3262,3263
70,7000,'5135',4264
70,7000,'5214',3256,3264
70,7000,'5216',4265
70,7000,'5219',4266
70,7001,'4327',3288,4267,3290,4268,3292
70,7001,'4332',3293,3294,4269,3296,4270,3298,3299,4271
70,7001,'4480',3280,3281,3282,3283,3284
70,7001,'4663',3285,3286
70,7001,'5135',4272
70,7001,'5214',3279,3287
70,7001,'5216',4273
70,7001,'5219',4274
72,7200,'4327',4275,3330,3331,3332,3333,3334,3335,3336,3337,3338,3339
72,7200,'4332',3340,3341,3342,4276,3344,3345,3346,4277,3348,4278,4279,4280,3352,3353,3354,3355,3356,3357,3358,4281,4282,4283,4284,3363
72,7200,'4480',3302,3303,3304,3306,3308,3310,3312,3313,3314,3318,3321,3322,3323,3325
72,7200,'4661',3326
72,7200,'4663',3327
72,7200,'5135',4285
72,7200,'5214',3305,3307,3309,3311,3315,3316,3317,3319,3320,3328,3324
72,7200,'5216',4286,4287,4288,4289,4290,4291,4292,4293,4294,4295
72,7200,'5219',4296
72,7201,'4327',4297,3393,3394,3395,3396,3397,3398,3399,3400,3401,3402
72,7201,'4332',3403,3404,3405,4298,3407,3408,3409,4299,3411,4300,4301,3414,4302,3416,3417,3418,3419,3420,3421,4303,4304,3424,4305,4306
72,7201,'4480',3365,3366,3370,3371,3372,3374,3375,3376,3380,3381,3382,3385,3386,3387
72,7201,'4661',3388
72,7201,'4663',3389
72,7201,'5135',4307,4308
72,7201,'5214',3367,3368,3369,3373,3377,3378,3379,3383,3384,3390,3391
72,7201,'5216',4309,4310,4311,4312,4313,4314,4315,4316,4317
72,7201,'5219',4318,4319
78,7800,'4480',3429,3430
78,7800,'4663',4320
78,7800,'4681',4321
78,7800,'5214',3431,3432,3434
78,7800,'5216',4322,4323
78,7800,'5219',4324
78,7801,'4480',3436,3437
78,7801,'4663',4325
78,7801,'4681',4326
78,7801,'5214',3438,3439,3441
78,7801,'5216',4327,4328
78,7801,'5219',4329
88,8800,'4332',3457,3458,3459,3460,3461,3462,3463,3464,3465,3466,3467,3468
88,8800,'4480',3443,3444,3445,3446,3447,3448,3449,3450,3451,3452,3453,3454,3455,3456
88,8801,'4332',3483,3484,3485,3486,3487,3488,3489,3490,3491,3492,3493,3494
88,8801,'4480',3469,3470,3471,3472,3473,3474,3475,3476,3477,3478,3479,3480,3481,3482
92,9200,'4663',4330,3496
92,9200,'4681',4331,3500
92,9200,'5214',3497,3498
92,9200,'5219',4332,4333
97,9701,'4332',3512,3513,3514,3515,3516,3517,3518,3519,3520,3521
97,9701,'4480',3501,3502,3503,3504,3505,3506,3507,3508,3509,3510,3511
98,9801,'4332',3532,3533,3534,3535,3536,3537,3538,3539,3540,3541,3542
98,9801,'4480',3522,3523,3524,3525,3526,3527,3528,3529,3530,3531
99,9900,'4327',3545,3546
99,9900,'4332',3547,3548
99,9900,'4480',3543,3544
99,9901,'4327',3551,3552
99,9901,'4332',3553,3554
99,9901,'4480',3549,3550
10015,1001500,'4480',3555,3556,3557,3558,3560,3561,3562,3563
10015,1001500,'5135',4334
10015,1001500,'5214',3559,3564
10015,1001500,'5216',4335
10015,1001500,'5219',4336
10015,1001501,'4480',3566,3567,3568,3569,3571,3572,3573,3574,3575
10015,1001501,'5135',4337
10015,1001501,'5214',3570,3576
10015,1001501,'5216',4338
10015,1001501,'5219',4339
10020,1002000,'4327',3593,3594,3595,3596,4340,3598
10020,1002000,'4332',4341,3600,4342,4343,3603,4344,3605,3606,3607,3608,3609,4345
10020,1002000,'4480',3578,3582,3583,3585,3586,3587,3588,3589
10020,1002000,'4663',3590
10020,1002000,'4673',3591
10020,1002000,'4681',3592
10020,1002000,'5214',3579,3580,3581,3584
10020,1002000,'5216',4346,4347,4348,4349
10020,1002001,'4327',4350,3626,4351,3628,3629,3630
10020,1002001,'4332',3631,3632,3633,4352,4353,4354,4355,4356,4357,4358,4359,4360,4361
10020,1002001,'4480',3614,3616,3617,3619,3622,3624
10020,1002001,'5214',3611,3612,3613,3615,3618,3620,3621,3623
10020,1002001,'5216',4362,4363,4364,4365,4366,4367,4368,4369
