4000,'4327',748,,4742,48,,,0,265,,4739,48,,,0,192,,4737,48,,,0,138,,4751,48,,,0,110,,4743,48,,,0,150,,4740,48,,,0,35,,4748,48,,,0,75,,4747,48,,,0,35,,4754,48,,,0,75,,4738,48,,,0,35,,4749,48,,,0,74,,4744,48,,,0,75,,4753,48,,,0
4000,'4332',723,,4839,48,,,0,32,,4844,48,,,0,152,,4824,48,,,0,33,,4840,48,,,0,74,,4821,48,,,0,37,,4837,48,,,0,108,,4828,48,,,0,151,,4820,48,,,0,35,,4825,48,,,0,75,,4829,48,,,0,35,,4838,48,,,0,152,,4827,48,,,0,107,,4842,48,,,0,39,,4841,48,,,0,71,,4830,48,,,0,185,,4823,48,,,0,36,,4846,48,,,0,75,,4835,48,,,0
4000,'4480',641,,4804,48,,,0,70,,4805,48,,,0,16,,4812,48,,,0,14,,4806,48,,,0,15,,4807,48,,,0,57,,4808,48,,,0,30,,4811,48,,,0,15,,4762,48,,,0,55,,4763,48,,,0,15,,4764,48,,,0,15,,4765,48,,,0,15,,4766,48,,,0,55,,4767,48,,,0,15,,4768,48,,,0,30,,4770,48,,,0,54,,4771,48,,,0,15,,4772,48,,,0,31,,4774,48,,,0,55,,4775,48,,,0,15,,4776,48,,,0,30,,4778,48,,,0,55,,4779,48,,,0,15,,4780,48,,,0,15,,4781,48,,,0,15,,4782,48,,,0,55,,4783,48,,,0,15,,4784,48,,,0,15,,4785,48,,,0,15,,4786,48,,,0,55,,4787,48,,,0,15,,4788,48,,,0,15,,4789,48,,,0,70,,4792,48,,,0,30,,4794,48,,,0,15,,4795,48,,,0,86,,4798,48,,,0,15,,4796,48,,,0,72,,4800,48,,,0,20,,4801,48,,,0,60,,4802,48,,,0,312,,4758,48,,,0,29,,4761,48,,,0,71,,4757,48,,,0
4000,'4663',2052,,5581,48,,,0
4000,'4673',1932,,4816,48,,,0,120,,5582,48,,,0,101,,4815,48,,,0
4000,'5241',1932,,4819,48,,,0,221,,4818,48,,,0
4000,'5302',906,,4752,48,,,0,142,,4755,48,,,0,72,,4741,48,,,0,113,,4756,48,,,0,75,,4750,48,,,0,110,,4746,48,,,0,108,,4745,48,,,0
4000,'5303',828,,4809,48,,,0,215,,4769,48,,,0,100,,4773,48,,,0,100,,4777,48,,,0,315,,4790,48,,,0,70,,4793,48,,,0,86,,4797,48,,,0,15,,4791,48,,,0,85,,4799,48,,,0,138,,4803,48,,,0,70,,4760,48,,,0,30,,4817,48,,,0,72,,4759,48,,,0
4000,'5304',828,,5594,48,,,0,215,,5585,48,,,0,100,,5586,48,,,0,100,,5587,48,,,0,315,,5588,48,,,0,70,,5590,48,,,0,86,,5591,48,,,0,15,,5589,48,,,0,85,,5592,48,,,0,138,,5593,48,,,0,70,,5584,48,,,0,102,,5583,48,,,0
4000,'5306',830,,5598,48,,,0,294,,5595,48,,,0,110,,5597,48,,,0,296,,5602,48,,,0,109,,5599,48,,,0,261,,5600,48,,,0,34,,5603,48,,,0,290,,5596,48,,,0,99,,5601,48,,,0
4000,'5307',906,,5608,48,,,0,142,,5609,48,,,0,72,,5604,48,,,0,113,,5610,48,,,0,75,,5607,48,,,0,110,,5606,48,,,0,108,,5605,48,,,0
4000,'5308',2052,,5611,48,,,0
