3101,'4327',951,,3019,10,,,0,160,,4725,10,,,0,130,,3020,10,,,0,165,,4724,10,,,0,130,,3026,10,,,0,465,,3024,10,,,0
3101,'4332',737,,3031,10,,,0,375,,3036,10,,,0,330,,3027,10,,,0,100,,3028,10,,,0,100,,3033,10,,,0,200,,4736,10,,,0
3101,'4480',838,,3004,10,,,0,90,,3005,10,,,0,109,,4726,10,,,0,100,,3008,10,,,0,100,,3009,10,,,0,100,,4727,10,,,0,100,,3007,10,,,0,98,,3011,10,,,0,102,,4728,10,,,0,100,,4729,10,,,0
3101,'4663',1942,,5567,10,,,0
3101,'4673',1942,,5568,10,,,0
3101,'5302',826,,3023,10,,,0,830,,3018,10,,,0,166,,3021,10,,,0
3101,'5303',632,,3002,10,,,0,94,,3003,10,,,0,1116,,4730,10,,,0,100,,4733,10,,,0
3101,'5304',632,,5569,10,,,0,94,,5570,10,,,0,1116,,5571,10,,,0
3101,'5306',842,,5575,10,,,0,98,,5576,10,,,0,302,,5572,10,,,0,100,,5574,10,,,0,400,,5573,10,,,0
3101,'5307',826,,5579,10,,,0,830,,5577,10,,,0,166,,5578,10,,,0
3101,'5308',1942,,5580,10,,,0
