4000,'4327',710,,4742,7,,,0,223,,4739,7,,,0,192,,4737,7,,,0,177,,4751,7,,,0,110,,4743,7,,,0,110,,4740,7,,,0,35,,4748,7,,,0,75,,4747,7,,,0,75,,4754,7,,,0,35,,4738,7,,,0,75,,4749,7,,,0,35,,4744,7,,,0,75,,4753,7,,,0
4000,'4332',644,,4839,7,,,0,71,,4844,7,,,0,111,,4824,7,,,0,32,,4840,7,,,0,74,,4821,7,,,0,77,,4837,7,,,0,106,,4828,7,,,0,110,,4820,7,,,0,75,,4825,7,,,0,35,,4829,7,,,0,75,,4838,7,,,0,113,,4827,7,,,0,107,,4842,7,,,0,79,,4841,7,,,0,31,,4830,7,,,0,186,,4823,7,,,0,78,,4846,7,,,0,35,,4835,7,,,0
4000,'4480',604,,4804,7,,,0,29,,4805,7,,,0,15,,4812,7,,,0,53,,4806,7,,,0,15,,4807,7,,,0,13,,4808,7,,,0,16,,4810,7,0,6 7,0,12,,4811,7,,,0,57,,4762,7,,,0,15,,4763,7,,,0,16,,4764,7,,,0,55,,4765,7,,,0,15,,4766,7,,,0,17,,4767,7,,,0,15,,4768,7,,,0,70,,4770,7,,,0,13,,4771,7,,,0,14,,4772,7,,,0,71,,4774,7,,,0,15,,4775,7,,,0,14,,4776,7,,,0,70,,4778,7,,,0,15,,4779,7,,,0,15,,4780,7,,,0,14,,4781,7,,,0,54,,4782,7,,,0,15,,4783,7,,,0,15,,4784,7,,,0,13,,4785,7,,,0,55,,4786,7,,,0,14,,4787,7,,,0,16,,4788,7,,,0,15,,4789,7,,,0,69,,4792,7,,,0,32,,4794,7,,,0,53,,4795,7,,,0,50,,4798,7,,,0,56,,4796,7,,,0,32,,4800,7,,,0,60,,4801,7,,,0,20,,4802,7,,,0,319,,4758,7,,,0,70,,4761,7,,,0,31,,4757,7,,,0
4000,'4663',2012,,5581,7,,,0
4000,'4673',1849,,4816,7,,,0,163,,5582,7,,,0,102,,4815,7,,,0
4000,'5241',1849,,4819,7,,,0,265,,4818,7,,,0
4000,'5302',827,,4752,7,,,0,181,,4755,7,,,0,32,,4741,7,,,0,113,,4756,7,,,0,75,,4750,7,,,0,109,,4746,7,,,0,108,,4745,7,,,0
4000,'5303',741,,4809,7,,,0,261,,4769,7,,,0,98,,4773,7,,,0,59,,4777,7,,,0,350,,4790,7,,,0,32,,4793,7,,,0,85,,4797,7,,,0,16,,4791,7,,,0,88,,4799,7,,,0,179,,4803,7,,,0,32,,4760,7,,,0,71,,4817,7,,,0,32,,4759,7,,,0
4000,'5304',741,,5594,7,,,0,261,,5585,7,,,0,98,,5586,7,,,0,59,,5587,7,,,0,350,,5588,7,,,0,32,,5590,7,,,0,85,,5591,7,,,0,16,,5589,7,,,0,88,,5592,7,,,0,179,,5593,7,,,0,32,,5584,7,,,0,103,,5583,7,,,0
4000,'5306',749,,5598,7,,,0,292,,5595,7,,,0,109,,5597,7,,,0,295,,5602,7,,,0,110,,5599,7,,,0,261,,5600,7,,,0,35,,5603,7,,,0,292,,5596,7,,,0,99,,5601,7,,,0
4000,'5307',827,,5608,7,,,0,181,,5609,7,,,0,32,,5604,7,,,0,113,,5610,7,,,0,75,,5607,7,,,0,109,,5606,7,,,0,108,,5605,7,,,0
4000,'5308',2012,,5611,7,,,0
