1501,'4332',800,,5450,10,,,0,145,,5451,10,,,0,102,,5448,10,,,0,158,,5452,10,,,0,112,,5449,10,,,0,109,,5447,10,,,0,110,,5442,10,,,0,109,,5444,10,,,0,111,,5445,10,,,0,148,,5446,10,,,0,112,,5443,10,,,0,107,,5453,10,,,0
1501,'4480',845,,2698,10,,,0,69,,2699,10,,,0,30,,2700,10,,,0,70,,2697,10,,,0,30,,4634,10,,,0,70,,4635,10,,,0,29,,4636,10,,,0,71,,4637,10,,,0,103,,5440,10,,,0,27,,2705,10,,,0,509,,5441,10,,,0,260,,4639,10,,,0
1501,'4661',2003,,5439,10,,,0
1501,'4663',2003,,5438,10,,,0
3001,'4332',813,,5541,48,,,0,108,,2952,48,,,0,37,,4706,48,,,0,76,,5537,48,,,0,77,,2951,48,,,0,35,,5538,48,,,0,77,,5534,48,,,0,36,,5543,48,,,0,75,,5544,48,,,0,76,,2943,48,,,0,35,,5535,48,,,0,71,,2950,48,,,0,37,,5540,48,,,0,75,,5539,48,,,0,74,,4704,48,,,0,33,,5546,48,,,0,75,,4702,48,,,0,35,,5545,48,,,0,74,,2947,48,,,0,35,,2949,48,,,0,148,,4708,48,,,0,108,,5533,48,,,0,100,,5542,48,,,0,101,,5536,48,,,0
3001,'4480',700,,4698,48,,,0,48,,4697,48,,,0,79,,2922,48,,,0,18,,2924,48,,,0,56,,2921,48,,,0,17,,2925,48,,,0,17,,5527,48,,,0,75,,2900,48,,,0,35,,2901,48,,,0,75,,2902,48,,,0,35,,2903,48,,,0,76,,2904,48,,,0,75,,2906,48,,,0,35,,2907,48,,,0,76,,2908,48,,,0,36,,4695,48,,,0,76,,2909,48,,,0,77,,2910,48,,,0,107,,2911,48,,,0,34,,5528,48,,,0,74,,2913,48,,,0,34,,5529,48,,,0,74,,2915,48,,,0,75,,2917,48,,,0,107,,5531,48,,,0,197,,5530,48,,,0,100,,2919,48,,,0
3001,'4661',1640,,5532,48,,,0,571,,5526,48,,,0
3001,'4663',1640,,5524,48,,,0,571,,5525,48,,,0
1001501,'4480',733,,3567,15,,,0,78,,3566,15,,,0,440,,4992,15,,,0,171,,5718,15,,,0,36,,3569,15,,,0,76,,3572,15,,,0,77,,3575,15,,,0,37,,3574,15,,,0,73,,3571,15,,,0,35,,3573,15,,,0
1001501,'4661',1830,,4993,15,,,0
1001501,'4663',1830,,4994,15,,,0
