601,'5302',809,,4511,13,,,0,110,,4515,13,,,0,110,,2349,13,,,0,110,,4512,13,,,0,110,,2350,13,,,0,110,,2352,13,,,0,150,,2356,13,,,0,110,,4510,13,,,0,110,,4514,13,,,0,110,,4513,13,,,0,110,,2354,13,,,0
601,'5303',659,,2338,13,,,0,81,,2337,13,,,0,71,,2333,13,,,0,44,,2345,13,,,0,155,,2334,13,,,0,125,,2344,13,,,0,113,,2336,13,,,0,155,,2335,13,,,0,115,,2339,13,,,0,116,,2341,13,,,0,115,,4517,13,,,0,158,,4516,13,,,0,116,,2343,13,,,0,112,,4518,13,,,0,120,,2347,13,,,0,90,,4519,13,,,0
601,'5304',659,,5238,12,,,0,81,,5237,12,,,0,71,,5233,12,,,0,44,,5245,12,,,0,155,,5234,12,,,0,125,,5244,12,,,0,113,,5236,12,,,0,155,,5235,12,,,0,115,,5239,12,,,0,116,,5241,12,,,0,115,,5242,12,,,0,158,,5240,12,,,0,116,,5243,12,,,0,112,,5246,12,,,0,120,,5247,12,,,0,90,,5248,12,,,0
601,'5306',734,,5257,12,,,0,185,,5258,12,,,0,102,,5255,12,,,0,118,,5259,12,,,0,110,,5256,12,,,0,110,,5254,12,,,0,150,,5249,12,,,0,109,,5251,12,,,0,111,,5252,12,,,0,110,,5253,12,,,0,112,,5250,12,,,0,108,,5262,12,,,0,96,,5263,12,,,0,104,,5260,12,,,0,85,,5261,12,,,0
601,'5307',809,,5268,12,,,0,110,,5274,12,,,0,110,,5264,12,,,0,110,,5270,12,,,0,110,,5265,12,,,0,110,,5267,12,,,0,150,,5271,12,,,0,110,,5266,12,,,0,110,,5273,12,,,0,110,,5272,12,,,0,110,,5269,12,,,0
801,'4327',2000,,2547,11,,,0
801,'4663',1532,,5359,11,,,0
801,'4673',1532,,5360,11,,,0
801,'5302',814,,2542,11,,,0,121,,2540,11,,,0,104,,2544,11,,,0,111,,2543,11,,,0,156,,2545,11,,,0,109,,2546,11,,,0,112,,2539,11,,,0,111,,2537,11,,,0,106,,2538,11,,,0,110,,2548,11,,,0
801,'5303',532,,4582,11,,,0,169,,2521,11,,,0,102,,2524,11,,,0,114,,2530,11,,,0,115,,2520,11,,,0,125,,2529,11,,,0,155,,4579,11,,,0,115,,2522,11,,,0,105,,2536,11,,,0,125,,2525,11,,,0,155,,4580,11,,,0,115,,4581,11,,,0,115,,2526,11,,,0,112,,4583,11,,,0,159,,2533,11,,,0
801,'5304',532,,5372,11,,,0,169,,5362,11,,,0,102,,5365,11,,,0,114,,5371,11,,,0,115,,5361,11,,,0,125,,5370,11,,,0,155,,5364,11,,,0,115,,5363,11,,,0,230,,5366,11,,,0,155,,5368,11,,,0,115,,5369,11,,,0,115,,5367,11,,,0,112,,5373,11,,,0,159,,5374,11,,,0
801,'5306',704,,5376,11,,,0,110,,5377,11,,,0,110,,5378,11,,,0,111,,5379,11,,,0,123,,5387,11,,,0,148,,5388,11,,,0,112,,5380,11,,,0,104,,5381,11,,,0,120,,5382,11,,,0,102,,5383,11,,,0,110,,5375,11,,,0,105,,5384,11,,,0,145,,5385,11,,,0,109,,5386,11,,,0
801,'5307',814,,5394,11,,,0,121,,5392,11,,,0,104,,5396,11,,,0,111,,5395,11,,,0,156,,5397,11,,,0,109,,5398,11,,,0,112,,5391,11,,,0,111,,5389,11,,,0,106,,5390,11,,,0,110,,5399,11,,,0
801,'5308',1532,,5400,11,,,0
