3000,'4327',730,,2869,31,,,0,117,,4678,31,,,0,106,,4677,31,,,0,148,,2872,31,,,0,114,,2863,31,,,0,110,,2865,31,,,0,110,,2871,31,,,0,109,,2866,31,,,0,110,,4676,31,,,0,150,,2864,31,,,0
3000,'4332',810,,2896,31,,,0,37,,4687,31,,,0,72,,2887,31,,,0,34,,4686,31,,,0,185,,2895,31,,,0,76,,2894,31,,,0,110,,2881,31,,,0,35,,2876,31,,,0,75,,4685,31,,,0,75,,2890,31,,,0,38,,4683,31,,,0,106,,2884,31,,,0,149,,2883,31,,,0,298,,2878,31,,,0,104,,4690,31,,,0
3000,'4480',635,,4680,31,,,0,92,,2855,31,,,0,18,,2850,31,,,0,58,,2856,31,,,0,34,,2857,31,,,0,18,,2851,31,,,0,75,,2832,31,,,0,75,,2833,31,,,0,35,,2834,31,,,0,75,,2835,31,,,0,34,,2836,31,,,0,75,,2837,31,,,0,35,,2838,31,,,0,74,,2839,31,,,0,74,,2840,31,,,0,36,,2841,31,,,0,111,,2842,31,,,0,150,,2843,31,,,0,115,,2844,31,,,0,35,,2845,31,,,0,251,,4679,31,,,0,201,,2849,31,,,0
3000,'4663',1519,,5506,31,,,0,224,,5507,31,,,0
3000,'4673',1629,,4681,31,,,0
3000,'5241',1629,,4682,31,,,0
3000,'5302',1913,,2870,31,,,0
3000,'5303',711,,2854,31,,,0,109,,2853,31,,,0,699,,2858,31,,,0,224,,2859,31,,,0,260,,2846,31,,,0,202,,2848,31,,,0
3000,'5304',711,,5511,31,,,0,109,,5510,31,,,0,1183,,5508,31,,,0,202,,5509,31,,,0
3000,'5305',1519,,5512,31,,,0,224,,5513,31,,,0
3000,'5306',704,,5519,31,,,0,326,,5518,31,,,0,73,,5517,31,,,0,146,,5522,31,,,0,369,,5521,31,,,0,114,,5514,31,,,0,106,,5515,31,,,0,110,,5520,31,,,0,355,,5516,31,,,0
3000,'5307',1913,,5523,31,,,0
