4000,'4327',747,,4742,47,,,0,265,,4739,47,,,0,192,,4737,47,,,0,138,,4751,47,,,0,110,,4743,47,,,0,150,,4740,47,,,0,35,,4748,47,,,0,75,,4747,47,,,0,35,,4754,47,,,0,75,,4738,47,,,0,35,,4749,47,,,0,74,,4744,47,,,0,75,,4753,47,,,0
4000,'4332',722,,4839,47,,,0,32,,4844,47,,,0,152,,4824,47,,,0,33,,4840,47,,,0,74,,4821,47,,,0,37,,4837,47,,,0,108,,4828,47,,,0,151,,4820,47,,,0,35,,4825,47,,,0,75,,4829,47,,,0,35,,4838,47,,,0,152,,4827,47,,,0,107,,4842,47,,,0,39,,4841,47,,,0,71,,4830,47,,,0,185,,4823,47,,,0,36,,4846,47,,,0,75,,4835,47,,,0
4000,'4480',640,,4804,47,,,0,70,,4805,47,,,0,16,,4812,47,,,0,14,,4806,47,,,0,15,,4807,47,,,0,57,,4808,47,,,0,30,,4811,47,,,0,15,,4762,47,,,0,55,,4763,47,,,0,15,,4764,47,,,0,15,,4765,47,,,0,15,,4766,47,,,0,55,,4767,47,,,0,15,,4768,47,,,0,30,,4770,47,,,0,54,,4771,47,,,0,15,,4772,47,,,0,31,,4774,47,,,0,55,,4775,47,,,0,15,,4776,47,,,0,30,,4778,47,,,0,55,,4779,47,,,0,15,,4780,47,,,0,15,,4781,47,,,0,15,,4782,47,,,0,55,,4783,47,,,0,15,,4784,47,,,0,15,,4785,47,,,0,15,,4786,47,,,0,55,,4787,47,,,0,15,,4788,47,,,0,15,,4789,47,,,0,70,,4792,47,,,0,30,,4794,47,,,0,15,,4795,47,,,0,86,,4798,47,,,0,15,,4796,47,,,0,72,,4800,47,,,0,20,,4801,47,,,0,60,,4802,47,,,0,312,,4758,47,,,0,29,,4761,47,,,0,71,,4757,47,,,0
4000,'4663',2051,,5581,47,,,0
4000,'4673',1931,,4816,47,,,0,120,,5582,47,,,0,101,,4815,47,,,0
4000,'5241',1931,,4819,47,,,0,221,,4818,47,,,0
4000,'5302',905,,4752,47,,,0,142,,4755,47,,,0,72,,4741,47,,,0,113,,4756,47,,,0,75,,4750,47,,,0,110,,4746,47,,,0,108,,4745,47,,,0
4000,'5303',827,,4809,47,,,0,215,,4769,47,,,0,100,,4773,47,,,0,100,,4777,47,,,0,315,,4790,47,,,0,70,,4793,47,,,0,86,,4797,47,,,0,15,,4791,47,,,0,85,,4799,47,,,0,138,,4803,47,,,0,70,,4760,47,,,0,30,,4817,47,,,0,72,,4759,47,,,0
4000,'5304',827,,5594,47,,,0,215,,5585,47,,,0,100,,5586,47,,,0,100,,5587,47,,,0,315,,5588,47,,,0,70,,5590,47,,,0,86,,5591,47,,,0,15,,5589,47,,,0,85,,5592,47,,,0,138,,5593,47,,,0,70,,5584,47,,,0,102,,5583,47,,,0
4000,'5306',829,,5598,47,,,0,294,,5595,47,,,0,110,,5597,47,,,0,296,,5602,47,,,0,109,,5599,47,,,0,221,,5600,47,,,0,74,,5603,47,,,0,290,,5596,47,,,0,99,,5601,47,,,0
4000,'5307',905,,5608,47,,,0,142,,5609,47,,,0,72,,5604,47,,,0,113,,5610,47,,,0,75,,5607,47,,,0,110,,5606,47,,,0,108,,5605,47,,,0
4000,'5308',2051,,5611,47,,,0
