4001,'4528',704,,6876,52,,,0,109,,6878,52,,,0,30,,6877,52,,,0,72,,6857,52,,,0,28,,6859,52,,,0,69,,6858,52,,,0,30,,6860,52,,,0,70,,6861,52,,,0,31,,6862,52,,,0,104,,6863,52,,,0,70,,6864,52,,,0,30,,6865,52,,,0,71,,6866,52,,,0,31,,6867,52,,,0,70,,6868,52,,,0,30,,6869,52,,,0,69,,6871,52,,,0,30,,6870,52,,,0,69,,6872,52,,,0,28,,6879,52,,,0,69,,6874,52,,,0,29,,6873,52,,,0,70,,6875,52,,,0,36,,6856,52,,,0,70,,6855,52,,,0,29,,6854,52,,,0,69,,6850,52,,,0,30,,6853,52,,,0,70,,6849,52,,,0,26,,6852,52,,,0,69,,6848,52,,,0,29,,6851,52,,,0,70,,6847,52,,,0
4001,'4623',738,,6881,52,,,0,476,,6880,52,,,0
4001,'5015',735,,6909,52,,,0,84,,6898,52,,,0,34,,6906,52,,,0,74,,6903,52,,,0,77,,6895,52,,,0,37,,6902,52,,,0,76,,6882,52,,,0,35,,6904,52,,,0,76,,6886,52,,,0,76,,6892,52,,,0,35,,6893,52,,,0,76,,6905,52,,,0,35,,6884,52,,,0,71,,6900,52,,,0,37,,6894,52,,,0,75,,6901,52,,,0,75,,6887,52,,,0,32,,6896,52,,,0,75,,6899,52,,,0,35,,6889,52,,,0,74,,6888,52,,,0,35,,6885,52,,,0,74,,6907,52,,,0,74,,6890,52,,,0,34,,6908,52,,,0,75,,6897,52,,,0,100,,6883,52,,,0,100,,6891,52,,,0
4001,'5221',737,,6929,52,,,0,107,,6917,52,,,0,161,,6924,52,,,0,110,,6926,52,,,0,36,,6919,52,,,0,75,,6913,52,,,0,78,,6910,52,,,0,32,,6911,52,,,0,75,,6927,52,,,0,35,,6914,52,,,0,75,,6922,52,,,0,37,,6918,52,,,0,67,,6921,52,,,0,80,,6912,52,,,0,35,,6925,52,,,0,75,,6923,52,,,0,33,,6928,52,,,0,69,,6915,52,,,0,40,,6916,52,,,0,75,,6920,52,,,0
4001,'5222',738,,6931,52,,,0,476,,6930,52,,,0
1002001,'4528',750,,7269,48,,,0,151,,7270,48,,,0,219,,7271,48,,,0,110,,7272,48,,,0,111,,7273,48,,,0,97,,7274,65,,,0,76,,7275,65,,,0,213,,7276,65,,,0,94,,7277,48,,,0,107,,7278,48,,,0,192,,7279,65,,,0,200,,7280,65,,,0
1002001,'4623',1010,,7281,65,,,0,610,,7282,65,,,0
1002001,'5015',758,,7287,65,,,0,154,,7288,65,,,0,112,,7283,65,,,0,111,,7286,65,,,0,103,,7294,65,,,0,117,,7293,65,,,0,150,,7284,65,,,0,104,,7290,65,,,0,115,,7285,65,,,0,109,,7291,65,,,0,124,,7289,65,,,0,102,,7295,65,,,0,259,,7292,65,,,0
1002001,'5221',835,,7301,65,,,0,214,,7300,65,,,0,271,,7296,65,,,0,222,,7298,65,,,0,216,,7297,65,,,0,344,,7299,65,,,0
1002001,'5222',1010,,7302,65,,,0,610,,7303,65,,,0
