3000,'4327',745,,2869,50,,,0,158,,4678,50,,,0,106,,4677,50,,,0,108,,2872,50,,,0,114,,2863,50,,,0,110,,2865,50,,,0,110,,2871,50,,,0,149,,2866,50,,,0,110,,4676,50,,,0,110,,2864,50,,,0
3000,'4332',827,,2896,50,,,0,77,,4687,50,,,0,32,,2887,50,,,0,74,,4686,50,,,0,145,,2895,50,,,0,76,,2894,50,,,0,110,,2881,50,,,0,75,,2876,50,,,0,35,,4685,50,,,0,75,,2890,50,,,0,78,,4683,50,,,0,106,,2884,50,,,0,109,,2883,50,,,0,298,,2878,50,,,0,103,,4690,50,,,0
3000,'4480',651,,4680,50,,,0,94,,2855,50,,,0,59,,2850,50,,,0,18,,2856,50,,,0,34,,2857,50,,,0,58,,2851,50,,,0,34,,2832,50,,,0,75,,2833,50,,,0,35,,2834,50,,,0,75,,2835,50,,,0,75,,2836,50,,,0,35,,2837,50,,,0,75,,2838,50,,,0,35,,2839,50,,,0,74,,2840,50,,,0,76,,2841,50,,,0,110,,2842,50,,,0,110,,2843,50,,,0,112,,2844,50,,,0,75,,2845,50,,,0,210,,4679,50,,,0,200,,2849,50,,,0
3000,'4663',1538,,5506,50,,,0,262,,5507,50,,,0
3000,'4673',1648,,4681,50,,,0
3000,'5241',1648,,4682,50,,,0
3000,'5302',1929,,2870,50,,,0
3000,'5303',727,,2854,50,,,0,112,,2853,50,,,0,699,,2858,50,,,0,262,,2859,50,,,0,219,,2846,50,,,0,200,,2848,50,,,0
3000,'5304',727,,5511,50,,,0,112,,5510,50,,,0,1180,,5508,50,,,0,200,,5509,50,,,0
3000,'5305',1538,,5512,50,,,0,262,,5513,50,,,0
3000,'5306',720,,5519,50,,,0,327,,5518,50,,,0,73,,5517,50,,,0,186,,5522,50,,,0,329,,5521,50,,,0,114,,5514,50,,,0,106,,5515,50,,,0,150,,5520,50,,,0,314,,5516,50,,,0
3000,'5307',1929,,5523,50,,,0
