100,'4327',744,,4380,10,,,0,70,,4379,10,,,0,30,,2027,10,,,0,172,,2030,10,,,0,26,,2039,10,,,0,75,,4378,10,,,0,100,,4373,10,,,0,100,,4382,10,,,0,30,,2019,10,,,0,100,,4377,10,,,0,100,,4376,10,,,0,170,,4372,10,,,0,30,,4370,10,,,0,169,,2034,10,,,0,30,,2020,10,,,0,70,,2044,10,,,0,29,,2035,10,,,0,70,,2045,10,,,0,35,,2029,10,,,0
100,'4332',655,,4400,10,,,0,402,,2063,10,,,0,71,,4401,10,,,0,200,,2066,10,,,0,100,,2052,10,,,0,30,,4397,10,,,0,100,,4396,10,,,0,73,,2055,10,,,0,227,,4402,10,,,0,99,,2069,10,,,0,97,,2047,10,,,0,72,,2075,10,,,0,99,,2048,10,,,0,104,,2070,10,,,0
100,'4480',654,,4391,10,,,0,54,,2012,10,,,0,100,,2000,10,,,0,99,,1997,10,,,0,20,,4389,10,,,0,32,,4386,10,,,0,65,,1996,10,,,0,30,,4385,10,,,0,66,,2002,10,,,0,34,,1984,10,,,0,73,,1993,10,,,0,26,,1986,10,,,0,73,,1995,10,,,0,27,,2014,10,,,0,73,,1990,10,,,0,27,,1987,10,,,0,73,,1991,10,,,0,78,,1989,10,,,0,22,,1974,10,,,0,77,,1976,10,,,0,25,,1985,10,,,0,15,,4395,10,,,0,59,,4387,10,,,0,29,,1979,10,,,0,28,,4392,10,,,0,70,,1982,10,,,0,30,,4393,10,,,0,70,,1980,10,,,0,30,,2009,10,,,0,96,,2010,10,,,0,74,,1981,10,,,0,103,,1977,10,,,0,85,,1988,10,,,0
100,'4661',1643,,2015,10,,,0
100,'4663',1643,,2016,10,,,0
100,'5302',912,,4375,10,,,0,32,,2017,10,,,0,203,,2040,10,,,0,100,,4374,10,,,0,170,,4381,10,,,0,100,,2022,10,,,0,100,,2031,10,,,0,30,,4383,10,,,0,169,,4371,10,,,0,29,,2043,10,,,0
100,'5303',624,,2005,10,,,0,106,,2006,10,,,0,19,,4390,10,,,0,81,,2004,10,,,0,18,,4388,10,,,0,695,,4384,10,,,0,586,,1978,10,,,0,130,,4394,10,,,0
100,'5304',624,,5023,10,,,0,106,,5024,10,,,0,19,,5021,10,,,0,81,,5022,10,,,0,18,,5020,10,,,0,695,,5018,10,,,0,586,,5019,10,,,0,130,,5025,10,,,0
100,'5306',725,,5045,10,,,0,30,,5031,10,,,0,70,,5034,10,,,0,30,,5036,10,,,0,65,,5040,10,,,0,37,,5028,10,,,0,71,,5029,10,,,0,127,,5030,10,,,0,71,,5027,10,,,0,29,,5038,10,,,0,103,,5037,10,,,0,170,,5039,10,,,0,130,,5035,10,,,0,70,,5032,10,,,0,26,,5026,10,,,0,74,,5033,10,,,0,100,,5044,10,,,0,99,,5043,10,,,0,129,,5041,10,,,0,99,,5042,10,,,0
100,'5307',912,,5050,10,,,0,32,,5046,10,,,0,203,,5053,10,,,0,100,,5049,10,,,0,170,,5052,10,,,0,100,,5048,10,,,0,100,,5051,10,,,0,30,,5054,10,,,0,169,,5047,10,,,0,29,,5055,10,,,0
2000,'4327',846,,2749,43,,,0,259,,2752,43,,,0,440,,2753,43,,,0,264,,2750,43,,,0
2000,'4332',1210,,2754,43,,,0,441,,4651,43,,,0,103,,4652,43,,,0,469,,2765,60,,,0,102,,2761,60,,,0
2000,'4480',631,,4649,60,,,0,111,,2747,60,,,0,108,,4650,60,,,0,66,,4642,43,,,0,110,,2735,43,,,0,110,,4643,43,,,0,117,,4644,60,,,0,103,,4645,43,,,0,188,,4646,43,,,0,74,,4647,60,,,0,119,,2742,60,,,0,289,,2744,60,,,0,201,,4648,60,,,0
2000,'5302',1324,,2751,43,,,0
2000,'5303',1434,,2739,43,,,0,405,,2743,43,,,0
2000,'5304',1434,,5463,43,,,0,405,,5464,43,,,0
2000,'5306',839,,5470,43,,,0,112,,5469,43,,,0,101,,5471,43,,,0,266,,5465,43,,,0,112,,5466,43,,,0,111,,5467,43,,,0,466,,5468,60,,,0
2000,'5307',1324,,5472,43,,,0
3000,'4327',748,,2869,53,,,0,158,,4678,53,,,0,106,,4677,53,,,0,108,,2872,53,,,0,114,,2863,53,,,0,110,,2865,53,,,0,110,,2871,53,,,0,149,,2866,53,,,0,110,,4676,53,,,0,110,,2864,53,,,0
3000,'4332',830,,2896,53,,,0,77,,4687,53,,,0,32,,2887,53,,,0,74,,4686,53,,,0,145,,2895,53,,,0,76,,2894,53,,,0,110,,2881,53,,,0,75,,2876,53,,,0,35,,4685,53,,,0,75,,2890,53,,,0,78,,4683,53,,,0,106,,2884,53,,,0,109,,2883,53,,,0,298,,2878,53,,,0,103,,4690,53,,,0
3000,'4480',654,,4680,53,,,0,94,,2855,53,,,0,59,,2850,53,,,0,18,,2856,53,,,0,34,,2857,53,,,0,58,,2851,53,,,0,34,,2832,53,,,0,75,,2833,53,,,0,75,,2834,53,,,0,35,,2835,53,,,0,75,,2836,53,,,0,35,,2837,53,,,0,75,,2838,53,,,0,35,,2839,53,,,0,74,,2840,53,,,0,76,,2841,53,,,0,110,,2842,53,,,0,110,,2843,53,,,0,112,,2844,53,,,0,75,,2845,53,,,0,210,,4679,53,,,0,200,,2849,53,,,0
3000,'4663',1541,,5506,53,,,0,262,,5507,53,,,0
3000,'4673',1651,,4681,53,,,0
3000,'5241',1651,,4682,53,,,0
3000,'5302',1932,,2870,53,,,0
3000,'5303',730,,2854,53,,,0,112,,2853,53,,,0,699,,2858,53,,,0,262,,2859,53,,,0,219,,2846,53,,,0,200,,2848,53,,,0
3000,'5304',730,,5511,53,,,0,112,,5510,53,,,0,1180,,5508,53,,,0,200,,5509,53,,,0
3000,'5305',1541,,5512,53,,,0,262,,5513,53,,,0
3000,'5306',723,,5519,53,,,0,327,,5518,53,,,0,73,,5517,53,,,0,186,,5522,53,,,0,329,,5521,53,,,0,114,,5514,53,,,0,106,,5515,53,,,0,150,,5520,53,,,0,314,,5516,53,,,0
3000,'5307',1932,,5523,53,,,0
7200,'4327',739,,3339,27,,,0,364,,3333,27,,,0,120,,3332,27,,,0,219,,3335,27,,,0,102,,3336,27,,,0,114,,3337,27,,,0,150,,3338,27,,,0,110,,3330,27,,,0
7200,'4332',720,,3363,27,,,0,96,,3340,27,,,0,88,,3348,27,,,0,109,,4947,27,,,0,111,,4948,27,,,0,110,,4949,27,,,0,109,,3352,27,,,0,110,,3354,27,,,0,84,,3355,27,,,0,66,,3356,27,,,0,148,,3358,27,,,0,72,,4950,27,,,0,35,,4951,27,,,0,147,,4952,27,,,0,116,,4953,27,,,0,102,,3346,27,,,0
7200,'4480',655,,3325,27,,,0,75,,4944,27,,,0,73,,3323,27,,,0,37,,3322,27,,,0,74,,3302,27,,,0,145,,4935,27,,,0,150,,4936,27,,,0,35,,3308,27,,,0,298,,3313,27,,,0,108,,4939,27,,,0,263,,3318,27,,,0,111,,4942,27,,,0,102,,4943,27,,,0,100,,3321,27,,,0
7200,'4661',1801,,3326,27,,,0
7200,'4663',1801,,3327,27,,,0
7200,'4673',2326,,4945,27,,,0
7200,'5241',2326,,4946,27,,,0
7200,'5302',844,,4934,27,,,0,114,,3331,27,,,0,364,,3334,27,,,0
7200,'5303',948,,3303,27,,,0,75,,3304,27,,,0,111,,3306,27,,,0,185,,4937,27,,,0,35,,3310,27,,,0,78,,4938,27,,,0,75,,3312,27,,,0,108,,3314,27,,,0,110,,4940,27,,,0,113,,4941,27,,,0
7200,'5304',948,,5656,27,,,0,75,,5657,27,,,0,111,,5658,27,,,0,185,,5659,27,,,0,35,,5660,27,,,0,78,,5661,27,,,0,75,,5662,27,,,0,108,,5663,27,,,0,110,,5664,27,,,0,113,,5665,27,,,0
7200,'5306',925,,5666,27,,,0,125,,5668,27,,,0,157,,5669,27,,,0,108,,5670,27,,,0,111,,5672,27,,,0,221,,5673,27,,,0,66,,5667,27,,,0,610,,5671,27,,,0
7200,'5307',844,,5674,27,,,0,114,,5675,27,,,0,364,,5676,27,,,0
1002000,'4327',1000,,3594,66,,,0,443,,3598,66,,,0,493,,3596,66,,,0
1002000,'4332',1035,,3607,66,,,0,221,,3606,66,,,0,253,,3609,66,,,0,392,,3603,66,,,0
1002000,'4480',806,,4996,49,,,0,104,,4997,66,,,0,40,,4998,49,,,0,701,,3586,49,,,0,153,,3587,49,,,0,110,,3588,49,,,0,413,,3589,66,,,0
1002000,'4663',2127,,5719,66,,,0
1002000,'4673',2127,,5720,66,,,0
1002000,'5302',740,,4995,66,,,0,470,,3593,66,,,0,490,,3595,66,,,0
1002000,'5303',656,,3578,49,,,0,445,,3582,49,,,0,110,,3583,49,,,0,110,,4999,49,,,0,193,,3585,66,,,0,613,,3592,66,,,0
1002000,'5304',656,,5721,49,,,0,445,,5722,49,,,0,110,,5723,49,,,0,110,,5724,49,,,0,193,,5725,66,,,0
1002000,'5306',704,,5730,66,,,0,112,,5731,66,,,0,111,,5727,66,,,0,223,,5732,66,,,0,207,,5728,66,,,0,269,,5729,66,,,0,110,,5733,66,,,0,387,,5726,66,,,0
1002000,'5307',740,,5736,66,,,0,470,,5734,66,,,0,490,,5735,66,,,0
1002000,'5308',2127,,5737,66,,,0
