700,'4327',728,,2403,3,,,0,109,,3835,3,,,0,121,,2408,3,,,0,144,,2404,3,,,0,111,,3834,3,,,0,106,,2401,3,,,0,109,,2405,3,,,0,112,,2399,3,,,0,111,,2407,3,,,0,106,,2406,3,,,0,150,,2400,3,,,0,105,,2398,3,,,0
700,'4332',727,,2415,3,,,0,110,,3841,3,,,0,110,,2420,3,,,0,111,,3836,3,,,0,152,,3842,3,,,0,109,,3843,3,,,0,112,,3837,3,,,0,104,,3839,3,,,0,120,,3840,3,,,0,102,,2421,3,,,0,150,,3838,3,,,0,105,,3844,3,,,0,105,,3845,3,,,0,108,,2419,3,,,0,127,,2424,3,,,0
700,'4480',722,,2393,3,,,0,104,,2377,3,,,0,615,,2384,3,,,0,105,,2385,3,,,0,279,,2382,3,,,0,80,,2392,3,,,0,301,,2389,3,,,0,152,,2375,3,,,0
700,'4663',1751,,2394,3,,,0
700,'4673',1751,,2396,3,,,0
700,'4681',1751,,2397,3,,,0
700,'5135',1636,,3846,3,,,0
700,'5214',621,,2380,3,,,0,85,,2388,3,,,0,45,,2381,3,,,0,188,,2379,3,,,0,115,,2387,3,,,0,157,,2376,3,,,0,115,,2378,3,,,0,310,,2395,3,,,0,75,,2383,3,,,0,229,,2386,3,,,0,115,,2390,3,,,0,270,,2391,3,,,0
700,'5216',621,,3850,3,,,0,85,,3855,3,,,0,45,,3851,3,,,0,188,,3849,3,,,0,115,,3854,3,,,0,157,,3847,3,,,0,115,,3848,3,,,0,385,,3852,3,,,0,229,,3853,3,,,0,115,,3856,3,,,0,270,,3857,3,,,0
700,'5219',1636,,3858,3,,,0
