2001,'4327',907,,2784,10,,,0,227,,2786,10,,,0,219,,2785,10,,,0,249,,2787,10,,,0,225,,2788,10,,,0
2001,'4332',917,,2795,10,,,0,88,,2799,10,,,0,105,,2796,10,,,0,128,,2789,10,,,0,115,,2798,10,,,0,102,,2792,10,,,0,147,,2797,10,,,0,103,,2793,10,,,0,111,,2790,10,,,0,325,,2794,10,0,9 10 11,0,199,,2791,10,0,9 10 11,0
2001,'4480',647,,2775,10,,,0,85,,2776,10,0,9 10 11,0,71,,2777,10,0,9 10 11,0,105,,2766,10,,,0,109,,2767,10,,,0,110,,2768,10,,,0,111,,2769,10,,,0,220,,2770,10,0,9 10 11,0,150,,2771,10,,,0,110,,2772,10,,,0,219,,2773,10,,,0,404,,2774,10,0,9 10 11,0
2001,'4663',1823,,2778,10,0,9 10 11,0,319,,2779,10,0,9 10 11,0
2001,'4673',1823,,2780,10,0,9 10 11,0,319,,2781,10,0,9 10 11,0
2001,'4681',1823,,2782,10,0,9 10 11,0,319,,2783,10,0,9 10 11,0
2501,'4327',823,,2821,10,,,0,220,,2822,11,,,0,215,,2823,11,,,0,545,,2824,10,,,0,230,,2825,11,,,0
2501,'4332',823,,2827,10,,,0,220,,2829,11,,,0,215,,2828,11,,,0,545,,2830,10,,,0,230,,2826,11,,,0
2501,'4480',827,,2815,10,,,0,216,,2816,11,,,0,257,,2817,10,,,0,134,,2818,11,,,0,373,,2819,11,,,0
2501,'4673',2032,,2820,10,,,0
2501,'5135',2032,,2831,10,,,0
1002001,'4327',755,,3630,10,,,0,251,,3629,10,,,0,232,,3625,10,,,0,262,,3627,10,,,0,217,,3626,10,,,0,305,,3628,10,,,0
1002001,'4332',719,,3635,10,,,0,113,,3636,10,,,0,110,,3631,10,,,0,111,,3634,10,,,0,103,,3642,10,,,0,157,,3641,10,,,0,110,,3632,10,,,0,104,,3638,10,,,0,116,,3633,10,,,0,109,,3639,10,,,0,164,,3637,10,,,0,103,,3643,10,,,0,220,,3640,10,,,0
1002001,'4480',722,,3611,10,,,0,110,,3612,10,,,0,94,,3613,10,,,0,126,,3614,10,,,0,150,,3615,10,,,0,111,,3616,10,,,0,35,,3617,10,,,0,75,,3618,10,,,0,110,,3619,10,,,0,110,,3620,10,,,0,111,,3621,10,,,0,148,,3622,10,,,0,138,,3623,10,,,0,202,,3624,10,,,0
