3100,'4327',1009,,2983,17,,,0,120,,4712,17,,,0,130,,2984,17,,,0,165,,4711,17,,,0,130,,2990,17,,,0,465,,2988,17,,,0
3100,'4332',755,,2995,17,,,0,375,,3000,17,,,0,370,,2991,17,,,0,100,,2992,17,,,0,100,,2997,17,,,0,200,,4723,17,,,0
3100,'4480',854,,2968,17,,,0,90,,2969,17,,,0,109,,4713,17,,,0,100,,2971,17,,,0,100,,2972,17,,,0,100,,4714,17,,,0,100,,2974,17,,,0,98,,2975,17,,,0,102,,4715,17,,,0,101,,4716,17,,,0
3100,'4663',1958,,5553,17,,,0
3100,'4673',1958,,5554,17,,,0
3100,'5302',844,,2987,17,,,0,870,,2982,17,,,0,126,,2985,17,,,0
3100,'5303',648,,2966,17,,,0,95,,2967,17,,,0,1115,,4717,17,,,0,100,,4720,17,,,0
3100,'5304',648,,5555,17,,,0,95,,5556,17,,,0,1115,,5557,17,,,0
3100,'5306',900,,5561,17,,,0,58,,5562,17,,,0,342,,5558,17,,,0,100,,5560,17,,,0,400,,5559,17,,,0
3100,'5307',844,,5565,17,,,0,870,,5563,17,,,0,126,,5564,17,,,0
3100,'5308',1958,,5566,17,,,0
