4001,'4327',729,,3226,41,,,0,107,,3214,41,,,0,271,,3223,41,,,0,111,,3210,41,,,0,110,,4848,41,,,0,110,,3211,41,,,0,75,,3219,41,,,0,37,,3215,41,,,0,108,,3209,41,,,0,150,,4852,41,,,0,33,,4856,41,,,0,109,,4849,41,,,0,75,,4851,41,,,0
4001,'4332',811,,3243,41,,,0,108,,3248,41,,,0,114,,4917,41,,,0,76,,4906,41,,,0,35,,4918,41,,,0,76,,4909,41,,,0,36,,3237,41,,,0,75,,3238,41,,,0,182,,3245,41,,,0,37,,3239,41,,,0,75,,4916,41,,,0,75,,4910,41,,,0,108,,4915,41,,,0,109,,4911,41,,,0,109,,3252,41,,,0,108,,4919,41,,,0,75,,4914,41,,,0,100,,4907,41,,,0
4001,'4480',658,,3199,41,,,0,72,,4898,41,,,0,75,,4902,41,,,0,16,,4899,41,,,0,14,,4900,41,,,0,18,,4901,41,,,0,55,,4865,41,,,0,28,,4869,41,,,0,14,,4870,41,,,0,55,,4866,41,,,0,15,,4867,41,,,0,30,,4872,41,,,0,55,,4873,41,,,0,16,,4874,41,,,0,15,,4875,41,,,0,15,,4876,41,,,0,56,,4877,41,,,0,15,,3172,41,,,0,17,,4878,41,,,0,85,,4879,41,,,0,30,,4880,41,,,0,56,,4881,41,,,0,16,,4882,41,,,0,30,,4884,41,,,0,55,,4885,41,,,0,15,,4886,41,,,0,15,,4887,41,,,0,14,,4888,41,,,0,55,,4889,41,,,0,30,,4890,41,,,0,15,,4891,41,,,0,54,,3191,41,,,0,29,,4903,41,,,0,15,,4895,41,,,0,54,,3196,41,,,0,29,,4894,41,,,0,15,,4896,41,,,0,91,,4864,41,,,0,60,,4860,41,,,0,108,,3151,41,,,0,100,,4859,41,,,0,27,,4862,41,,,0,69,,4858,41,,,0,30,,4861,41,,,0,70,,4857,41,,,0
4001,'4673',2041,,4904,41,,,0
4001,'5241',2041,,4905,41,,,0
4001,'5302',957,,4853,41,,,0,186,,4850,41,,,0,113,,4847,41,,,0,147,,4855,41,,,0,215,,3218,41,,,0,115,,4854,41,,,0,177,,3212,41,,,0
4001,'5303',922,,4868,41,,,0,113,,4871,41,,,0,219,,3174,41,,,0,55,,3175,41,,,0,30,,3177,41,,,0,102,,4883,41,,,0,184,,3188,41,,,0,98,,4892,41,,,0,98,,4893,41,,,0,85,,4897,41,,,0,16,,3158,41,,,0,100,,4863,41,,,0,118,,3155,41,,,0
4001,'5304',922,,5615,41,,,0,113,,5616,41,,,0,219,,5617,41,,,0,55,,5618,41,,,0,30,,5619,41,,,0,102,,5620,41,,,0,184,,5621,41,,,0,98,,5622,41,,,0,98,,5623,41,,,0,85,,5624,41,,,0,16,,5614,41,,,0,100,,5613,41,,,0,118,,5612,41,,,0
4001,'5306',727,,5634,41,,,0,118,,5633,41,,,0,111,,5630,41,,,0,451,,5632,41,,,0,35,,5625,41,,,0,291,,5631,41,,,0,110,,5627,41,,,0,109,,5626,41,,,0,148,,5628,41,,,0,309,,5629,41,,,0
4001,'5307',957,,5639,41,,,0,186,,5637,41,,,0,113,,5635,41,,,0,147,,5641,41,,,0,215,,5638,41,,,0,115,,5640,41,,,0,177,,5636,41,,,0
