4001,'4327',705,,3226,13,,,0,106,,3214,13,,,0,228,,3223,13,,,0,111,,3210,13,,,0,109,,4848,13,,,0,150,,3211,13,,,0,35,,3219,13,,,0,77,,3215,13,,,0,110,,3209,13,,,0,111,,4852,13,,,0,75,,4856,13,,,0,110,,4849,13,,,0,75,,4851,13,,,0
4001,'4332',744,,3243,13,,,0,107,,3248,13,,,0,153,,4917,13,,,0,36,,4906,13,,,0,75,,4918,13,,,0,36,,4909,13,,,0,75,,3237,13,,,0,75,,3238,13,,,0,142,,3245,13,,,0,78,,3239,13,,,0,35,,4916,13,,,0,75,,4910,13,,,0,109,,4915,13,,,0,110,,4911,13,,,0,150,,3252,13,,,0,109,,4919,13,,,0,35,,4914,13,,,0,100,,4907,13,,,0
4001,'4480',633,,3199,13,,,0,71,,4898,13,,,0,31,,4902,13,,,0,16,,4899,13,,,0,55,,4900,13,,,0,17,,4901,13,,,0,17,,4865,13,,,0,69,,4869,13,,,0,15,,4870,13,,,0,15,,4866,13,,,0,15,,4867,13,,,0,70,,4872,13,,,0,15,,4873,13,,,0,15,,4874,13,,,0,55,,4875,13,,,0,15,,4876,13,,,0,15,,4877,13,,,0,15,,3172,13,,,0,57,,4878,13,,,0,45,,4879,13,,,0,70,,4880,13,,,0,15,,4881,13,,,0,15,,4882,13,,,0,70,,4884,13,,,0,15,,4885,13,,,0,15,,4886,13,,,0,55,,4887,13,,,0,15,,4888,13,,,0,15,,4889,13,,,0,70,,4890,13,,,0,15,,4891,13,,,0,15,,3191,13,,,0,70,,4903,13,,,0,15,,4895,13,,,0,15,,3196,13,,,0,69,,4894,13,,,0,15,,4896,13,,,0,92,,4864,13,,,0,20,,4860,13,,,0,108,,3151,13,,,0,101,,4859,13,,,0,69,,4862,13,,,0,29,,4858,13,,,0,70,,4861,13,,,0,30,,4857,13,,,0
4001,'4673',2016,,4904,13,,,0
4001,'5241',2016,,4905,13,,,0
4001,'5302',929,,4853,13,,,0,186,,4850,13,,,0,112,,4847,13,,,0,107,,4855,13,,,0,216,,3218,13,,,0,156,,4854,13,,,0,140,,3212,13,,,0
4001,'5303',855,,4868,13,,,0,154,,4871,13,,,0,217,,3174,13,,,0,15,,3175,13,,,0,70,,3177,13,,,0,100,,4883,13,,,0,145,,3188,13,,,0,100,,4892,13,,,0,99,,4893,13,,,0,85,,4897,13,,,0,17,,3158,13,,,0,100,,4863,13,,,0,158,,3155,13,,,0
4001,'5304',855,,5615,13,,,0,154,,5616,13,,,0,217,,5617,13,,,0,15,,5618,13,,,0,70,,5619,13,,,0,100,,5620,13,,,0,145,,5621,13,,,0,100,,5622,13,,,0,99,,5623,13,,,0,85,,5624,13,,,0,17,,5614,13,,,0,100,,5613,13,,,0,158,,5612,13,,,0
4001,'5306',701,,5634,13,,,0,117,,5633,13,,,0,109,,5630,13,,,0,410,,5632,13,,,0,75,,5625,13,,,0,293,,5631,13,,,0,111,,5627,13,,,0,109,,5626,13,,,0,109,,5628,13,,,0,311,,5629,13,,,0
4001,'5307',929,,5639,13,,,0,186,,5637,13,,,0,112,,5635,13,,,0,107,,5641,13,,,0,216,,5638,13,,,0,156,,5640,13,,,0,140,,5636,13,,,0
