3000,'4327',742,,2869,47,,,0,158,,4678,47,,,0,106,,4677,47,,,0,108,,2872,47,,,0,114,,2863,47,,,0,110,,2865,47,,,0,110,,2871,47,,,0,109,,2866,47,,,0,150,,4676,47,,,0,110,,2864,47,,,0
3000,'4332',824,,2896,47,,,0,77,,4687,47,,,0,32,,2887,47,,,0,74,,4686,47,,,0,145,,2895,47,,,0,76,,2894,47,,,0,110,,2881,47,,,0,75,,2876,47,,,0,35,,4685,47,,,0,75,,2890,47,,,0,78,,4683,47,,,0,106,,2884,47,,,0,109,,2883,47,,,0,298,,2878,47,,,0,103,,4690,47,,,0
3000,'4480',648,,4680,47,,,0,93,,2855,47,,,0,59,,2850,47,,,0,18,,2856,47,,,0,34,,2857,47,,,0,58,,2851,47,,,0,34,,2832,47,,,0,75,,2833,47,,,0,35,,2834,47,,,0,75,,2835,47,,,0,75,,2836,47,,,0,35,,2837,47,,,0,75,,2838,47,,,0,35,,2839,47,,,0,74,,2840,47,,,0,36,,2841,47,,,0,150,,2842,47,,,0,110,,2843,47,,,0,113,,2844,47,,,0,75,,2845,47,,,0,210,,4679,47,,,0,200,,2849,47,,,0
3000,'4663',1534,,5506,47,,,0,223,,5507,47,,,0
3000,'4673',1644,,4681,47,,,0
3000,'5241',1644,,4682,47,,,0
3000,'5302',1926,,2870,47,,,0
3000,'5303',724,,2854,47,,,0,111,,2853,47,,,0,699,,2858,47,,,0,223,,2859,47,,,0,259,,2846,47,,,0,200,,2848,47,,,0
3000,'5304',724,,5511,47,,,0,111,,5510,47,,,0,1181,,5508,47,,,0,200,,5509,47,,,0
3000,'5305',1534,,5512,47,,,0,223,,5513,47,,,0
3000,'5306',717,,5519,47,,,0,327,,5518,47,,,0,73,,5517,47,,,0,186,,5522,47,,,0,329,,5521,47,,,0,114,,5514,47,,,0,106,,5515,47,,,0,150,,5520,47,,,0,314,,5516,47,,,0
3000,'5307',1926,,5523,47,,,0
