3100,'4327',1008,,2983,16,,,0,120,,4712,16,,,0,130,,2984,16,,,0,165,,4711,16,,,0,130,,2990,16,,,0,465,,2988,16,,,0
3100,'4332',754,,2995,16,,,0,375,,3000,16,,,0,330,,2991,16,,,0,100,,2992,16,,,0,100,,2997,16,,,0,200,,4723,16,,,0
3100,'4480',853,,2968,16,,,0,90,,2969,16,,,0,109,,4713,16,,,0,100,,2971,16,,,0,100,,2972,16,,,0,100,,4714,16,,,0,100,,2974,16,,,0,98,,2975,16,,,0,102,,4715,16,,,0,101,,4716,16,,,0
3100,'4663',1957,,5553,16,,,0
3100,'4673',1957,,5554,16,,,0
3100,'5302',843,,2987,16,,,0,870,,2982,16,,,0,126,,2985,16,,,0
3100,'5303',647,,2966,16,,,0,95,,2967,16,,,0,1115,,4717,16,,,0,100,,4720,16,,,0
3100,'5304',647,,5555,16,,,0,95,,5556,16,,,0,1115,,5557,16,,,0
3100,'5306',859,,5561,16,,,0,98,,5562,16,,,0,302,,5558,16,,,0,100,,5560,16,,,0,400,,5559,16,,,0
3100,'5307',843,,5565,16,,,0,870,,5563,16,,,0,126,,5564,16,,,0
3100,'5308',1957,,5566,16,,,0
