701,'4327',718,,2454,11,,,0,109,,3860,11,,,0,121,,2459,11,,,0,104,,2455,11,,,0,151,,3859,11,,,0,106,,2452,11,,,0,109,,2456,11,,,0,112,,2450,11,,,0,111,,2458,11,,,0,106,,2457,11,,,0,110,,2451,11,,,0,145,,2449,11,,,0
701,'4332',717,,2466,11,,,0,110,,3866,11,,,0,110,,2471,11,,,0,111,,3861,11,,,0,152,,3867,11,,,0,109,,3868,11,,,0,112,,3862,11,,,0,104,,3864,11,,,0,120,,3865,11,,,0,102,,2472,11,,,0,110,,3863,11,,,0,145,,3869,11,,,0,105,,3870,11,,,0,108,,2470,11,,,0,127,,2475,11,,,0
701,'4480',713,,2444,11,,,0,103,,2428,11,,,0,614,,2435,11,,,0,105,,2429,11,,,0,280,,2438,11,,,0,40,,2443,11,,,0,302,,2441,11,,,0,192,,2426,11,,,0
701,'4663',1741,,2445,11,,,0
701,'4673',1741,,2447,11,,,0
701,'4681',1741,,2448,11,,,0
701,'5135',1625,,3871,11,,,0
701,'5214',657,,2440,11,,,0,85,,2432,11,,,0,187,,2430,11,,,0,115,,2439,11,,,0,156,,2427,11,,,0,115,,2431,11,,,0,310,,2446,11,,,0,75,,2436,11,,,0,230,,2434,11,,,0,115,,2437,11,,,0,271,,2442,11,,,0
701,'5216',657,,3881,11,,,0,85,,3875,11,,,0,187,,3873,11,,,0,115,,3880,11,,,0,156,,3872,11,,,0,115,,3874,11,,,0,385,,3878,11,,,0,230,,3877,11,,,0,115,,3879,11,,,0,271,,3882,11,,,0
701,'5219',1625,,3883,11,,,0
