7200,'4327',732,,3339,19,,,0,324,,3333,19,,,0,160,,3332,19,,,0,219,,3335,19,,,0,102,,3336,19,,,0,114,,3337,19,,,0,150,,3338,19,,,0,110,,3330,19,,,0
7200,'4332',713,,3363,19,,,0,96,,3340,19,,,0,48,,3348,19,,,0,149,,4947,19,,,0,110,,4948,19,,,0,110,,4949,19,,,0,110,,3352,19,,,0,110,,3354,19,,,0,84,,3355,19,,,0,26,,3356,19,,,0,188,,3358,19,,,0,72,,4950,19,,,0,35,,4951,19,,,0,107,,4952,19,,,0,156,,4953,19,,,0,102,,3346,19,,,0
7200,'4480',648,,3325,19,,,0,75,,4944,19,,,0,33,,3323,19,,,0,77,,3322,19,,,0,74,,3302,19,,,0,144,,4935,19,,,0,150,,4936,19,,,0,35,,3308,19,,,0,297,,3313,19,,,0,109,,4939,19,,,0,264,,3318,19,,,0,111,,4942,19,,,0,102,,4943,19,,,0,100,,3321,19,,,0
7200,'4661',1754,,3326,19,,,0
7200,'4663',1754,,3327,19,,,0
7200,'4673',2319,,4945,19,,,0
7200,'5241',2319,,4946,19,,,0
7200,'5302',837,,4934,19,,,0,114,,3331,19,,,0,364,,3334,19,,,0
7200,'5303',941,,3303,19,,,0,75,,3304,19,,,0,110,,3306,19,,,0,185,,4937,19,,,0,35,,3310,19,,,0,77,,4938,19,,,0,35,,3312,19,,,0,149,,3314,19,,,0,110,,4940,19,,,0,114,,4941,19,,,0
7200,'5304',941,,5656,19,,,0,75,,5657,19,,,0,110,,5658,19,,,0,185,,5659,19,,,0,35,,5660,19,,,0,77,,5661,19,,,0,35,,5662,19,,,0,149,,5663,19,,,0,110,,5664,19,,,0,114,,5665,19,,,0
7200,'5306',918,,5666,19,,,0,124,,5668,19,,,0,117,,5669,19,,,0,149,,5670,19,,,0,111,,5672,19,,,0,221,,5673,19,,,0,66,,5667,19,,,0,610,,5671,19,,,0
7200,'5307',837,,5674,19,,,0,114,,5675,19,,,0,364,,5676,19,,,0
