101,'4327',803,,3695,8,,,0,30,,3698,8,,,0,70,,2136,8,,,0,28,,3696,8,,,0,73,,2144,8,,,0,32,,3694,8,,,0,71,,3699,8,,,0,33,,2145,8,,,0,68,,2126,8,,,0,30,,3692,8,,,0,70,,3700,8,,,0,30,,3702,8,,,0,70,,3701,8,,,0,30,,2125,8,,,0,70,,3697,8,,,0,30,,3693,8,,,0,70,,3691,8,,,0,30,,2127,8,,,0,70,,2134,8,,,0,29,,3690,8,,,0,70,,3703,8,,,0,30,,2148,8,,,0,70,,2140,8,,,0,29,,2124,8,,,0,70,,2141,8,,,0,30,,2150,8,,,0,81,,2139,8,,,0
101,'4332',717,,2163,8,,,0,30,,3724,8,,,0,71,,2165,8,,,0,27,,3714,8,,,0,73,,3708,8,,,0,22,,3706,8,,,0,81,,3716,8,,,0,28,,3711,8,,,0,68,,2151,8,,,0,31,,2154,8,,,0,68,,3718,8,,,0,33,,2167,8,,,0,71,,3707,8,,,0,30,,2177,8,,,0,70,,3713,8,,,0,30,,2157,8,,,0,70,,3719,8,,,0,30,,2173,8,,,0,69,,3704,8,,,0,32,,3710,8,,,0,67,,3705,8,,,0,30,,2166,8,,,0,70,,3720,8,,,0,30,,3721,8,,,0,70,,3712,8,,,0,30,,3715,8,,,0,69,,2159,8,,,0,32,,3722,8,,,0,68,,2153,8,,,0,37,,2183,8,,,0,63,,3717,8,,,0,30,,2184,8,,,0,69,,3723,8,,,0,31,,3709,8,,,0,80,,2175,8,,,0
101,'4480',642,,3738,8,,,0,71,,3737,8,,,0,19,,2113,8,,,0,20,,2107,8,,,0,61,,3739,8,,,0,19,,2112,8,,,0,17,,3735,8,,,0,65,,3734,8,,,0,33,,2102,8,,,0,72,,3731,8,,,0,25,,2104,8,,,0,71,,2091,8,,,0,26,,3733,8,,,0,74,,2092,8,,,0,34,,2099,8,,,0,66,,2120,8,,,0,33,,2098,8,,,0,67,,3729,8,,,0,33,,2097,8,,,0,56,,3742,8,,,0,21,,2093,8,,,0,23,,2080,8,,,0,57,,3736,8,,,0,21,,2082,8,,,0,22,,2090,8,,,0,57,,3727,8,,,0,20,,3730,8,,,0,24,,2094,8,,,0,55,,3743,8,,,0,17,,3732,8,,,0,32,,2085,8,,,0,94,,2086,8,,,0,70,,2114,8,,,0,30,,2087,8,,,0,70,,2116,8,,,0,30,,3728,8,,,0,70,,3740,8,,,0,30,,2089,8,,,0,69,,3741,8,,,0,32,,2084,8,,,0,83,,2083,8,,,0
101,'4663',1917,,3725,8,,,0
101,'4673',1917,,3744,8,,,0
101,'4681',1917,,3726,8,,,0
2501,'4327',842,,3997,24,,,0,260,,3998,25,,,0,215,,2823,25,,,0,505,,2824,24,,,0,230,,2825,25,,,0
2501,'4332',842,,4000,24,,,0,260,,4002,25,,,0,215,,4001,25,,,0,505,,4003,24,,,0,230,,3999,25,,,0
2501,'4480',847,,2815,24,,,0,256,,2816,25,,,0,217,,4005,24,,,0,135,,4006,25,,,0,370,,2819,25,,,0
2501,'4673',2050,,4007,24,,,0
2501,'5135',2050,,4004,24,,,0
