4000,'4327',720,,4742,21,,,0,223,,4739,21,,,0,192,,4737,21,,,0,178,,4751,21,,,0,110,,4743,21,,,0,110,,4740,21,,,0,75,,4748,21,,,0,35,,4747,21,,,0,75,,4754,21,,,0,35,,4738,21,,,0,75,,4749,21,,,0,75,,4744,21,,,0,35,,4753,21,,,0
4000,'4332',654,,4839,21,,,0,72,,4844,21,,,0,111,,4824,21,,,0,72,,4840,21,,,0,34,,4821,21,,,0,77,,4837,21,,,0,107,,4828,21,,,0,110,,4820,21,,,0,75,,4825,21,,,0,35,,4829,21,,,0,75,,4838,21,,,0,113,,4827,21,,,0,107,,4842,21,,,0,79,,4841,21,,,0,31,,4830,21,,,0,186,,4823,21,,,0,77,,4846,21,,,0,35,,4835,21,,,0
4000,'4480',613,,4804,21,,,0,30,,4805,21,,,0,15,,4812,21,,,0,53,,4806,21,,,0,15,,4807,21,,,0,14,,4808,21,,,0,17,,4810,21,0,6 7,0,52,,4811,21,,,0,17,,4762,21,,,0,15,,4763,21,,,0,15,,4764,21,,,0,55,,4765,21,,,0,15,,4766,21,,,0,16,,4767,21,,,0,15,,4768,21,,,0,70,,4770,21,,,0,13,,4771,21,,,0,15,,4772,21,,,0,71,,4774,21,,,0,15,,4775,21,,,0,14,,4776,21,,,0,70,,4778,21,,,0,15,,4779,21,,,0,15,,4780,21,,,0,54,,4781,21,,,0,14,,4782,21,,,0,15,,4783,21,,,0,15,,4784,21,,,0,54,,4785,21,,,0,15,,4786,21,,,0,14,,4787,21,,,0,16,,4788,21,,,0,55,,4789,21,,,0,30,,4792,21,,,0,71,,4794,21,,,0,14,,4795,21,,,0,89,,4798,21,,,0,16,,4796,21,,,0,32,,4800,21,,,0,60,,4801,21,,,0,20,,4802,21,,,0,316,,4758,21,,,0,70,,4761,21,,,0,31,,4757,21,,,0
4000,'4663',2022,,5581,21,,,0
4000,'4673',1901,,4816,21,,,0,121,,5582,21,,,0,102,,4815,21,,,0
4000,'5241',1901,,4819,21,,,0,223,,4818,21,,,0
4000,'5302',837,,4752,21,,,0,181,,4755,21,,,0,32,,4741,21,,,0,153,,4756,21,,,0,35,,4750,21,,,0,110,,4746,21,,,0,108,,4745,21,,,0
4000,'5303',752,,4809,21,,,0,260,,4769,21,,,0,99,,4773,21,,,0,99,,4777,21,,,0,312,,4790,21,,,0,31,,4793,21,,,0,86,,4797,21,,,0,16,,4791,21,,,0,87,,4799,21,,,0,179,,4803,21,,,0,31,,4760,21,,,0,70,,4817,21,,,0,32,,4759,21,,,0
4000,'5304',752,,5594,21,,,0,260,,5585,21,,,0,99,,5586,21,,,0,99,,5587,21,,,0,312,,5588,21,,,0,31,,5590,21,,,0,86,,5591,21,,,0,16,,5589,21,,,0,87,,5592,21,,,0,179,,5593,21,,,0,31,,5584,21,,,0,102,,5583,21,,,0
4000,'5306',800,,5598,21,,,0,252,,5595,21,,,0,150,,5597,21,,,0,255,,5602,21,,,0,150,,5599,21,,,0,221,,5600,21,,,0,75,,5603,21,,,0,251,,5596,21,,,0,99,,5601,21,,,0
4000,'5307',837,,5608,21,,,0,181,,5609,21,,,0,32,,5604,21,,,0,153,,5610,21,,,0,35,,5607,21,,,0,110,,5606,21,,,0,108,,5605,21,,,0
4000,'5308',2022,,5611,21,,,0
