2501,'4327',1057,,4668,21,,,0,255,,2823,21,,,0
2501,'4332',837,,4673,20,,,0,980,,4675,20,,,0
2501,'4480',842,,2815,20,,,0,216,,2816,21,,,0,257,,4669,20,,,0,134,,4670,21,,,0
2501,'4673',2045,,4671,20,,,0
2501,'5241',2045,,4672,20,,,0
2501,'5302',837,,4667,20,,,0,980,,2824,20,,,0,230,,2825,21,,,0
2501,'5303',1820,,2819,21,,,0
2501,'5304',1820,,5499,21,,,0
2501,'5306',1057,,5502,21,,,0,255,,5501,21,,,0,735,,5500,21,,,0
2501,'5307',837,,5503,20,,,0,980,,5504,20,,,0,230,,5505,21,,,0
4001,'4327',714,,3226,24,,,0,107,,3214,24,,,0,229,,3223,24,,,0,151,,3210,24,,,0,110,,4848,24,,,0,110,,3211,24,,,0,35,,3219,24,,,0,77,,3215,24,,,0,109,,3209,24,,,0,110,,4852,24,,,0,75,,4856,24,,,0,109,,4849,24,,,0,75,,4851,24,,,0
4001,'4332',755,,3243,24,,,0,147,,3248,24,,,0,114,,4917,24,,,0,36,,4906,24,,,0,75,,4918,24,,,0,76,,4909,24,,,0,35,,3237,24,,,0,75,,3238,24,,,0,142,,3245,24,,,0,78,,3239,24,,,0,75,,4916,24,,,0,35,,4910,24,,,0,109,,4915,24,,,0,149,,4911,24,,,0,110,,3252,24,,,0,108,,4919,24,,,0,35,,4914,24,,,0,100,,4907,24,,,0
4001,'4480',643,,3199,24,,,0,72,,4898,24,,,0,32,,4902,24,,,0,56,,4899,24,,,0,15,,4900,24,,,0,18,,4901,24,,,0,16,,4865,24,,,0,69,,4869,24,,,0,14,,4870,24,,,0,15,,4866,24,,,0,55,,4867,24,,,0,30,,4872,24,,,0,15,,4873,24,,,0,55,,4874,24,,,0,15,,4875,24,,,0,15,,4876,24,,,0,16,,4877,24,,,0,55,,3172,24,,,0,17,,4878,24,,,0,85,,4879,24,,,0,30,,4880,24,,,0,15,,4881,24,,,0,55,,4882,24,,,0,30,,4884,24,,,0,15,,4885,24,,,0,55,,4886,24,,,0,15,,4887,24,,,0,15,,4888,24,,,0,15,,4889,24,,,0,70,,4890,24,,,0,15,,4891,24,,,0,15,,3191,24,,,0,69,,4903,24,,,0,15,,4895,24,,,0,15,,3196,24,,,0,69,,4894,24,,,0,15,,4896,24,,,0,91,,4864,24,,,0,20,,4860,24,,,0,108,,3151,24,,,0,100,,4859,24,,,0,69,,4862,24,,,0,29,,4858,24,,,0,70,,4861,24,,,0,30,,4857,24,,,0
4001,'4673',2026,,4904,24,,,0
4001,'5241',2026,,4905,24,,,0
4001,'5302',940,,4853,24,,,0,186,,4850,24,,,0,113,,4847,24,,,0,107,,4855,24,,,0,255,,3218,24,,,0,116,,4854,24,,,0,139,,3212,24,,,0
4001,'5303',907,,4868,24,,,0,113,,4871,24,,,0,218,,3174,24,,,0,15,,3175,24,,,0,70,,3177,24,,,0,100,,4883,24,,,0,185,,3188,24,,,0,99,,4892,24,,,0,99,,4893,24,,,0,45,,4897,24,,,0,56,,3158,24,,,0,100,,4863,24,,,0,118,,3155,24,,,0
4001,'5304',907,,5615,24,,,0,113,,5616,24,,,0,218,,5617,24,,,0,15,,5618,24,,,0,70,,5619,24,,,0,100,,5620,24,,,0,185,,5621,24,,,0,99,,5622,24,,,0,99,,5623,24,,,0,45,,5624,24,,,0,56,,5614,24,,,0,100,,5613,24,,,0,118,,5612,24,,,0
4001,'5306',712,,5634,24,,,0,117,,5633,24,,,0,110,,5630,24,,,0,410,,5632,24,,,0,75,,5625,24,,,0,293,,5631,24,,,0,110,,5627,24,,,0,109,,5626,24,,,0,109,,5628,24,,,0,310,,5629,24,,,0
4001,'5307',940,,5639,24,,,0,186,,5637,24,,,0,113,,5635,24,,,0,107,,5641,24,,,0,255,,5638,24,,,0,116,,5640,24,,,0,139,,5636,24,,,0
