100,'4327',740,,4380,8,,,0,70,,4379,8,,,0,29,,2027,8,,,0,172,,2030,8,,,0,26,,2039,8,,,0,75,,4378,8,,,0,100,,4373,8,,,0,100,,4382,8,,,0,30,,2019,8,,,0,100,,4377,8,,,0,100,,4376,8,,,0,170,,4372,8,,,0,30,,4370,8,,,0,169,,2034,8,,,0,30,,2020,8,,,0,70,,2044,8,,,0,29,,2035,8,,,0,70,,2045,8,,,0,35,,2029,8,,,0
100,'4332',651,,4400,8,,,0,401,,2063,8,,,0,71,,4401,8,,,0,200,,2066,8,,,0,100,,2052,8,,,0,30,,4397,8,,,0,100,,4396,8,,,0,73,,2055,8,,,0,227,,4402,8,,,0,99,,2069,8,,,0,97,,2047,8,,,0,72,,2075,8,,,0,99,,2048,8,,,0,105,,2070,8,,,0
100,'4480',649,,4391,8,,,0,54,,2012,8,,,0,100,,2000,8,,,0,99,,1997,8,,,0,20,,4389,8,,,0,32,,4386,8,,,0,65,,1996,8,,,0,30,,4385,8,,,0,66,,2002,8,,,0,34,,1984,8,,,0,73,,1993,8,,,0,26,,1986,8,,,0,73,,1995,8,,,0,27,,2014,8,,,0,72,,1990,8,,,0,27,,1987,8,,,0,73,,1991,8,,,0,38,,1989,8,,,0,62,,1974,8,,,0,38,,1976,8,,,0,65,,1985,8,,,0,15,,4395,8,,,0,19,,4387,8,,,0,69,,1979,8,,,0,28,,4392,8,,,0,70,,1982,8,,,0,30,,4393,8,,,0,70,,1980,8,,,0,30,,2009,8,,,0,96,,2010,8,,,0,74,,1981,8,,,0,104,,1977,8,,,0,85,,1988,8,,,0
100,'4661',1637,,2015,8,,,0
100,'4663',1637,,2016,8,,,0
100,'5302',907,,4375,8,,,0,32,,2017,8,,,0,203,,2040,8,,,0,100,,4374,8,,,0,170,,4381,8,,,0,100,,2022,8,,,0,100,,2031,8,,,0,30,,4383,8,,,0,169,,4371,8,,,0,29,,2043,8,,,0
100,'5303',620,,2005,8,,,0,105,,2006,8,,,0,19,,4390,8,,,0,81,,2004,8,,,0,18,,4388,8,,,0,694,,4384,8,,,0,587,,1978,8,,,0,130,,4394,8,,,0
100,'5304',620,,5023,8,,,0,105,,5024,8,,,0,19,,5021,8,,,0,81,,5022,8,,,0,18,,5020,8,,,0,694,,5018,8,,,0,587,,5019,8,,,0,130,,5025,8,,,0
100,'5306',721,,5045,8,,,0,30,,5031,8,,,0,70,,5034,8,,,0,30,,5036,8,,,0,64,,5040,8,,,0,37,,5028,8,,,0,71,,5029,8,,,0,127,,5030,8,,,0,71,,5027,8,,,0,29,,5038,8,,,0,103,,5037,8,,,0,170,,5039,8,,,0,130,,5035,8,,,0,70,,5032,8,,,0,26,,5026,8,,,0,74,,5033,8,,,0,100,,5044,8,,,0,99,,5043,8,,,0,129,,5041,8,,,0,99,,5042,8,,,0
100,'5307',907,,5050,8,,,0,32,,5046,8,,,0,203,,5053,8,,,0,100,,5049,8,,,0,170,,5052,8,,,0,100,,5048,8,,,0,100,,5051,8,,,0,30,,5054,8,,,0,169,,5047,8,,,0,29,,5055,8,,,0
