1500,'4332',751,,5422,10,,,0,150,,5417,10,,,0,110,,5425,10,,,0,108,,5421,10,,,0,119,,5420,10,,,0,105,,5418,10,,,0,110,,5423,10,,,0,150,,5424,10,,,0,114,,5415,10,,,0,106,,5416,10,,,0,110,,5419,10,,,0,107,,5426,10,,,0
1500,'4480',913,,2659,10,,,0,30,,2658,10,,,0,70,,2660,10,,,0,30,,4620,10,,,0,69,,4619,10,,,0,31,,4618,10,,,0,69,,4617,10,,,0,100,,2668,10,,,0,30,,5413,10,,,0,75,,2666,10,,,0,32,,2665,10,,,0,373,,5414,10,,,0,219,,4622,10,,,0
1500,'4661',1931,,5412,10,,,0
1500,'4663',1931,,5411,10,,,0
3000,'4332',647,,5519,11,,,0,105,,2896,11,,,0,77,,4687,11,,,0,72,,2887,11,,,0,33,,4686,11,,,0,77,,5518,11,,,0,32,,5517,11,,,0,75,,2895,11,,,0,35,,2894,11,,,0,74,,5522,11,,,0,75,,2881,11,,,0,35,,2876,11,,,0,75,,4685,11,,,0,35,,2890,11,,,0,79,,4683,11,,,0,32,,5521,11,,,0,75,,2884,11,,,0,79,,5514,11,,,0,31,,2883,11,,,0,76,,5515,11,,,0,111,,5520,11,,,0,112,,2878,11,,,0,104,,4690,11,,,0,99,,5516,11,,,0
3000,'4480',617,,4680,11,,,0,35,,5511,11,,,0,56,,2855,11,,,0,17,,2850,11,,,0,17,,2856,11,,,0,17,,5510,11,,,0,57,,2857,11,,,0,18,,2851,11,,,0,76,,2832,11,,,0,35,,2833,11,,,0,74,,2834,11,,,0,35,,2835,11,,,0,74,,2836,11,,,0,75,,2837,11,,,0,35,,2838,11,,,0,74,,2839,11,,,0,34,,2840,11,,,0,74,,2841,11,,,0,111,,2842,11,,,0,110,,2843,11,,,0,116,,2844,11,,,0,77,,2845,11,,,0,110,,5508,11,,,0,102,,4679,11,,,0,101,,5509,11,,,0,102,,2849,11,,,0
3000,'4661',1456,,5512,11,,,0,151,,4681,11,,,0,114,,5513,11,,,0
3000,'4663',1456,,5506,11,,,0,151,,4682,11,,,0,114,,5507,11,,,0
1001500,'4480',650,,3558,10,,,0,75,,3555,10,,,0,75,,3557,10,,,0,35,,3556,10,,,0,401,,5717,10,,,0,285,,3562,10,,,0,36,,3563,10,,,0,77,,3560,10,,,0,76,,3561,10,,,0
1001500,'4661',1745,,4990,10,,,0
1001500,'4663',1745,,4991,10,,,0
