2001,'4327',916,,2784,18,,,0,227,,2786,18,,,0,692,,2788,18,,,0
2001,'4332',1014,,2799,18,,,0,105,,4660,18,,,0,492,,2797,18,,,0,213,,2790,18,,,0,325,,2794,18,0,9 10 11,0
2001,'4480',741,,4659,18,0,9 10 11,0,72,,2777,18,0,9 10 11,0,103,,2766,18,,,0,109,,4653,18,,,0,110,,4654,18,,,0,111,,4655,18,,,0,370,,2771,18,,,0,110,,2772,18,,,0
2001,'4663',1832,,5473,18,0,9 10 11,0,319,,5474,18,0,9 10 11,0
2001,'4673',1832,,5475,18,0,9 10 11,0,319,,5476,18,0,9 10 11,0
2001,'5302',1402,,2785,18,,,0,209,,2787,18,,,0
2001,'5303',654,,4658,18,,,0,854,,4656,18,0,9 10 11,0,324,,2782,18,0,9 10 11,0,113,,4657,18,,,0,206,,2783,18,0,9 10 11,0,198,,2774,18,0,9 10 11,0
2001,'5304',654,,5480,18,,,0,854,,5477,18,0,9 10 11,0,437,,5478,18,,,0,404,,5479,18,0,9 10 11,0
2001,'5306',926,,5485,18,,,0,321,,5481,18,,,0,155,,5486,18,,,0,102,,5483,18,,,0,210,,5484,18,,,0,634,,5482,18,0,9 10 11,0
2001,'5307',1402,,5487,18,,,0,209,,5488,18,,,0
2001,'5308',1832,,5489,18,0,9 10 11,0,319,,5490,18,0,9 10 11,0
1002001,'4327',803,,3630,18,,,0,444,,5002,18,,,0,262,,5003,18,,,0,217,,3626,18,,,0
1002001,'4332',1205,,5016,18,,,0,227,,3632,18,,,0,220,,3633,18,,,0,273,,5013,18,,,0,322,,5015,18,,,0
1002001,'4480',729,,5004,18,,,0,111,,5005,18,,,0,95,,5006,18,,,0,386,,3616,18,,,0,112,,5008,18,,,0,219,,5009,18,,,0,258,,3622,18,,,0,139,,5011,18,,,0,201,,3624,18,,,0
1002001,'5302',1015,,3629,18,,,0,1016,,3628,18,,,0
1002001,'5303',1100,,3614,18,,,0,110,,5007,18,,,0,148,,3617,18,,,0,184,,3619,18,,,0,260,,5010,18,,,0
1002001,'5304',1100,,5738,18,,,0,110,,5739,18,,,0,148,,5740,18,,,0,184,,5741,18,,,0,260,,5742,18,,,0
1002001,'5306',727,,5745,18,,,0,113,,5746,18,,,0,111,,5743,18,,,0,151,,5744,18,,,0,220,,5749,18,,,0,214,,5747,18,,,0,265,,5748,18,,,0,227,,5750,18,,,0
1002001,'5307',1015,,5752,18,,,0,1016,,5751,18,,,0
