7201,'4730',716,,1477,8,,,0,36,,1475,8,,,0,75,,1476,8,,,0,110,,1456,8,,,0,75,,1458,8,,,0,36,,1460,8,,,0,75,,1457,8,,,0,35,,1461,8,,,0,75,,1459,8,,,0,75,,1462,8,,,0,35,,1463,8,,,0,75,,1464,8,,,0,35,,1465,8,,,0,75,,1466,8,,,0,75,,1467,8,,,0,35,,1468,8,,,0,75,,1469,8,,,0,34,,1470,8,,,0,291,,1472,8,,,0,100,,1471,8,,,0,99,,1473,8,,,0,100,,1474,8,,,0
7201,'4738',832,,1478,8,,,0,95,,1485,8,,,0,78,,1480,8,,,0,33,,1488,8,,,0,75,,1481,8,,,0,35,,1486,8,,,0,75,,1482,8,,,0,35,,1487,8,,,0,83,,1489,8,,,0,67,,1490,8,,,0,43,,1491,8,,,0,67,,1492,8,,,0,83,,1493,8,,,0,27,,1479,8,,,0,77,,1494,8,,,0,32,,1495,8,,,0,75,,1496,8,,,0,110,,1498,8,,,0,97,,1497,8,,,0,122,,1483,8,,,0,100,,1484,8,,,0
7201,'4781',755,,1499,8,,,0,152,,1501,8,,,0,111,,1503,8,,,0,116,,1504,8,,,0,104,,1502,8,,,0,115,,1506,8,,,0,147,,1507,8,,,0,111,,1508,8,,,0,216,,1500,8,,,0,115,,1505,8,,,0
7201,'4782',1822,,1509,8,,,0,111,,1510,8,,,0
7201,'4784',1822,,1511,8,,,0,111,,1512,8,,,0
7201,'5028',1717,,1513,8,,,0
7201,'5029',902,,1514,8,,,0,956,,1515,8,,,0
7201,'5030',902,,1516,8,,,0,956,,1517,8,,,0
7201,'5032',722,,1518,8,,,0,1125,,1520,8,,,0,494,,1519,8,,,0
7201,'5033',1717,,1521,8,,,0
