700,'4327',742,,2403,18,,,0,110,,4524,18,,,0,265,,2404,18,,,0,111,,4523,18,,,0,106,,2401,18,,,0,221,,2399,18,,,0,257,,2406,18,,,0,215,,2398,18,,,0
700,'4332',852,,4542,18,,,0,150,,2420,18,,,0,111,,4538,18,,,0,437,,4540,18,,,0,160,,4541,18,,,0,695,,2424,18,,,0
700,'4480',637,,4528,18,,,0,85,,4533,18,,,0,86,,4529,18,,,0,147,,4527,18,,,0,155,,4532,18,,,0,115,,4525,18,,,0,115,,4526,18,,,0,115,,2384,18,,,0,145,,2385,18,,,0,238,,2382,18,,,0,115,,4531,18,,,0,155,,4534,18,,,0,111,,2389,18,,,0,192,,2375,18,,,0
700,'4663',1804,,5275,18,,,0
700,'4673',1649,,4536,18,,,0,155,,5276,18,,,0
700,'5241',1649,,4537,18,,,0
700,'5302',1013,,2408,18,,,0,430,,2405,18,,,0,263,,2407,18,,,0,216,,2400,18,,,0
700,'5303',739,,2393,18,,,0,103,,2377,18,,,0,882,,4530,18,,,0,80,,2397,18,,,0,114,,2392,18,,,0,420,,4535,18,,,0
700,'5304',739,,5281,18,,,0,103,,5277,18,,,0,882,,5278,18,,,0,194,,5280,18,,,0,420,,5279,18,,,0
700,'5306',742,,5284,18,,,0,483,,5285,18,,,0,109,,5286,18,,,0,112,,5282,18,,,0,366,,5288,18,,,0,110,,5283,18,,,0,105,,5289,18,,,0,105,,5290,18,,,0,107,,5287,18,,,0
700,'5307',1013,,5294,18,,,0,430,,5292,18,,,0,263,,5293,18,,,0,216,,5291,18,,,0
700,'5308',1804,,5295,18,,,0
