7201,'4327',1018,,3396,9,,,0,116,,3397,9,,,0,219,,3399,9,,,0,147,,3400,9,,,0,111,,3401,9,,,0,106,,3402,9,,,0,110,,3393,9,,,0
7201,'4332',722,,3405,9,,,0,205,,4968,9,,,0,111,,4970,9,,,0,110,,4969,9,,,0,110,,3414,9,,,0,150,,3417,9,,,0,43,,3418,9,,,0,67,,3419,9,,,0,187,,3421,9,,,0,32,,4971,9,,,0,75,,4972,9,,,0,110,,4974,9,,,0,97,,4973,9,,,0,122,,3409,9,,,0,200,,3411,9,,,0
7201,'4480',716,,3387,9,,,0,36,,3385,9,,,0,75,,3386,9,,,0,185,,4956,9,,,0,111,,4955,9,,,0,35,,3371,9,,,0,295,,3375,9,,,0,150,,4959,9,,,0,219,,3380,9,,,0,111,,4962,9,,,0,105,,4963,9,,,0,100,,3381,9,,,0
7201,'4661',1713,,3388,9,,,0
7201,'4663',1713,,3389,9,,,0
7201,'4673',2237,,4964,9,,,0,100,,4965,9,,,0
7201,'5241',2237,,4966,9,,,0,100,,4967,9,,,0
7201,'5302',755,,4954,9,,,0,152,,3394,9,,,0,331,,3395,9,,,0,704,,3398,9,,,0
7201,'5303',902,,3365,9,,,0,35,,3366,9,,,0,111,,3370,9,,,0,185,,4957,9,,,0,75,,3372,9,,,0,35,,4958,9,,,0,75,,3374,9,,,0,110,,3376,9,,,0,110,,4960,9,,,0,109,,4961,9,,,0,111,,3382,9,,,0
7201,'5304',902,,5677,9,,,0,35,,5678,9,,,0,111,,5680,9,,,0,185,,5679,9,,,0,75,,5681,9,,,0,35,,5682,9,,,0,75,,5683,9,,,0,110,,5684,9,,,0,110,,5685,9,,,0,109,,5686,9,,,0,111,,5687,9,,,0
7201,'5306',832,,5688,9,,,0,173,,5690,9,,,0,108,,5691,9,,,0,110,,5692,9,,,0,118,,5694,9,,,0,260,,5695,9,,,0,27,,5689,9,,,0,219,,5696,9,,,0,394,,5693,9,,,0
7201,'5307',755,,5697,9,,,0,152,,5698,9,,,0,331,,5699,9,,,0,704,,5700,9,,,0
