2000,'4332',1951,,2759,44,,,0,258,,2765,44,,,0,102,,2761,44,,,0
2000,'4480',618,,3977,44,,,0,108,,2747,44,,,0,108,,3978,44,,,0,402,,3972,44,,,0,365,,3975,44,,,0,119,,2742,44,,,0,291,,2744,44,,,0,203,,3976,44,,,0
2001,'4332',2202,,2794,36,,,0,199,,3979,36,,,0
2001,'4480',756,,3988,36,,,0,73,,2777,36,,,0,697,,3985,36,,,0,876,,2774,36,,,0
2001,'4663',1846,,2778,36,,,0,359,,2779,36,,,0
2001,'4673',1846,,2780,36,,,0,359,,2781,36,,,0
2001,'4681',1846,,2782,36,,,0,359,,2783,36,,,0
1002000,'4327',726,,4340,50,,,0,218,,3594,50,,,0,210,,3593,50,,,0,272,,3598,50,,,0,218,,3595,50,,,0,277,,3596,50,,,0
1002000,'4332',650,,4344,50,,,0,152,,3605,50,,,0,110,,3600,50,,,0,107,,3607,50,,,0,115,,3608,50,,,0,106,,3606,50,,,0,100,,4342,50,,,0,112,,3609,50,,,0,158,,4343,50,,,0,110,,4345,50,,,0,125,,3603,50,,,0,264,,4341,50,,,0
1002000,'4480',854,,4347,50,,,0,603,,3585,50,,,0,857,,3589,50,,,0
1002000,'4663',2114,,3590,50,,,0
1002000,'4673',2114,,3591,50,,,0
1002000,'4681',2114,,3592,50,,,0
1002001,'4327',816,,3630,36,,,0,213,,3629,36,,,0,272,,4350,36,,,0,222,,4351,36,,,0,217,,3626,36,,,0,304,,3628,36,,,0
1002001,'4332',740,,4353,36,,,0,113,,4354,36,,,0,152,,3631,36,,,0,111,,4352,36,,,0,103,,4360,36,,,0,117,,4359,36,,,0,110,,3632,36,,,0,104,,4356,36,,,0,156,,3633,36,,,0,109,,4357,36,,,0,124,,4355,36,,,0,102,,4361,36,,,0,259,,4358,36,,,0
1002001,'4480',950,,4364,36,,,0,465,,3617,36,,,0,36,,4366,36,,,0,107,,3619,36,,,0,149,,4367,36,,,0,396,,4369,36,,,0,200,,3624,36,,,0
