3001,'4327',821,,2937,29,,,0,382,,2940,29,,,0,219,,2941,29,,,0,220,,2933,29,,,0,214,,4691,29,,,0,155,,2936,29,,,0
3001,'4332',904,,2952,29,,,0,37,,4706,29,,,0,113,,2951,29,,,0,297,,2943,29,,,0,106,,2950,29,,,0,187,,4704,29,,,0,108,,4702,29,,,0,150,,2947,29,,,0,35,,2949,29,,,0,108,,4708,29,,,0
3001,'4480',644,,4698,29,,,0,86,,4697,29,,,0,78,,2922,29,,,0,18,,2924,29,,,0,16,,2921,29,,,0,58,,2925,29,,,0,51,,2900,29,,,0,75,,2901,29,,,0,75,,2902,29,,,0,35,,2903,29,,,0,76,,2904,29,,,0,35,,2906,29,,,0,75,,2907,29,,,0,36,,2908,29,,,0,75,,4695,29,,,0,76,,2909,29,,,0,37,,2910,29,,,0,108,,2911,29,,,0,148,,2913,29,,,0,110,,2915,29,,,0,35,,2917,29,,,0,406,,2919,29,,,0
3001,'4663',1620,,5524,29,,,0,536,,5525,29,,,0
3001,'4673',2156,,5526,29,,,0
3001,'5302',942,,4692,29,,,0,110,,2931,29,,,0,260,,4693,29,,,0,222,,4694,29,,,0,219,,2935,29,,,0
3001,'5303',917,,2899,29,,,0,703,,2926,29,,,0,108,,2912,29,,,0,109,,2914,29,,,0,218,,2918,29,,,0,101,,4701,29,,,0,97,,4696,29,,,0
3001,'5304',917,,5527,29,,,0,811,,5528,29,,,0,109,,5529,29,,,0,218,,5531,29,,,0,198,,5530,29,,,0
3001,'5305',1620,,5532,29,,,0
3001,'5306',756,,5541,29,,,0,261,,5537,29,,,0,112,,5538,29,,,0,75,,5534,29,,,0,36,,5543,29,,,0,75,,5544,29,,,0,111,,5535,29,,,0,108,,5540,29,,,0,75,,5539,29,,,0,108,,5546,29,,,0,110,,5545,29,,,0,327,,5533,29,,,0,100,,5542,29,,,0,101,,5536,29,,,0
3001,'5307',942,,5548,29,,,0,110,,5547,29,,,0,260,,5550,29,,,0,222,,5551,29,,,0,219,,5549,29,,,0
3001,'5308',2156,,5552,29,,,0
