2001,'4332',917,,5485,9,,,0,88,,2799,9,,,0,105,,4660,9,,,0,127,,5481,9,,,0,115,,5486,9,,,0,102,,5483,9,,,0,147,,2797,9,,,0,104,,5484,9,,,0,111,,2790,9,,,0,324,,2794,9,0,9 10 11,0,199,,5482,9,0,9 10 11,0
2001,'4480',646,,5480,9,,,0,86,,4659,9,0,9 10 11,0,71,,2777,9,0,9 10 11,0,105,,2766,9,,,0,109,,4653,9,,,0,110,,4654,9,,,0,110,,4655,9,,,0,220,,5477,9,0,9 10 11,0,150,,2771,9,,,0,110,,2772,9,,,0,220,,5478,9,,,0,403,,5479,9,0,9 10 11,0
2001,'4661',1823,,5475,9,0,9 10 11,0,319,,5476,9,0,9 10 11,0
2001,'4663',1823,,5473,9,0,9 10 11,0,319,,5474,9,0,9 10 11,0
2501,'4332',823,,4673,9,,,0,220,,5502,10,,,0,215,,5501,10,,,0,545,,4675,9,,,0,230,,5500,10,,,0
2501,'4480',826,,2815,9,,,0,216,,2816,10,,,0,217,,4669,9,,,0,174,,4670,10,,,0,373,,5499,10,,,0
2501,'4661',2031,,4671,9,,,0
2501,'4663',2031,,4672,9,,,0
1002001,'4332',718,,5745,9,,,0,113,,5746,9,,,0,111,,5743,9,,,0,111,,5744,9,,,0,103,,5016,9,,,0,156,,5749,9,,,0,110,,3632,9,,,0,104,,5747,9,,,0,117,,3633,9,,,0,109,,5748,9,,,0,164,,5013,9,,,0,103,,5750,9,,,0,219,,5015,9,,,0
1002001,'4480',721,,5004,9,,,0,111,,5005,9,,,0,94,,5006,9,,,0,126,,5738,9,,,0,150,,5739,9,,,0,110,,3616,9,,,0,35,,5740,9,,,0,75,,5008,9,,,0,110,,5741,9,,,0,110,,5009,9,,,0,112,,5742,9,,,0,148,,3622,9,,,0,138,,5011,9,,,0,201,,3624,9,,,0
