601,'5302',814,,4511,21,,,0,110,,4515,21,,,0,110,,2349,21,,,0,110,,4512,21,,,0,110,,2350,21,,,0,150,,2352,21,,,0,110,,2356,21,,,0,110,,4510,21,,,0,110,,4514,21,,,0,110,,4513,21,,,0,110,,2354,21,,,0
601,'5303',704,,2338,21,,,0,42,,2337,21,,,0,71,,2333,21,,,0,84,,2345,21,,,0,115,,2334,21,,,0,125,,2344,21,,,0,113,,2336,21,,,0,155,,2335,21,,,0,115,,2339,21,,,0,116,,2341,21,,,0,115,,4517,21,,,0,157,,4516,21,,,0,116,,2343,21,,,0,112,,4518,21,,,0,119,,2347,21,,,0,90,,4519,21,,,0
601,'5304',704,,5238,20,,,0,42,,5237,20,,,0,71,,5233,20,,,0,84,,5245,20,,,0,115,,5234,20,,,0,125,,5244,20,,,0,113,,5236,20,,,0,155,,5235,20,,,0,115,,5239,20,,,0,116,,5241,20,,,0,115,,5242,20,,,0,157,,5240,20,,,0,116,,5243,20,,,0,112,,5246,20,,,0,119,,5247,20,,,0,90,,5248,20,,,0
601,'5306',739,,5257,20,,,0,185,,5258,20,,,0,102,,5255,20,,,0,118,,5259,20,,,0,111,,5256,20,,,0,150,,5254,20,,,0,110,,5249,20,,,0,109,,5251,20,,,0,111,,5252,20,,,0,109,,5253,20,,,0,112,,5250,20,,,0,147,,5262,20,,,0,56,,5263,20,,,0,144,,5260,20,,,0,45,,5261,20,,,0
601,'5307',814,,5268,20,,,0,110,,5274,20,,,0,110,,5264,20,,,0,110,,5270,20,,,0,110,,5265,20,,,0,150,,5267,20,,,0,110,,5271,20,,,0,110,,5266,20,,,0,110,,5273,20,,,0,110,,5272,20,,,0,110,,5269,20,,,0
800,'4327',2042,,2505,26,,,0
800,'4663',1617,,5317,26,,,0
800,'4673',1617,,5318,26,,,0
800,'5302',746,,2497,26,,,0,110,,2498,26,,,0,161,,2499,26,,,0,104,,2500,26,,,0,111,,2501,26,,,0,117,,2502,26,,,0,109,,2503,26,,,0,152,,2496,26,,,0,111,,2494,26,,,0,106,,2495,26,,,0,110,,2504,26,,,0
800,'5303',613,,4572,26,,,0,131,,2478,26,,,0,103,,2481,26,,,0,153,,2486,26,,,0,115,,2477,26,,,0,125,,2485,26,,,0,115,,4569,26,,,0,157,,2479,26,,,0,105,,2493,26,,,0,124,,2482,26,,,0,113,,4571,26,,,0,154,,4570,26,,,0,114,,2488,26,,,0,111,,4573,26,,,0,118,,2490,26,,,0
800,'5304',613,,5329,26,,,0,131,,5320,26,,,0,103,,5323,26,,,0,153,,5328,26,,,0,115,,5319,26,,,0,125,,5327,26,,,0,115,,5322,26,,,0,157,,5321,26,,,0,229,,5324,26,,,0,113,,5326,26,,,0,154,,5325,26,,,0,114,,5330,26,,,0,111,,5331,26,,,0,118,,5332,26,,,0
800,'5306',746,,5335,26,,,0,110,,5334,26,,,0,150,,5336,26,,,0,111,,5337,26,,,0,123,,5345,26,,,0,109,,5346,26,,,0,152,,5338,26,,,0,104,,5339,26,,,0,120,,5340,26,,,0,102,,5341,26,,,0,110,,5333,26,,,0,105,,5342,26,,,0,105,,5344,26,,,0,108,,5343,26,,,0
800,'5307',746,,5350,26,,,0,110,,5351,26,,,0,161,,5352,26,,,0,104,,5353,26,,,0,111,,5354,26,,,0,117,,5355,26,,,0,109,,5356,26,,,0,152,,5349,26,,,0,111,,5347,26,,,0,106,,5348,26,,,0,110,,5357,26,,,0
800,'5308',1617,,5358,26,,,0
