2000,'4528',622,,8044,50,,,0,109,,8045,50,,,0,108,,8046,50,,,0,66,,8033,33,,,0,109,,8034,33,,,0,110,,8035,33,,,0,117,,8036,50,,,0,103,,8037,33,,,0,78,,8038,33,,,0,110,,8039,33,,,0,74,,8040,50,,,0,223,,8041,33,,,0,187,,8042,50,,,0,202,,8043,50,,,0
2000,'4532',828,,8056,33,,,0,112,,8055,33,,,0,100,,8057,33,,,0,118,,8047,33,,,0,148,,8048,33,,,0,112,,8050,33,,,0,111,,8051,33,,,0,110,,8049,33,,,0,103,,8053,33,,,0,213,,8052,50,,,0,258,,8058,50,,,0,102,,8054,50,,,0
2000,'4623',1725,,8059,50,,,0
2000,'5221',835,,8060,33,,,0,218,,8063,33,,,0,259,,8062,33,,,0,221,,8064,33,,,0,225,,8061,33,,,0
2000,'5222',1725,,8065,50,,,0
2500,'4528',801,,8095,15,0,5,0,207,,8096,15,,,0,226,,8097,15,0,5,0,125,,8098,15,,,0,373,,8099,15,,,0
2500,'4532',758,,8101,15,0,5,0,250,,8103,15,,,0,215,,8102,15,,,0,515,,8104,15,0,5,0,220,,8100,15,,,0
2500,'5221',758,,8105,15,0,5,0,250,,8106,15,,,0,215,,8107,15,,,0,515,,8108,15,0,5,0,220,,8109,15,,,0
1002000,'4528',646,,8790,39,,,0,108,,8791,39,,,0,185,,8792,39,,,0,220,,8793,39,,,0,150,,8794,39,,,0,330,,8795,39,,,0,113,,8796,39,,,0,152,,8797,39,,,0,214,,8798,56,,,0,200,,8799,56,,,0
1002000,'4532',654,,8805,56,,,0,152,,8806,56,,,0,110,,8801,56,,,0,107,,8808,56,,,0,115,,8809,56,,,0,106,,8807,56,,,0,101,,8802,56,,,0,112,,8810,56,,,0,157,,8803,56,,,0,110,,8811,56,,,0,125,,8804,56,,,0,264,,8800,56,,,0
1002000,'4623',1049,,8812,39,,,0,453,,8813,56,,,0
1002000,'5221',730,,8818,56,,,0,218,,8815,56,,,0,210,,8814,56,,,0,273,,8819,56,,,0,217,,8816,56,,,0,277,,8817,56,,,0
1002000,'5222',1049,,8820,39,,,0,453,,8821,56,,,0
