2501,'4327',838,,3997,21,,,0,220,,3998,22,,,0,255,,2823,22,,,0,505,,2824,21,,,0,230,,2825,22,,,0
2501,'4332',838,,4000,21,,,0,220,,4002,22,,,0,255,,4001,22,,,0,505,,4003,21,,,0,230,,3999,22,,,0
2501,'4480',843,,2815,21,,,0,216,,2816,22,,,0,762,,2819,22,,,0
2501,'5135',2046,,4004,21,,,0
2501,'5214',1316,,2817,21,,,0,135,,2818,22,,,0,595,,2820,21,,,0
2501,'5216',1316,,4005,21,,,0,135,,4006,22,,,0
2501,'5219',2046,,4007,21,,,0
4001,'4327',715,,3226,25,,,0,107,,3214,25,,,0,120,,4191,25,,,0,110,,3223,25,,,0,76,,4188,25,,,0,75,,3210,25,,,0,38,,4185,25,,,0,72,,4186,25,,,0,35,,4193,25,,,0,75,,3211,25,,,0,35,,3219,25,,,0,77,,3215,25,,,0,68,,3218,25,,,0,40,,3209,25,,,0,75,,4192,25,,,0,35,,4190,25,,,0,75,,4194,25,,,0,29,,3212,25,,,0,80,,4187,25,,,0,75,,4189,25,,,0
4001,'4332',713,,3254,25,,,0,43,,3243,25,,,0,74,,3251,25,,,0,74,,3248,25,,,0,37,,3240,25,,,0,77,,4207,25,,,0,36,,4195,25,,,0,75,,4208,25,,,0,76,,4198,25,,,0,35,,3237,25,,,0,75,,3238,25,,,0,36,,3250,25,,,0,75,,3229,25,,,0,31,,3245,25,,,0,78,,3239,25,,,0,75,,4206,25,,,0,35,,4199,25,,,0,73,,4203,25,,,0,35,,4205,25,,,0,75,,4201,25,,,0,74,,4200,25,,,0,35,,4197,25,,,0,75,,3252,25,,,0,34,,4202,25,,,0,74,,4209,25,,,0,35,,4204,25,,,0,100,,4196,25,,,0,101,,3236,25,,,0
4001,'4480',644,,3199,25,,,0,563,,3172,25,,,0,32,,3174,25,,,0,15,,3175,25,,,0,70,,3177,25,,,0,286,,3188,25,,,0,44,,3191,25,,,0,99,,3196,25,,,0,155,,3158,25,,,0,148,,3151,25,,,0,70,,3155,25,,,0
4001,'5135',2027,,4210,25,,,0
4001,'5214',716,,3200,25,,,0,32,,3204,25,,,0,56,,3201,25,,,0,15,,3202,25,,,0,18,,3203,25,,,0,16,,3159,25,,,0,55,,3162,25,,,0,14,,3163,25,,,0,14,,3164,25,,,0,15,,3160,25,,,0,55,,3161,25,,,0,15,,3165,25,,,0,15,,3166,25,,,0,15,,3167,25,,,0,55,,3168,25,,,0,15,,3169,25,,,0,15,,3170,25,,,0,16,,3171,25,,,0,72,,3173,25,,,0,85,,3176,25,,,0,30,,3178,25,,,0,15,,3179,25,,,0,56,,3180,25,,,0,15,,3181,25,,,0,15,,3182,25,,,0,15,,3183,25,,,0,55,,3184,25,,,0,15,,3185,25,,,0,15,,3186,25,,,0,15,,3187,25,,,0,70,,3189,25,,,0,15,,3190,25,,,0,68,,3192,25,,,0,15,,3205,25,,,0,15,,3195,25,,,0,69,,3193,25,,,0,15,,3194,25,,,0,15,,3197,25,,,0,15,,3198,25,,,0,76,,3157,25,,,0,20,,3152,25,,,0,60,,3156,25,,,0,19,,3206,25,,,0,129,,3150,25,,,0,69,,3154,25,,,0,29,,3149,25,,,0,70,,3153,25,,,0,30,,3148,25,,,0
4001,'5216',716,,4252,25,,,0,32,,4256,25,,,0,56,,4253,25,,,0,15,,4254,25,,,0,18,,4255,25,,,0,16,,4219,25,,,0,55,,4222,25,,,0,14,,4223,25,,,0,14,,4224,25,,,0,15,,4220,25,,,0,55,,4221,25,,,0,15,,4225,25,,,0,15,,4226,25,,,0,15,,4227,25,,,0,55,,4228,25,,,0,15,,4229,25,,,0,15,,4230,25,,,0,16,,4231,25,,,0,72,,4232,25,,,0,85,,4233,25,,,0,30,,4234,25,,,0,15,,4235,25,,,0,56,,4236,25,,,0,15,,4237,25,,,0,15,,4238,25,,,0,15,,4239,25,,,0,55,,4240,25,,,0,15,,4241,25,,,0,15,,4242,25,,,0,15,,4243,25,,,0,70,,4244,25,,,0,15,,4245,25,,,0,68,,4246,25,,,0,15,,4257,25,,,0,15,,4249,25,,,0,69,,4247,25,,,0,15,,4248,25,,,0,15,,4250,25,,,0,15,,4251,25,,,0,76,,4218,25,,,0,20,,4214,25,,,0,60,,4217,25,,,0,148,,4213,25,,,0,69,,4216,25,,,0,29,,4212,25,,,0,70,,4215,25,,,0,30,,4211,25,,,0
4001,'5219',2027,,4258,25,,,0
