3000,'4327',731,,2869,32,,,0,117,,4678,32,,,0,106,,4677,32,,,0,147,,2872,32,,,0,114,,2863,32,,,0,110,,2865,32,,,0,110,,2871,32,,,0,109,,2866,32,,,0,110,,4676,32,,,0,150,,2864,32,,,0
3000,'4332',811,,2896,32,,,0,37,,4687,32,,,0,72,,2887,32,,,0,34,,4686,32,,,0,184,,2895,32,,,0,76,,2894,32,,,0,110,,2881,32,,,0,35,,2876,32,,,0,75,,4685,32,,,0,75,,2890,32,,,0,38,,4683,32,,,0,106,,2884,32,,,0,150,,2883,32,,,0,298,,2878,32,,,0,104,,4690,32,,,0
3000,'4480',636,,4680,32,,,0,92,,2855,32,,,0,18,,2850,32,,,0,58,,2856,32,,,0,34,,2857,32,,,0,18,,2851,32,,,0,74,,2832,32,,,0,75,,2833,32,,,0,35,,2834,32,,,0,75,,2835,32,,,0,35,,2836,32,,,0,75,,2837,32,,,0,75,,2838,32,,,0,34,,2839,32,,,0,74,,2840,32,,,0,36,,2841,32,,,0,111,,2842,32,,,0,150,,2843,32,,,0,114,,2844,32,,,0,35,,2845,32,,,0,251,,4679,32,,,0,202,,2849,32,,,0
3000,'4663',1520,,5506,32,,,0,224,,5507,32,,,0
3000,'4673',1630,,4681,32,,,0
3000,'5241',1630,,4682,32,,,0
3000,'5302',1914,,2870,32,,,0
3000,'5303',711,,2854,32,,,0,110,,2853,32,,,0,699,,2858,32,,,0,224,,2859,32,,,0,259,,2846,32,,,0,203,,2848,32,,,0
3000,'5304',711,,5511,32,,,0,110,,5510,32,,,0,1182,,5508,32,,,0,203,,5509,32,,,0
3000,'5305',1520,,5512,32,,,0,224,,5513,32,,,0
3000,'5306',705,,5519,32,,,0,326,,5518,32,,,0,72,,5517,32,,,0,146,,5522,32,,,0,369,,5521,32,,,0,114,,5514,32,,,0,107,,5515,32,,,0,110,,5520,32,,,0,355,,5516,32,,,0
3000,'5307',1914,,5523,32,,,0
