3001,'4327',810,,2937,15,,,0,342,,2940,15,,,0,259,,2941,15,,,0,221,,2933,15,,,0,214,,4691,15,,,0,155,,2936,15,,,0
3001,'4332',853,,2952,15,,,0,77,,4706,15,,,0,113,,2951,15,,,0,297,,2943,15,,,0,106,,2950,15,,,0,188,,4704,15,,,0,108,,4702,15,,,0,110,,2947,15,,,0,75,,2949,15,,,0,108,,4708,15,,,0
3001,'4480',634,,4698,15,,,0,85,,4697,15,,,0,37,,2922,15,,,0,58,,2924,15,,,0,17,,2921,15,,,0,18,,2925,15,,,0,91,,2900,15,,,0,75,,2901,15,,,0,35,,2902,15,,,0,75,,2903,15,,,0,76,,2904,15,,,0,35,,2906,15,,,0,75,,2907,15,,,0,35,,2908,15,,,0,75,,4695,15,,,0,36,,2909,15,,,0,77,,2910,15,,,0,108,,2911,15,,,0,109,,2913,15,,,0,150,,2915,15,,,0,35,,2917,15,,,0,407,,2919,15,,,0
3001,'4663',1608,,5524,15,,,0,538,,5525,15,,,0
3001,'4673',2146,,5526,15,,,0
3001,'5302',931,,4692,15,,,0,110,,2931,15,,,0,260,,4693,15,,,0,222,,4694,15,,,0,220,,2935,15,,,0
3001,'5303',906,,2899,15,,,0,702,,2926,15,,,0,109,,2912,15,,,0,109,,2914,15,,,0,219,,2918,15,,,0,101,,4701,15,,,0,97,,4696,15,,,0
3001,'5304',906,,5527,15,,,0,811,,5528,15,,,0,109,,5529,15,,,0,219,,5531,15,,,0,198,,5530,15,,,0
3001,'5305',1608,,5532,15,,,0
3001,'5306',745,,5541,15,,,0,261,,5537,15,,,0,112,,5538,15,,,0,35,,5534,15,,,0,76,,5543,15,,,0,75,,5544,15,,,0,111,,5535,15,,,0,108,,5540,15,,,0,35,,5539,15,,,0,149,,5546,15,,,0,110,,5545,15,,,0,327,,5533,15,,,0,100,,5542,15,,,0,102,,5536,15,,,0
3001,'5307',931,,5548,15,,,0,110,,5547,15,,,0,260,,5550,15,,,0,222,,5551,15,,,0,220,,5549,15,,,0
3001,'5308',2146,,5552,15,,,0
