3001,'4327',817,,2937,23,,,0,342,,2940,23,,,0,259,,2941,23,,,0,221,,2933,23,,,0,214,,4691,23,,,0,155,,2936,23,,,0
3001,'4332',900,,2952,23,,,0,37,,4706,23,,,0,113,,2951,23,,,0,297,,2943,23,,,0,106,,2950,23,,,0,188,,4704,23,,,0,108,,4702,23,,,0,110,,2947,23,,,0,75,,2949,23,,,0,108,,4708,23,,,0
3001,'4480',640,,4698,23,,,0,86,,4697,23,,,0,78,,2922,23,,,0,18,,2924,23,,,0,16,,2921,23,,,0,18,,2925,23,,,0,91,,2900,23,,,0,75,,2901,23,,,0,35,,2902,23,,,0,75,,2903,23,,,0,76,,2904,23,,,0,35,,2906,23,,,0,75,,2907,23,,,0,36,,2908,23,,,0,75,,4695,23,,,0,76,,2909,23,,,0,37,,2910,23,,,0,108,,2911,23,,,0,108,,2913,23,,,0,150,,2915,23,,,0,35,,2917,23,,,0,406,,2919,23,,,0
3001,'4663',1616,,5524,23,,,0,536,,5525,23,,,0
3001,'4673',2152,,5526,23,,,0
3001,'5302',938,,4692,23,,,0,110,,2931,23,,,0,260,,4693,23,,,0,222,,4694,23,,,0,220,,2935,23,,,0
3001,'5303',913,,2899,23,,,0,703,,2926,23,,,0,108,,2912,23,,,0,109,,2914,23,,,0,218,,2918,23,,,0,101,,4701,23,,,0,97,,4696,23,,,0
3001,'5304',913,,5527,23,,,0,811,,5528,23,,,0,109,,5529,23,,,0,218,,5531,23,,,0,198,,5530,23,,,0
3001,'5305',1616,,5532,23,,,0
3001,'5306',752,,5541,23,,,0,261,,5537,23,,,0,112,,5538,23,,,0,75,,5534,23,,,0,36,,5543,23,,,0,75,,5544,23,,,0,111,,5535,23,,,0,108,,5540,23,,,0,75,,5539,23,,,0,109,,5546,23,,,0,110,,5545,23,,,0,327,,5533,23,,,0,100,,5542,23,,,0,101,,5536,23,,,0
3001,'5307',938,,5548,23,,,0,110,,5547,23,,,0,260,,5550,23,,,0,222,,5551,23,,,0,220,,5549,23,,,0
3001,'5308',2152,,5552,23,,,0
