7000,'4327',912,,3269,1,,,0,188,,4920,1,,,0,133,,3266,1,,,0,307,,3267,1,,,0,360,,4921,1,,,0
7000,'4332',812,,4263,1,,,0,100,,3273,1,,,0,188,,3275,1,,,0,133,,3271,1,,,0,307,,4925,1,,,0,168,,3270,1,,,0,192,,4926,1,,,0,150,,3276,1,,,0
7000,'4480',619,,3258,1,,,0,105,,4922,1,,,0,190,,3259,1,,,0,329,,3257,1,,,0,284,,3261,1,,,0,200,,3260,1,,,0
7000,'4663',2000,,3263,1,,,0,102,,3262,1,,,0
7000,'4673',1853,,4923,1,,,0
7000,'5241',1853,,4924,1,,,0
7001,'4327',858,,3292,10,4,,0,188,,4927,10,4,,0,163,,3288,10,4,,0,312,,3290,10,4,,0,323,,4928,10,4,,0
7001,'4332',757,,4271,10,4,,0,101,,3296,10,4,,0,188,,3298,10,4,,0,163,,3294,10,4,,0,312,,4932,10,4,,0,134,,3293,10,4,,0,189,,4933,10,4,,0,189,,3299,10,4,,0
7001,'4480',610,,3280,10,4,,0,105,,4929,10,4,,0,192,,3281,10,4,,0,325,,3283,10,4,,0,288,,3284,10,4,,0,196,,3282,10,4,,0
7001,'4663',1947,,3285,10,4,,0,102,,3286,10,4,,0
7001,'4673',1846,,4930,10,4,,0
7001,'5241',1846,,4931,10,4,,0
