4000,'4327',746,,4742,46,,,0,264,,4739,46,,,0,192,,4737,46,,,0,138,,4751,46,,,0,110,,4743,46,,,0,150,,4740,46,,,0,35,,4748,46,,,0,75,,4747,46,,,0,35,,4754,46,,,0,75,,4738,46,,,0,35,,4749,46,,,0,74,,4744,46,,,0,75,,4753,46,,,0
4000,'4332',721,,4839,46,,,0,32,,4844,46,,,0,151,,4824,46,,,0,33,,4840,46,,,0,74,,4821,46,,,0,37,,4837,46,,,0,108,,4828,46,,,0,151,,4820,46,,,0,35,,4825,46,,,0,75,,4829,46,,,0,35,,4838,46,,,0,152,,4827,46,,,0,107,,4842,46,,,0,39,,4841,46,,,0,71,,4830,46,,,0,185,,4823,46,,,0,36,,4846,46,,,0,75,,4835,46,,,0
4000,'4480',639,,4804,46,,,0,70,,4805,46,,,0,16,,4812,46,,,0,14,,4806,46,,,0,15,,4807,46,,,0,57,,4808,46,,,0,30,,4811,46,,,0,15,,4762,46,,,0,55,,4763,46,,,0,15,,4764,46,,,0,15,,4765,46,,,0,15,,4766,46,,,0,55,,4767,46,,,0,15,,4768,46,,,0,30,,4770,46,,,0,54,,4771,46,,,0,15,,4772,46,,,0,31,,4774,46,,,0,55,,4775,46,,,0,15,,4776,46,,,0,30,,4778,46,,,0,55,,4779,46,,,0,15,,4780,46,,,0,15,,4781,46,,,0,15,,4782,46,,,0,55,,4783,46,,,0,15,,4784,46,,,0,14,,4785,46,,,0,15,,4786,46,,,0,55,,4787,46,,,0,15,,4788,46,,,0,15,,4789,46,,,0,70,,4792,46,,,0,30,,4794,46,,,0,15,,4795,46,,,0,87,,4798,46,,,0,15,,4796,46,,,0,72,,4800,46,,,0,20,,4801,46,,,0,60,,4802,46,,,0,312,,4758,46,,,0,29,,4761,46,,,0,71,,4757,46,,,0
4000,'4663',2050,,5581,46,,,0
4000,'4673',1930,,4816,46,,,0,120,,5582,46,,,0,101,,4815,46,,,0
4000,'5241',1930,,4819,46,,,0,221,,4818,46,,,0
4000,'5302',903,,4752,46,,,0,142,,4755,46,,,0,72,,4741,46,,,0,113,,4756,46,,,0,75,,4750,46,,,0,110,,4746,46,,,0,108,,4745,46,,,0
4000,'5303',826,,4809,46,,,0,215,,4769,46,,,0,100,,4773,46,,,0,100,,4777,46,,,0,314,,4790,46,,,0,70,,4793,46,,,0,87,,4797,46,,,0,15,,4791,46,,,0,85,,4799,46,,,0,138,,4803,46,,,0,70,,4760,46,,,0,30,,4817,46,,,0,72,,4759,46,,,0
4000,'5304',826,,5594,46,,,0,215,,5585,46,,,0,100,,5586,46,,,0,100,,5587,46,,,0,314,,5588,46,,,0,70,,5590,46,,,0,87,,5591,46,,,0,15,,5589,46,,,0,85,,5592,46,,,0,138,,5593,46,,,0,70,,5584,46,,,0,102,,5583,46,,,0
4000,'5306',827,,5598,46,,,0,294,,5595,46,,,0,110,,5597,46,,,0,296,,5602,46,,,0,109,,5599,46,,,0,221,,5600,46,,,0,74,,5603,46,,,0,290,,5596,46,,,0,99,,5601,46,,,0
4000,'5307',903,,5608,46,,,0,142,,5609,46,,,0,72,,5604,46,,,0,113,,5610,46,,,0,75,,5607,46,,,0,110,,5606,46,,,0,108,,5605,46,,,0
4000,'5308',2050,,5611,46,,,0
