900,'4327',815,,2590,2,,,0,102,,2587,2,,,0,133,,2593,2,,,0,163,,2589,2,,,0,129,,2594,2,,,0,100,,2585,2,,,0,169,,3908,2,,,0,134,,2588,2,,,0,164,,3909,2,,,0,120,,2591,2,,,0
900,'4332',730,,3910,2,,,0,100,,3911,2,,,0,81,,2598,2,,,0,98,,2603,2,,,0,44,,2600,2,,,0,173,,2599,2,,,0,108,,2608,2,,,0,72,,2602,2,,,0,40,,3912,2,,,0,66,,2609,2,,,0,31,,3914,2,,,0,106,,2596,2,,,0,101,,3913,2,,,0,155,,2607,2,,,0,97,,2606,2,,,0
900,'4480',603,,2583,2,,,0,100,,2582,2,,,0,30,,2580,2,,,0,71,,2581,2,,,0,34,,2576,2,,,0,162,,2564,2,,,0,104,,2563,2,,,0,196,,2584,2,,,0,219,,2569,2,,,0,115,,2572,2,,,0,268,,2575,2,,,0,103,,2577,2,,,0,96,,2578,2,,,0,99,,2579,2,,,0
900,'5214',904,,2565,2,,,0,297,,2566,2,,,0,148,,2568,2,,,0,85,,2567,2,,,0,169,,2571,2,,,0,103,,2570,2,,,0,30,,2573,2,,,0,74,,2574,2,,,0
900,'5216',904,,3915,2,,,0,297,,3916,2,,,0,148,,3918,2,,,0,85,,3917,2,,,0,169,,3920,2,,,0,103,,3919,2,,,0,30,,3921,2,,,0,74,,3922,2,,,0
9801,'4332',710,,3532,2,,,0,98,,3533,2,,,0,108,,3535,2,,,0,112,,3534,2,,,0,119,,3537,2,,,0,94,,3536,2,,,0,109,,3538,2,,,0,99,,3539,2,,,0,97,,3540,2,,,0,102,,3541,2,,,0,101,,3542,2,,,0
9801,'4480',738,,3529,2,,,0,96,,3528,2,,,0,103,,3531,2,,,0,101,,3527,2,,,0,199,,3526,2,,,0,97,,3524,2,,,0,105,,3525,2,,,0,96,,3522,2,,,0,105,,3530,2,,,0,98,,3523,2,,,0
9901,'4327',905,,3551,2,,,0,748,,3552,2,,,0
9901,'4332',900,,3554,2,,,0,755,,3553,2,,,0
9901,'4480',911,,3550,2,,,0,794,,3549,2,,,0
