2001,'4327',919,,2784,23,,,0,227,,2786,23,,,0,692,,2788,23,,,0
2001,'4332',1017,,2799,23,,,0,105,,4660,23,,,0,492,,2797,23,,,0,213,,2790,23,,,0,377,,2794,40,,,0
2001,'4480',759,,4659,40,,,0,73,,2777,40,,,0,87,,2766,23,,,0,109,,4653,23,,,0,110,,4654,23,,,0,111,,4655,23,,,0,370,,2771,23,,,0,110,,2772,23,,,0
2001,'4663',1849,,5473,40,,,0,358,,5474,40,,,0
2001,'4673',1849,,5475,40,,,0,358,,5476,40,,,0
2001,'5302',1405,,2785,23,,,0,209,,2787,23,,,0
2001,'5303',657,,4658,23,,,0,872,,4656,40,,,0,320,,2782,40,,,0,99,,4657,23,,,0,259,,2783,40,,,0,197,,2774,40,,,0
2001,'5304',657,,5480,23,,,0,872,,5477,40,,,0,419,,5478,23,,,0,456,,5479,40,,,0
2001,'5306',929,,5485,23,,,0,321,,5481,23,,,0,155,,5486,23,,,0,102,,5483,23,,,0,210,,5484,23,,,0,686,,5482,40,,,0
2001,'5307',1405,,5487,23,,,0,209,,5488,23,,,0
2001,'5308',1849,,5489,40,,,0,358,,5490,40,,,0
1002001,'4327',818,,3630,40,,,0,485,,5002,40,,,0,222,,5003,40,,,0,217,,3626,40,,,0
1002001,'4332',1221,,5016,40,,,0,227,,3632,40,,,0,260,,3633,40,,,0,233,,5013,40,,,0,361,,5015,40,,,0
1002001,'4480',732,,5004,23,,,0,111,,5005,23,,,0,110,,5006,40,,,0,371,,3616,23,,,0,130,,5008,40,,,0,256,,5009,40,,,0,203,,3622,23,,,0,192,,5011,40,,,0,200,,3624,40,,,0
1002001,'5302',1031,,3629,40,,,0,1015,,3628,40,,,0
1002001,'5303',1103,,3614,23,,,0,110,,5007,23,,,0,205,,3617,40,,,0,183,,3619,40,,,0,204,,5010,23,,,0
1002001,'5304',1103,,5738,23,,,0,110,,5739,23,,,0,205,,5740,40,,,0,183,,5741,40,,,0,204,,5742,23,,,0
1002001,'5306',742,,5745,40,,,0,113,,5746,40,,,0,152,,5743,40,,,0,111,,5744,40,,,0,220,,5749,40,,,0,214,,5747,40,,,0,265,,5748,40,,,0,226,,5750,40,,,0
1002001,'5307',1031,,5752,40,,,0,1015,,5751,40,,,0
