7200,'4327',732,,3339,18,,,0,323,,3333,18,,,0,160,,3332,18,,,0,219,,3335,18,,,0,102,,3336,18,,,0,114,,3337,18,,,0,150,,3338,18,,,0,110,,3330,18,,,0
7200,'4332',713,,3363,18,,,0,95,,3340,18,,,0,48,,3348,18,,,0,149,,4947,18,,,0,110,,4948,18,,,0,110,,4949,18,,,0,110,,3352,18,,,0,110,,3354,18,,,0,84,,3355,18,,,0,26,,3356,18,,,0,188,,3358,18,,,0,72,,4950,18,,,0,35,,4951,18,,,0,108,,4952,18,,,0,156,,4953,18,,,0,102,,3346,18,,,0
7200,'4480',647,,3325,18,,,0,75,,4944,18,,,0,33,,3323,18,,,0,77,,3322,18,,,0,74,,3302,18,,,0,144,,4935,18,,,0,150,,4936,18,,,0,35,,3308,18,,,0,297,,3313,18,,,0,109,,4939,18,,,0,264,,3318,18,,,0,112,,4942,18,,,0,102,,4943,18,,,0,100,,3321,18,,,0
7200,'4661',1753,,3326,18,,,0
7200,'4663',1753,,3327,18,,,0
7200,'4673',2319,,4945,18,,,0
7200,'5241',2319,,4946,18,,,0
7200,'5302',837,,4934,18,,,0,113,,3331,18,,,0,364,,3334,18,,,0
7200,'5303',940,,3303,18,,,0,75,,3304,18,,,0,110,,3306,18,,,0,185,,4937,18,,,0,35,,3310,18,,,0,77,,4938,18,,,0,35,,3312,18,,,0,149,,3314,18,,,0,110,,4940,18,,,0,114,,4941,18,,,0
7200,'5304',940,,5656,18,,,0,75,,5657,18,,,0,110,,5658,18,,,0,185,,5659,18,,,0,35,,5660,18,,,0,77,,5661,18,,,0,35,,5662,18,,,0,149,,5663,18,,,0,110,,5664,18,,,0,114,,5665,18,,,0
7200,'5306',917,,5666,18,,,0,124,,5668,18,,,0,117,,5669,18,,,0,149,,5670,18,,,0,111,,5672,18,,,0,221,,5673,18,,,0,66,,5667,18,,,0,611,,5671,18,,,0
7200,'5307',837,,5674,18,,,0,113,,5675,18,,,0,364,,5676,18,,,0
