4000,'4327',711,,4742,8,,,0,223,,4739,8,,,0,192,,4737,8,,,0,177,,4751,8,,,0,110,,4743,8,,,0,110,,4740,8,,,0,35,,4748,8,,,0,75,,4747,8,,,0,75,,4754,8,,,0,35,,4738,8,,,0,75,,4749,8,,,0,35,,4744,8,,,0,75,,4753,8,,,0
4000,'4332',645,,4839,8,,,0,71,,4844,8,,,0,111,,4824,8,,,0,32,,4840,8,,,0,74,,4821,8,,,0,77,,4837,8,,,0,106,,4828,8,,,0,110,,4820,8,,,0,75,,4825,8,,,0,35,,4829,8,,,0,75,,4838,8,,,0,113,,4827,8,,,0,107,,4842,8,,,0,79,,4841,8,,,0,31,,4830,8,,,0,186,,4823,8,,,0,78,,4846,8,,,0,35,,4835,8,,,0
4000,'4480',604,,4804,8,,,0,29,,4805,8,,,0,15,,4812,8,,,0,53,,4806,8,,,0,15,,4807,8,,,0,14,,4808,8,,,0,16,,4810,8,0,6 7,0,12,,4811,8,,,0,57,,4762,8,,,0,15,,4763,8,,,0,16,,4764,8,,,0,55,,4765,8,,,0,15,,4766,8,,,0,17,,4767,8,,,0,15,,4768,8,,,0,70,,4770,8,,,0,13,,4771,8,,,0,14,,4772,8,,,0,71,,4774,8,,,0,15,,4775,8,,,0,14,,4776,8,,,0,70,,4778,8,,,0,15,,4779,8,,,0,15,,4780,8,,,0,14,,4781,8,,,0,54,,4782,8,,,0,15,,4783,8,,,0,15,,4784,8,,,0,13,,4785,8,,,0,55,,4786,8,,,0,14,,4787,8,,,0,16,,4788,8,,,0,15,,4789,8,,,0,69,,4792,8,,,0,32,,4794,8,,,0,53,,4795,8,,,0,90,,4798,8,,,0,16,,4796,8,,,0,32,,4800,8,,,0,60,,4801,8,,,0,20,,4802,8,,,0,318,,4758,8,,,0,70,,4761,8,,,0,31,,4757,8,,,0
4000,'4663',2013,,5581,8,,,0
4000,'4673',1850,,4816,8,,,0,163,,5582,8,,,0,102,,4815,8,,,0
4000,'5241',1850,,4819,8,,,0,265,,4818,8,,,0
4000,'5302',828,,4752,8,,,0,181,,4755,8,,,0,32,,4741,8,,,0,113,,4756,8,,,0,75,,4750,8,,,0,109,,4746,8,,,0,108,,4745,8,,,0
4000,'5303',742,,4809,8,,,0,261,,4769,8,,,0,98,,4773,8,,,0,99,,4777,8,,,0,310,,4790,8,,,0,32,,4793,8,,,0,85,,4797,8,,,0,16,,4791,8,,,0,88,,4799,8,,,0,179,,4803,8,,,0,32,,4760,8,,,0,71,,4817,8,,,0,32,,4759,8,,,0
4000,'5304',742,,5594,8,,,0,261,,5585,8,,,0,98,,5586,8,,,0,99,,5587,8,,,0,310,,5588,8,,,0,32,,5590,8,,,0,85,,5591,8,,,0,16,,5589,8,,,0,88,,5592,8,,,0,179,,5593,8,,,0,32,,5584,8,,,0,103,,5583,8,,,0
4000,'5306',750,,5598,8,,,0,292,,5595,8,,,0,109,,5597,8,,,0,295,,5602,8,,,0,110,,5599,8,,,0,261,,5600,8,,,0,35,,5603,8,,,0,292,,5596,8,,,0,99,,5601,8,,,0
4000,'5307',828,,5608,8,,,0,181,,5609,8,,,0,32,,5604,8,,,0,113,,5610,8,,,0,75,,5607,8,,,0,109,,5606,8,,,0,108,,5605,8,,,0
4000,'5308',2013,,5611,8,,,0
