3001,'4327',802,,2937,7,,,0,342,,2940,7,,,0,259,,2941,7,,,0,221,,2933,7,,,0,214,,4691,7,,,0,115,,2936,7,,,0
3001,'4332',845,,2952,7,,,0,77,,4706,7,,,0,113,,2951,7,,,0,297,,2943,7,,,0,106,,2950,7,,,0,188,,4704,7,,,0,108,,4702,7,,,0,111,,2947,7,,,0,75,,2949,7,,,0,108,,4708,7,,,0
3001,'4480',626,,4698,7,,,0,85,,4697,7,,,0,37,,2922,7,,,0,58,,2924,7,,,0,17,,2921,7,,,0,18,,2925,7,,,0,91,,2900,7,,,0,75,,2901,7,,,0,35,,2902,7,,,0,75,,2903,7,,,0,35,,2904,7,,,0,75,,2906,7,,,0,75,,2907,7,,,0,35,,2908,7,,,0,75,,4695,7,,,0,36,,2909,7,,,0,77,,2910,7,,,0,109,,2911,7,,,0,110,,2913,7,,,0,110,,2915,7,,,0,75,,2917,7,,,0,407,,2919,7,,,0
3001,'4663',1559,,5524,7,,,0,580,,5525,7,,,0
3001,'4673',2139,,5526,7,,,0
3001,'5302',923,,4692,7,,,0,110,,2931,7,,,0,220,,4693,7,,,0,262,,4694,7,,,0,220,,2935,7,,,0
3001,'5303',858,,2899,7,,,0,701,,2926,7,,,0,150,,2912,7,,,0,110,,2914,7,,,0,219,,2918,7,,,0,101,,4701,7,,,0,97,,4696,7,,,0
3001,'5304',858,,5527,7,,,0,851,,5528,7,,,0,110,,5529,7,,,0,219,,5531,7,,,0,198,,5530,7,,,0
3001,'5305',1559,,5532,7,,,0
3001,'5306',737,,5541,7,,,0,221,,5537,7,,,0,152,,5538,7,,,0,35,,5534,7,,,0,76,,5543,7,,,0,35,,5544,7,,,0,151,,5535,7,,,0,108,,5540,7,,,0,35,,5539,7,,,0,109,,5546,7,,,0,151,,5545,7,,,0,327,,5533,7,,,0,100,,5542,7,,,0,102,,5536,7,,,0
3001,'5307',923,,5548,7,,,0,110,,5547,7,,,0,220,,5550,7,,,0,262,,5551,7,,,0,220,,5549,7,,,0
3001,'5308',2139,,5552,7,,,0
