2000,'4332',2158,,2765,30,0,9 12 2 5,0,142,,2761,30,0,9 12 2 5,0
2000,'4480',607,,4649,30,0,9 12 2 5,0,108,,2747,30,0,9 12 2 5,0,107,,4650,30,0,9 12 2 5,0,402,,4644,30,0,9 12 2 5,0,323,,4647,30,0,9 12 2 5,0,160,,2742,30,0,9 12 2 5,0,293,,2744,30,0,9 12 2 5,0,203,,4648,30,0,9 12 2 5,0
2000,'5306',1940,,5468,30,0,9 12 2 5,0
2001,'4332',2152,,2794,22,0,9 10 11,0
2001,'4480',744,,4659,22,0,9 10 11,0,73,,2777,22,0,9 10 11,0
2001,'4663',1835,,5473,22,0,9 10 11,0,319,,5474,22,0,9 10 11,0
2001,'4673',1835,,5475,22,0,9 10 11,0,319,,5476,22,0,9 10 11,0
2001,'5303',1512,,4656,22,0,9 10 11,0,323,,2782,22,0,9 10 11,0,319,,2783,22,0,9 10 11,0,197,,2774,22,0,9 10 11,0
2001,'5304',1512,,5477,22,0,9 10 11,0,839,,5479,22,0,9 10 11,0
2001,'5306',2351,,5482,22,0,9 10 11,0
2001,'5308',1835,,5489,22,0,9 10 11,0,319,,5490,22,0,9 10 11,0
9200,'4663',1415,,5709,26,,,0,2,,5710,26,,,0
9200,'4673',1534,,4987,26,,,0,2,,4986,26,,,0
9200,'5303',1436,,4988,26,,,0,2,,3500,26,,,0
9200,'5308',1436,,5711,26,,,0,2,,5712,26,,,0
1002000,'4327',933,,3594,36,,,0,482,,3598,36,,,0,495,,3596,36,,,0
1002000,'4332',1008,,3607,36,,,0,221,,3606,36,,,0,212,,3609,36,,,0,393,,3603,36,,,0
1002000,'4480',842,,4997,36,,,0,1461,,3589,36,,,0
1002000,'4663',2103,,5719,36,,,0
1002000,'4673',2103,,5720,36,,,0
1002000,'5302',715,,4995,36,,,0,428,,3593,36,,,0,490,,3595,36,,,0
1002000,'5303',1443,,3585,36,,,0,660,,3592,36,,,0
1002000,'5304',1443,,5725,36,,,0
1002000,'5306',639,,5730,36,,,0,112,,5731,36,,,0,150,,5727,36,,,0,222,,5732,36,,,0,206,,5728,36,,,0,230,,5729,36,,,0,150,,5733,36,,,0,349,,5726,36,,,0
1002000,'5307',715,,5736,36,,,0,428,,5734,36,,,0,490,,5735,36,,,0
1002000,'5308',2103,,5737,36,,,0
1002001,'4327',806,,3630,22,,,0,444,,5002,22,,,0,262,,5003,22,,,0,217,,3626,22,,,0
1002001,'4332',1208,,5016,22,,,0,227,,3632,22,,,0,220,,3633,22,,,0,273,,5013,22,,,0,322,,5015,22,,,0
1002001,'4480',938,,5006,22,,,0,499,,5008,22,,,0,218,,5009,22,,,0,397,,5011,22,,,0,200,,3624,22,,,0
1002001,'5302',1018,,3629,22,,,0,1016,,3628,22,,,0
1002001,'5303',1402,,3617,22,,,0,144,,3619,22,,,0
1002001,'5304',1402,,5740,22,,,0,144,,5741,22,,,0
1002001,'5306',730,,5745,22,,,0,113,,5746,22,,,0,111,,5743,22,,,0,151,,5744,22,,,0,220,,5749,22,,,0,214,,5747,22,,,0,265,,5748,22,,,0,227,,5750,22,,,0
1002001,'5307',1018,,5752,22,,,0,1016,,5751,22,,,0
