501,'4663',1511,,5137,3,,,0,95,,5139,15,,,0,119,,5140,15,,,0,115,,5138,15,,,0
501,'4673',1511,,5141,3,,,0,95,,5142,15,,,0,119,,5143,15,,,0
501,'5302',843,,2264,16,,,0,110,,4480,16,,,0,152,,4478,16,,,0,100,,4479,16,,,0,130,,4481,16,,,0,104,,2263,16,,,0,116,,2270,16,,,0,150,,2269,16,,,0,110,,2271,16,,,0,110,,2267,16,,,0,110,,2265,16,,,0
501,'5303',654,,2241,16,,,0,151,,2245,16,,,0,110,,2237,16,,,0,110,,2242,16,,,0,101,,2239,16,,,0,99,,2240,16,,,0,128,,4483,16,,,0,98,,4482,16,,,0,60,,4492,3,,,0,95,,4493,16,,,0,119,,4494,16,,,0,115,,2250,16,,,0,115,,2243,16,,,0,149,,4484,16,,,0,109,,2246,16,,,0,89,,2248,16,,,0,54,,4485,3,,,0
501,'5304',654,,5148,15,,,0,151,,5152,15,,,0,110,,5144,15,,,0,110,,5149,15,,,0,101,,5146,15,,,0,99,,5147,15,,,0,128,,5151,15,,,0,98,,5145,15,,,0,504,,5150,15,,,0,149,,5154,15,,,0,109,,5153,15,,,0,89,,5155,15,,,0,54,,5156,3,,,0
501,'5305',1840,,5157,15,,,0
501,'5306',756,,5160,15,,,0,196,,5161,15,,,0,150,,5162,15,,,0,116,,5163,15,,,0,117,,5164,15,,,0,109,,5165,15,,,0,110,,5166,15,,,0,149,,5167,15,,,0,112,,5168,15,,,0,109,,5169,15,,,0,105,,5170,15,,,0,107,,5171,15,,,0,109,,5159,15,,,0,110,,5158,3,,,0
501,'5307',843,,5175,15,,,0,110,,5177,15,,,0,152,,5172,15,,,0,100,,5173,15,,,0,130,,5179,15,,,0,104,,5174,15,,,0,116,,5181,15,,,0,150,,5180,15,,,0,110,,5182,15,,,0,110,,5178,15,,,0,110,,5176,15,,,0
501,'5308',1511,,5183,3,,,0,95,,5184,15,,,0,119,,5185,15,,,0
1501,'4327',1304,,4628,3,,,0,330,,4627,3,,,0
1501,'4480',833,,2698,3,,,0,70,,2699,3,,,0,30,,2700,3,,,0,70,,2697,3,,,0,30,,4634,3,,,0,70,,4635,3,,,0,29,,4636,3,,,0,71,,4637,3,,,0,130,,2705,3,,,0,770,,4639,3,,,0
1501,'4663',1953,,5438,3,,,0
1501,'4673',1953,,5439,3,,,0
1501,'5302',824,,4629,3,,,0,110,,4633,3,,,0,110,,2712,3,,,0,110,,4630,3,,,0,260,,2715,3,,,0,110,,2718,3,,,0,220,,4632,3,,,0,110,,4631,3,,,0
1501,'5303',1306,,2706,3,,,0,537,,4638,3,,,0,110,,2711,3,,,0
1501,'5304',1306,,5440,3,,,0,537,,5441,3,,,0
1501,'5306',750,,5450,3,,,0,184,,5451,3,,,0,102,,5448,3,,,0,118,,5452,3,,,0,151,,5449,3,,,0,110,,5447,3,,,0,110,,5442,3,,,0,109,,5444,3,,,0,111,,5445,3,,,0,109,,5446,3,,,0,152,,5443,3,,,0,107,,5453,3,,,0
1501,'5307',824,,5456,3,,,0,110,,5461,3,,,0,110,,5454,3,,,0,110,,5457,3,,,0,260,,5455,3,,,0,110,,5458,3,,,0,220,,5460,3,,,0,110,,5459,3,,,0
1501,'5308',1953,,5462,3,,,0
4001,'4327',705,,3226,14,,,0,106,,3214,14,,,0,229,,3223,14,,,0,111,,3210,14,,,0,149,,4848,14,,,0,110,,3211,14,,,0,35,,3219,14,,,0,77,,3215,14,,,0,110,,3209,14,,,0,110,,4852,14,,,0,75,,4856,14,,,0,110,,4849,14,,,0,75,,4851,14,,,0
4001,'4332',745,,3243,14,,,0,107,,3248,14,,,0,153,,4917,14,,,0,36,,4906,14,,,0,75,,4918,14,,,0,36,,4909,14,,,0,75,,3237,14,,,0,75,,3238,14,,,0,142,,3245,14,,,0,78,,3239,14,,,0,35,,4916,14,,,0,75,,4910,14,,,0,109,,4915,14,,,0,110,,4911,14,,,0,150,,3252,14,,,0,108,,4919,14,,,0,35,,4914,14,,,0,100,,4907,14,,,0
4001,'4480',633,,3199,14,,,0,72,,4898,14,,,0,31,,4902,14,,,0,16,,4899,14,,,0,55,,4900,14,,,0,17,,4901,14,,,0,17,,4865,14,,,0,69,,4869,14,,,0,15,,4870,14,,,0,15,,4866,14,,,0,15,,4867,14,,,0,70,,4872,14,,,0,15,,4873,14,,,0,15,,4874,14,,,0,55,,4875,14,,,0,15,,4876,14,,,0,15,,4877,14,,,0,15,,3172,14,,,0,57,,4878,14,,,0,45,,4879,14,,,0,70,,4880,14,,,0,15,,4881,14,,,0,15,,4882,14,,,0,70,,4884,14,,,0,15,,4885,14,,,0,15,,4886,14,,,0,55,,4887,14,,,0,15,,4888,14,,,0,15,,4889,14,,,0,70,,4890,14,,,0,15,,4891,14,,,0,15,,3191,14,,,0,70,,4903,14,,,0,15,,4895,14,,,0,15,,3196,14,,,0,69,,4894,14,,,0,15,,4896,14,,,0,92,,4864,14,,,0,20,,4860,14,,,0,108,,3151,14,,,0,100,,4859,14,,,0,69,,4862,14,,,0,30,,4858,14,,,0,70,,4861,14,,,0,30,,4857,14,,,0
4001,'4673',2017,,4904,14,,,0
4001,'5241',2017,,4905,14,,,0
4001,'5302',930,,4853,14,,,0,186,,4850,14,,,0,112,,4847,14,,,0,107,,4855,14,,,0,216,,3218,14,,,0,156,,4854,14,,,0,139,,3212,14,,,0
4001,'5303',856,,4868,14,,,0,154,,4871,14,,,0,217,,3174,14,,,0,15,,3175,14,,,0,70,,3177,14,,,0,100,,4883,14,,,0,145,,3188,14,,,0,100,,4892,14,,,0,99,,4893,14,,,0,85,,4897,14,,,0,17,,3158,14,,,0,100,,4863,14,,,0,158,,3155,14,,,0
4001,'5304',856,,5615,14,,,0,154,,5616,14,,,0,217,,5617,14,,,0,15,,5618,14,,,0,70,,5619,14,,,0,100,,5620,14,,,0,145,,5621,14,,,0,100,,5622,14,,,0,99,,5623,14,,,0,85,,5624,14,,,0,17,,5614,14,,,0,100,,5613,14,,,0,158,,5612,14,,,0
4001,'5306',702,,5634,14,,,0,117,,5633,14,,,0,109,,5630,14,,,0,410,,5632,14,,,0,75,,5625,14,,,0,293,,5631,14,,,0,111,,5627,14,,,0,109,,5626,14,,,0,109,,5628,14,,,0,310,,5629,14,,,0
4001,'5307',930,,5639,14,,,0,186,,5637,14,,,0,112,,5635,14,,,0,107,,5641,14,,,0,216,,5638,14,,,0,156,,5640,14,,,0,139,,5636,14,,,0
1001501,'4480',715,,3567,3,,,0,38,,3566,3,,,0,480,,4992,3,,,0,205,,3569,3,,,0,75,,3572,3,,,0,38,,3575,3,,,0,77,,3574,3,,,0,75,,3571,3,,,0,35,,3573,3,,,0
1001501,'4673',1813,,4993,3,,,0
1001501,'5241',1813,,4994,3,,,0
1001501,'5303',1403,,3568,3,,,0
1001501,'5304',1403,,5718,3,,,0
