101,'4327',804,,2133,10,,,0,30,,2138,10,,,0,70,,2136,10,,,0,28,,2135,10,,,0,73,,2144,10,,,0,32,,2132,10,,,0,71,,2142,10,,,0,33,,2145,10,,,0,68,,2126,10,,,0,30,,2130,10,,,0,70,,2143,10,,,0,30,,2147,10,,,0,70,,2146,10,,,0,30,,2125,10,,,0,70,,2137,10,,,0,30,,2131,10,,,0,70,,2129,10,,,0,30,,2127,10,,,0,70,,2134,10,,,0,29,,2128,10,,,0,70,,2149,10,,,0,30,,2148,10,,,0,70,,2140,10,,,0,29,,2124,10,,,0,70,,2141,10,,,0,30,,2150,10,,,0,81,,2139,10,,,0
101,'4332',718,,2163,10,,,0,30,,2185,10,,,0,71,,2165,10,,,0,27,,2170,10,,,0,73,,2160,10,,,0,22,,2156,10,,,0,81,,2172,10,,,0,28,,2164,10,,,0,68,,2151,10,,,0,31,,2154,10,,,0,68,,2176,10,,,0,33,,2167,10,,,0,71,,2158,10,,,0,30,,2177,10,,,0,70,,2169,10,,,0,30,,2157,10,,,0,70,,2178,10,,,0,30,,2173,10,,,0,69,,2152,10,,,0,32,,2162,10,,,0,67,,2155,10,,,0,30,,2166,10,,,0,70,,2179,10,,,0,30,,2180,10,,,0,70,,2168,10,,,0,30,,2171,10,,,0,69,,2159,10,,,0,32,,2181,10,,,0,68,,2153,10,,,0,37,,2183,10,,,0,63,,2174,10,,,0,30,,2184,10,,,0,69,,2182,10,,,0,31,,2161,10,,,0,80,,2175,10,,,0
101,'4480',643,,2110,10,,,0,71,,2109,10,,,0,19,,2113,10,,,0,20,,2107,10,,,0,61,,2111,10,,,0,19,,2112,10,,,0,17,,2106,10,,,0,65,,2105,10,,,0,33,,2102,10,,,0,72,,2100,10,,,0,25,,2104,10,,,0,71,,2091,10,,,0,26,,2103,10,,,0,74,,2092,10,,,0,34,,2099,10,,,0,66,,2120,10,,,0,33,,2098,10,,,0,67,,2095,10,,,0,33,,2097,10,,,0,56,,2118,10,,,0,21,,2093,10,,,0,23,,2080,10,,,0,57,,2108,10,,,0,21,,2082,10,,,0,22,,2090,10,,,0,57,,2081,10,,,0,20,,2096,10,,,0,24,,2094,10,,,0,55,,2119,10,,,0,17,,2101,10,,,0,32,,2085,10,,,0,94,,2086,10,,,0,70,,2114,10,,,0,30,,2087,10,,,0,70,,2116,10,,,0,30,,2088,10,,,0,70,,2115,10,,,0,30,,2089,10,,,0,69,,2117,10,,,0,32,,2084,10,,,0,83,,2083,10,,,0
101,'4663',1918,,2121,10,,,0
101,'4673',1918,,2122,10,,,0
101,'4681',1918,,2123,10,,,0
2501,'4327',843,,2821,26,,,0,260,,2822,27,,,0,215,,2823,27,,,0,505,,2824,26,,,0,230,,2825,27,,,0
2501,'4332',843,,2827,26,,,0,260,,2829,27,,,0,215,,2828,27,,,0,505,,2830,26,,,0,230,,2826,27,,,0
2501,'4480',848,,2815,26,,,0,256,,2816,27,,,0,217,,2817,26,,,0,135,,2818,27,,,0,370,,2819,27,,,0
2501,'4673',2051,,2820,26,,,0
2501,'5135',2051,,2831,26,,,0
