3000,'4327',730,,2869,30,,,0,117,,4678,30,,,0,106,,4677,30,,,0,147,,2872,30,,,0,114,,2863,30,,,0,110,,2865,30,,,0,110,,2871,30,,,0,109,,2866,30,,,0,110,,4676,30,,,0,150,,2864,30,,,0
3000,'4332',810,,2896,30,,,0,37,,4687,30,,,0,72,,2887,30,,,0,34,,4686,30,,,0,184,,2895,30,,,0,76,,2894,30,,,0,110,,2881,30,,,0,35,,2876,30,,,0,75,,4685,30,,,0,75,,2890,30,,,0,38,,4683,30,,,0,106,,2884,30,,,0,150,,2883,30,,,0,298,,2878,30,,,0,104,,4690,30,,,0
3000,'4480',635,,4680,30,,,0,92,,2855,30,,,0,18,,2850,30,,,0,58,,2856,30,,,0,34,,2857,30,,,0,18,,2851,30,,,0,74,,2832,30,,,0,75,,2833,30,,,0,35,,2834,30,,,0,75,,2835,30,,,0,35,,2836,30,,,0,75,,2837,30,,,0,35,,2838,30,,,0,74,,2839,30,,,0,74,,2840,30,,,0,35,,2841,30,,,0,111,,2842,30,,,0,151,,2843,30,,,0,114,,2844,30,,,0,35,,2845,30,,,0,251,,4679,30,,,0,202,,2849,30,,,0
3000,'4663',1518,,5506,30,,,0,225,,5507,30,,,0
3000,'4673',1629,,4681,30,,,0
3000,'5241',1629,,4682,30,,,0
3000,'5302',1913,,2870,30,,,0
3000,'5303',710,,2854,30,,,0,110,,2853,30,,,0,698,,2858,30,,,0,225,,2859,30,,,0,259,,2846,30,,,0,203,,2848,30,,,0
3000,'5304',710,,5511,30,,,0,110,,5510,30,,,0,1182,,5508,30,,,0,203,,5509,30,,,0
3000,'5305',1518,,5512,30,,,0,225,,5513,30,,,0
3000,'5306',704,,5519,30,,,0,326,,5518,30,,,0,72,,5517,30,,,0,146,,5522,30,,,0,369,,5521,30,,,0,114,,5514,30,,,0,107,,5515,30,,,0,110,,5520,30,,,0,355,,5516,30,,,0
3000,'5307',1913,,5523,30,,,0
