2500,'4327',1030,,4662,28,4,,0,215,,2807,28,4,,0
2500,'4480',1031,,2801,28,4,,0,391,,4663,28,4,,0
2500,'5302',2020,,2809,28,4,,0
2500,'5303',1755,,2804,28,4,,0
2500,'5304',1755,,5491,28,4,,0
2500,'5306',1030,,5495,28,4,,0,215,,5494,28,4,,0,775,,5492,28,4,,0
2500,'5307',2020,,5498,28,4,,0
2501,'4327',1030,,4668,1,,,0,215,,2823,1,,,0
2501,'4480',1031,,2816,1,,,0,391,,4670,1,,,0
2501,'5302',2020,,2825,1,,,0
2501,'5303',1755,,2819,1,,,0
2501,'5304',1755,,5499,1,,,0
2501,'5306',1030,,5502,1,,,0,215,,5501,1,,,0,775,,5500,1,,,0
2501,'5307',2020,,5505,1,,,0
