7201,'4327',1020,,3396,12,,,0,116,,3397,12,,,0,219,,3399,12,,,0,147,,3400,12,,,0,111,,3401,12,,,0,106,,3402,12,,,0,110,,3393,12,,,0
7201,'4332',724,,3405,12,,,0,205,,4968,12,,,0,111,,4970,12,,,0,110,,4969,12,,,0,150,,3414,12,,,0,110,,3417,12,,,0,43,,3418,12,,,0,67,,3419,12,,,0,187,,3421,12,,,0,32,,4971,12,,,0,75,,4972,12,,,0,110,,4974,12,,,0,97,,4973,12,,,0,122,,3409,12,,,0,199,,3411,12,,,0
7201,'4480',718,,3387,12,,,0,36,,3385,12,,,0,75,,3386,12,,,0,185,,4956,12,,,0,111,,4955,12,,,0,75,,3371,12,,,0,255,,3375,12,,,0,150,,4959,12,,,0,219,,3380,12,,,0,111,,4962,12,,,0,105,,4963,12,,,0,100,,3381,12,,,0
7201,'4661',1715,,3388,12,,,0
7201,'4663',1715,,3389,12,,,0
7201,'4673',2239,,4964,12,,,0,99,,4965,12,,,0
7201,'5241',2239,,4966,12,,,0,99,,4967,12,,,0
7201,'5302',757,,4954,12,,,0,152,,3394,12,,,0,331,,3395,12,,,0,704,,3398,12,,,0
7201,'5303',904,,3365,12,,,0,35,,3366,12,,,0,111,,3370,12,,,0,185,,4957,12,,,0,75,,3372,12,,,0,35,,4958,12,,,0,75,,3374,12,,,0,110,,3376,12,,,0,110,,4960,12,,,0,109,,4961,12,,,0,151,,3382,12,,,0
7201,'5304',904,,5677,12,,,0,35,,5678,12,,,0,111,,5680,12,,,0,185,,5679,12,,,0,75,,5681,12,,,0,35,,5682,12,,,0,75,,5683,12,,,0,110,,5684,12,,,0,110,,5685,12,,,0,109,,5686,12,,,0,151,,5687,12,,,0
7201,'5306',834,,5688,12,,,0,173,,5690,12,,,0,108,,5691,12,,,0,110,,5692,12,,,0,118,,5694,12,,,0,260,,5695,12,,,0,27,,5689,12,,,0,219,,5696,12,,,0,394,,5693,12,,,0
7201,'5307',757,,5697,12,,,0,152,,5698,12,,,0,331,,5699,12,,,0,704,,5700,12,,,0
