2000,'4327',822,,2749,16,,,0,218,,2752,16,,,0,479,,2753,16,,,0,225,,2750,16,,,0
2000,'4332',1143,,2754,16,,,0,481,,4651,16,,,0,103,,4652,16,,,0,422,,2765,16,0,9 12 2 5,0,102,,2761,16,0,9 12 2 5,0
2000,'4480',557,,4649,16,0,9 12 2 5,0,148,,2747,16,0,9 12 2 5,0,105,,4650,16,0,9 12 2 5,0,39,,4642,16,,,0,110,,2735,16,,,0,150,,4643,16,,,0,105,,4644,16,0,9 12 2 5,0,114,,4645,16,,,0,188,,4646,16,,,0,20,,4647,16,0,9 12 2 5,0,120,,2742,16,0,9 12 2 5,0,294,,2744,16,0,9 12 2 5,0,203,,4648,16,0,9 12 2 5,0
2000,'5302',1259,,2751,16,,,0
2000,'5303',1406,,2739,16,,,0,408,,2743,16,,,0
2000,'5304',1406,,5463,16,,,0,408,,5464,16,,,0
2000,'5306',813,,5470,16,,,0,112,,5469,16,,,0,100,,5471,16,,,0,226,,5465,16,,,0,151,,5466,16,,,0,111,,5467,16,,,0,418,,5468,16,0,9 12 2 5,0
2000,'5307',1259,,5472,16,,,0
9200,'4663',1404,,5709,12,,,0,2,,5710,12,,,0
9200,'4673',1523,,4987,12,,,0,2,,4986,12,,,0
9200,'5303',1424,,4988,12,,,0,2,,3500,12,,,0
9200,'5308',1424,,5711,12,,,0,2,,5712,12,,,0
1002000,'4327',924,,3594,22,,,0,480,,3598,22,,,0,497,,3596,22,,,0
1002000,'4332',959,,3607,22,,,0,260,,3606,22,,,0,212,,3609,22,,,0,393,,3603,22,,,0
1002000,'4480',738,,4996,22,,,0,93,,4997,22,,,0,92,,4998,22,,,0,699,,3586,22,,,0,113,,3587,22,,,0,113,,3588,22,,,0,405,,3589,22,,,0
1002000,'4663',2053,,5719,22,,,0
1002000,'4673',2053,,5720,22,,,0
1002000,'5302',706,,4995,22,,,0,427,,3593,22,,,0,489,,3595,22,,,0
1002000,'5303',631,,3578,22,,,0,402,,3582,22,,,0,110,,3583,22,,,0,110,,4999,22,,,0,178,,3585,22,,,0,622,,3592,22,,,0
1002000,'5304',631,,5721,22,,,0,402,,5722,22,,,0,110,,5723,22,,,0,110,,5724,22,,,0,178,,5725,22,,,0
1002000,'5306',630,,5730,22,,,0,112,,5731,22,,,0,110,,5727,22,,,0,261,,5732,22,,,0,206,,5728,22,,,0,230,,5729,22,,,0,110,,5733,22,,,0,390,,5726,22,,,0
1002000,'5307',706,,5736,22,,,0,427,,5734,22,,,0,489,,5735,22,,,0
1002000,'5308',2053,,5737,22,,,0
