3000,'4327',747,,2869,52,,,0,158,,4678,52,,,0,106,,4677,52,,,0,108,,2872,52,,,0,114,,2863,52,,,0,110,,2865,52,,,0,110,,2871,52,,,0,149,,2866,52,,,0,110,,4676,52,,,0,110,,2864,52,,,0
3000,'4332',829,,2896,52,,,0,77,,4687,52,,,0,32,,2887,52,,,0,74,,4686,52,,,0,145,,2895,52,,,0,76,,2894,52,,,0,110,,2881,52,,,0,75,,2876,52,,,0,35,,4685,52,,,0,75,,2890,52,,,0,78,,4683,52,,,0,106,,2884,52,,,0,109,,2883,52,,,0,298,,2878,52,,,0,103,,4690,52,,,0
3000,'4480',653,,4680,52,,,0,94,,2855,52,,,0,59,,2850,52,,,0,18,,2856,52,,,0,34,,2857,52,,,0,58,,2851,52,,,0,34,,2832,52,,,0,75,,2833,52,,,0,75,,2834,52,,,0,35,,2835,52,,,0,75,,2836,52,,,0,35,,2837,52,,,0,75,,2838,52,,,0,35,,2839,52,,,0,75,,2840,52,,,0,76,,2841,52,,,0,110,,2842,52,,,0,110,,2843,52,,,0,111,,2844,52,,,0,75,,2845,52,,,0,210,,4679,52,,,0,200,,2849,52,,,0
3000,'4663',1541,,5506,52,,,0,261,,5507,52,,,0
3000,'4673',1651,,4681,52,,,0
3000,'5241',1651,,4682,52,,,0
3000,'5302',1931,,2870,52,,,0
3000,'5303',729,,2854,52,,,0,112,,2853,52,,,0,700,,2858,52,,,0,261,,2859,52,,,0,219,,2846,52,,,0,200,,2848,52,,,0
3000,'5304',729,,5511,52,,,0,112,,5510,52,,,0,1180,,5508,52,,,0,200,,5509,52,,,0
3000,'5305',1541,,5512,52,,,0,261,,5513,52,,,0
3000,'5306',722,,5519,52,,,0,327,,5518,52,,,0,73,,5517,52,,,0,186,,5522,52,,,0,329,,5521,52,,,0,114,,5514,52,,,0,106,,5515,52,,,0,150,,5520,52,,,0,314,,5516,52,,,0
3000,'5307',1931,,5523,52,,,0
