501,'4480',657,,2241,20,,,0,152,,2245,20,,,0,110,,2237,20,,,0,110,,2242,20,,,0,101,,2239,20,,,0,99,,2240,20,,,0,128,,2244,20,,,0,98,,2238,20,,,0,504,,2243,20,,,0,148,,2247,20,,,0,109,,2246,20,,,0,89,,2248,20,,,0,54,,2249,7,,,0
501,'4661',1844,,2250,20,,,0
501,'4663',1516,,2251,7,,,0,94,,2253,20,,,0,119,,2254,20,,,0,115,,2252,20,,,0
501,'4673',1516,,2255,7,,,0,94,,2256,20,,,0,119,,2257,20,,,0
501,'4681',1516,,2258,7,,,0,94,,2259,20,,,0,119,,2260,20,,,0
501,'4970',846,,2264,20,,,0,110,,2266,20,,,0,152,,2261,20,,,0,100,,2262,20,,,0,130,,2268,20,,,0,104,,2263,20,,,0,116,,2270,20,,,0,150,,2269,20,,,0,110,,2271,20,,,0,110,,2267,20,,,0,110,,2265,20,,,0
501,'5131',759,,2274,20,,,0,196,,2275,20,,,0,150,,2276,20,,,0,116,,2277,20,,,0,117,,2278,20,,,0,109,,2279,20,,,0,110,,2280,20,,,0,149,,2281,20,,,0,112,,2282,20,,,0,109,,2283,20,,,0,105,,2284,20,,,0,107,,2285,20,,,0,109,,2273,20,,,0,110,,2272,7,,,0
1501,'4480',836,,2698,7,,,0,69,,2699,7,,,0,30,,2700,7,,,0,70,,2697,7,,,0,30,,2701,7,,,0,70,,2702,7,,,0,29,,2703,7,,,0,71,,2704,7,,,0,103,,2706,7,,,0,27,,2705,7,,,0,510,,2707,7,,,0,260,,2708,7,,,0
1501,'4663',1955,,2709,7,,,0
1501,'4673',1955,,2710,7,,,0
1501,'4681',1955,,2711,7,,,0
1501,'4970',826,,2716,7,,,0,110,,2721,7,,,0,110,,2712,7,,,0,110,,2717,7,,,0,150,,2714,7,,,0,110,,2715,7,,,0,110,,2718,7,,,0,110,,2713,7,,,0,110,,2720,7,,,0,110,,2719,7,,,0
1501,'5131',752,,2730,7,,,0,184,,2731,7,,,0,102,,2728,7,,,0,118,,2732,7,,,0,151,,2729,7,,,0,110,,2727,7,,,0,110,,2722,7,,,0,109,,2724,7,,,0,111,,2725,7,,,0,109,,2726,7,,,0,152,,2723,7,,,0,107,,2733,7,,,0
1001501,'4480',718,,3567,7,,,0,38,,3566,7,,,0,480,,3570,7,,,0,170,,3568,7,,,0,36,,3569,7,,,0,75,,3572,7,,,0,37,,3575,7,,,0,77,,3574,7,,,0,75,,3571,7,,,0,35,,3573,7,,,0
1001501,'4673',1815,,3576,7,,,0
1001501,'5135',1815,,3577,7,,,0
