3100,'4327',1003,,2983,11,,,0,120,,4712,11,,,0,130,,2984,11,,,0,165,,4711,11,,,0,130,,2990,11,,,0,465,,2988,11,,,0
3100,'4332',749,,2995,11,,,0,375,,3000,11,,,0,330,,2991,11,,,0,100,,2992,11,,,0,100,,2997,11,,,0,200,,4723,11,,,0
3100,'4480',849,,2968,11,,,0,90,,2969,11,,,0,109,,4713,11,,,0,100,,2971,11,,,0,100,,2972,11,,,0,100,,4714,11,,,0,100,,2974,11,,,0,98,,2975,11,,,0,102,,4715,11,,,0,100,,4716,11,,,0
3100,'4663',1953,,5553,11,,,0
3100,'4673',1953,,5554,11,,,0
3100,'5302',838,,2987,11,,,0,870,,2982,11,,,0,126,,2985,11,,,0
3100,'5303',643,,2966,11,,,0,94,,2967,11,,,0,1116,,4717,11,,,0,100,,4720,11,,,0
3100,'5304',643,,5555,11,,,0,94,,5556,11,,,0,1116,,5557,11,,,0
3100,'5306',854,,5561,11,,,0,98,,5562,11,,,0,302,,5558,11,,,0,100,,5560,11,,,0,400,,5559,11,,,0
3100,'5307',838,,5565,11,,,0,870,,5563,11,,,0,126,,5564,11,,,0
3100,'5308',1953,,5566,11,,,0
