2001,'4327',926,,2784,35,,,0,228,,2786,35,,,0,258,,2785,35,,,0,209,,2787,35,,,0,224,,2788,35,,,0
2001,'4332',936,,2795,35,,,0,88,,2799,35,,,0,105,,3980,35,,,0,128,,2789,35,,,0,155,,3981,35,,,0,102,,2792,35,,,0,107,,2797,35,,,0,103,,2793,35,,,0,110,,2790,35,,,0,377,,2794,52,,,0,198,,3979,52,,,0
2001,'4480',840,,2777,52,,,0,87,,2766,35,,,0,700,,2771,35,,,0,110,,2772,35,,,0,674,,2774,52,,,0
2001,'4663',1856,,2778,52,,,0,358,,2779,52,,,0
2001,'4673',1856,,2780,52,,,0,358,,2781,52,,,0
2001,'4681',1856,,2782,52,,,0,358,,2783,52,,,0
2001,'5214',704,,2775,35,,,0,104,,2776,52,,,0,228,,2767,35,,,0,110,,2768,35,,,0,111,,2769,35,,,0,280,,2770,52,,,0,418,,2773,35,,,0
2001,'5216',704,,3987,35,,,0,104,,3988,52,,,0,228,,3982,35,,,0,110,,3983,35,,,0,111,,3984,35,,,0,280,,3985,52,,,0,418,,3986,35,,,0
1002001,'4327',825,,3630,52,,,0,214,,3629,52,,,0,271,,4350,52,,,0,222,,4351,52,,,0,217,,3626,52,,,0,304,,3628,52,,,0
1002001,'4332',749,,4353,52,,,0,153,,4354,52,,,0,112,,3631,52,,,0,111,,4352,52,,,0,103,,4360,52,,,0,117,,4359,52,,,0,110,,3632,52,,,0,104,,4356,52,,,0,156,,3633,52,,,0,109,,4357,52,,,0,124,,4355,52,,,0,102,,4361,52,,,0,259,,4358,52,,,0
1002001,'4480',1111,,3614,35,,,0,221,,3616,35,,,0,95,,3617,52,,,0,182,,3619,52,,,0,311,,3622,35,,,0,392,,3624,52,,,0
1002001,'5214',740,,3611,35,,,0,111,,3612,35,,,0,150,,3613,52,,,0,220,,3615,35,,,0,282,,3618,52,,,0,215,,3620,52,,,0,95,,3621,35,,,0,299,,3623,52,,,0
1002001,'5216',740,,4362,35,,,0,111,,4363,35,,,0,150,,4364,52,,,0,220,,4365,35,,,0,282,,4366,52,,,0,215,,4367,52,,,0,95,,4368,35,,,0,299,,4369,52,,,0
