2001,'4327',925,,2784,34,,,0,228,,2786,34,,,0,258,,2785,34,,,0,209,,2787,34,,,0,224,,2788,34,,,0
2001,'4332',935,,2795,34,,,0,88,,2799,34,,,0,233,,2789,34,,,0,155,,3981,34,,,0,102,,2792,34,,,0,107,,2797,34,,,0,103,,2793,34,,,0,110,,2790,34,,,0,377,,2794,51,,,0,198,,3979,51,,,0
2001,'4480',703,,4658,34,,,0,104,,4659,51,,,0,32,,2777,51,,,0,87,,2766,34,,,0,109,,4653,34,,,0,110,,4654,34,,,0,111,,4655,34,,,0,280,,4656,51,,,0,90,,2771,34,,,0,110,,2772,34,,,0,218,,4657,34,,,0,456,,2774,51,,,0
2001,'4663',1855,,2778,51,,,0,358,,2779,51,,,0
2001,'4673',1855,,2780,51,,,0,358,,2781,51,,,0
2001,'4681',1855,,2782,51,,,0,358,,2783,51,,,0
2001,'5244',1128,,4660,34,,,0
1002001,'4327',824,,3630,51,,,0,214,,3629,51,,,0,271,,5002,51,,,0,222,,5003,51,,,0,217,,3626,51,,,0,304,,3628,51,,,0
1002001,'4332',748,,4353,51,,,0,265,,3631,51,,,0,111,,4352,51,,,0,220,,4359,51,,,0,110,,3632,51,,,0,104,,4356,51,,,0,156,,3633,51,,,0
1002001,'4480',739,,5004,34,,,0,111,,5005,34,,,0,150,,5006,51,,,0,110,,3614,34,,,0,110,,5007,34,,,0,111,,3616,34,,,0,95,,3617,51,,,0,76,,5008,51,,,0,106,,3619,51,,,0,109,,5009,51,,,0,95,,5010,34,,,0,107,,3622,34,,,0,192,,5011,51,,,0,200,,3624,51,,,0
1002001,'5244',901,,5012,51,,,0,326,,5016,51,,,0,596,,5014,51,,,0,124,,5013,51,,,0,102,,5017,51,,,0,259,,5015,51,,,0
