500,'4480',808,,4460,5,0,6 7,0
500,'4663',1522,,5087,5,0,6 7,0,94,,5090,5,,,0,119,,5088,5,,,0,114,,5089,5,,,0
500,'4673',1522,,5091,5,0,6 7,0,94,,5093,5,,,0,119,,5092,5,,,0
500,'5302',851,,2215,5,,,0,150,,4458,5,,,0,112,,4456,5,,,0,100,,4457,5,,,0,130,,4459,5,,,0,104,,2214,5,,,0,156,,2221,5,,,0,110,,2220,5,,,0,110,,2222,5,,,0,110,,2218,5,,,0,110,,2216,5,0,8,0
500,'5303',616,,2193,5,,,0,86,,2192,5,,,0,112,,2196,5,,,0,110,,2187,5,,,0,110,,2191,5,,,0,101,,2189,5,,,0,99,,2190,5,,,0,168,,4462,5,,,0,99,,4461,5,,,0,21,,4471,5,0,6 7,0,94,,4473,5,,,0,119,,4472,5,,,0,114,,2201,5,,,0,155,,2195,5,,,0,108,,4463,5,,,0,109,,2197,5,,,0,89,,2199,5,,,0,94,,4464,5,0,8,0
500,'5304',616,,5100,5,,,0,86,,5099,5,,,0,112,,5103,5,,,0,110,,5094,5,,,0,110,,5098,5,,,0,101,,5096,5,,,0,99,,5097,5,,,0,168,,5101,5,,,0,99,,5095,5,,,0,503,,5102,5,,,0,108,,5105,5,,,0,109,,5104,5,,,0,89,,5106,5,,,0,94,,5107,5,0,8,0
500,'5305',1849,,5108,5,,,0
500,'5306',804,,5109,5,,,0,196,,5110,5,,,0,110,,5111,5,,,0,116,,5112,5,,,0,117,,5113,5,,,0,109,,5114,5,,,0,150,,5115,5,,,0,109,,5116,5,,,0,112,,5117,5,,,0,109,,5118,5,,,0,105,,5119,5,,,0,107,,5120,5,,,0,109,,5121,5,,,0,150,,5122,5,0,8,0
500,'5307',851,,5126,5,,,0,150,,5128,5,,,0,112,,5123,5,,,0,100,,5124,5,,,0,130,,5130,5,,,0,104,,5125,5,,,0,156,,5132,5,,,0,110,,5131,5,,,0,110,,5133,5,,,0,110,,5129,5,,,0,110,,5127,5,0,8,0
500,'5308',1522,,5134,5,0,6 7,0,94,,5136,5,,,0,119,,5135,5,,,0
