2000,'4332',802,,5470,1,,,0,112,,5469,1,,,0,100,,5471,1,,,0,117,,2754,1,,,0,107,,5465,1,,,0,111,,5466,1,,,0,151,,5467,1,,,0,111,,4651,1,,,0,104,,4652,1,,,0,204,,5468,1,0,9 12 2 5,0,219,,2765,1,0,9 12 2 5,0,103,,2761,1,0,9 12 2 5,0
2000,'4480',547,,4649,1,0,9 12 2 5,0,107,,2747,1,0,9 12 2 5,0,105,,4650,1,0,9 12 2 5,0,79,,4642,1,,,0,110,,2735,1,,,0,109,,4643,1,,,0,145,,4644,1,0,9 12 2 5,0,114,,4645,1,,,0,37,,5463,1,,,0,150,,4646,1,,,0,20,,4647,1,0,9 12 2 5,0,120,,2742,1,0,9 12 2 5,0,159,,5464,1,,,0,136,,2744,1,0,9 12 2 5,0,204,,4648,1,0,9 12 2 5,0
2001,'4332',947,,5485,45,4,,0,88,,2799,45,4,,0,105,,4660,45,4,,0,168,,5481,45,4,,0,115,,5486,45,4,,0,102,,5483,45,4,,0,106,,2797,45,4,,0,103,,5484,45,4,,0,110,,2790,45,4,,0,376,,2794,62,4,,0,197,,5482,62,4,,0
2001,'4480',715,,5480,45,4,,0,106,,4659,62,4,,0,31,,2777,62,4,,0,87,,2766,45,4,,0,109,,4653,45,4,,0,110,,4654,45,4,,0,151,,4655,45,4,,0,240,,5477,62,4,,0,90,,2771,45,4,,0,109,,2772,45,4,,0,257,,5478,45,4,,0,415,,5479,62,4,,0
2001,'4661',1906,,5475,62,4,,0,317,,5476,62,4,,0
2001,'4663',1906,,5473,62,4,,0,317,,5474,62,4,,0
3000,'4332',639,,5519,1,,,0,105,,2896,1,,,0,77,,4687,1,,,0,31,,2887,1,,,0,73,,4686,1,,,0,77,,5518,1,,,0,31,,5517,1,,,0,75,,2895,1,,,0,35,,2894,1,,,0,74,,5522,1,,,0,34,,2881,1,,,0,75,,2876,1,,,0,75,,4685,1,,,0,35,,2890,1,,,0,79,,4683,1,,,0,32,,5521,1,,,0,75,,2884,1,,,0,80,,5514,1,,,0,31,,2883,1,,,0,76,,5515,1,,,0,111,,5520,1,,,0,113,,2878,1,,,0,104,,4690,1,,,0,100,,5516,1,,,0
3000,'4480',608,,4680,1,,,0,35,,5511,1,,,0,16,,2855,1,,,0,56,,2850,1,,,0,17,,2856,1,,,0,17,,5510,1,,,0,57,,2857,1,,,0,18,,2851,1,,,0,76,,2832,1,,,0,35,,2833,1,,,0,74,,2834,1,,,0,35,,2835,1,,,0,74,,2836,1,,,0,34,,2837,1,,,0,75,,2838,1,,,0,74,,2839,1,,,0,34,,2840,1,,,0,74,,2841,1,,,0,111,,2842,1,,,0,110,,2843,1,,,0,116,,2844,1,,,0,77,,2845,1,,,0,110,,5508,1,,,0,103,,4679,1,,,0,102,,5509,1,,,0,102,,2849,1,,,0
3000,'4661',1444,,5512,1,,,0,112,,4681,1,,,0,154,,5513,1,,,0
3000,'4663',1444,,5506,1,,,0,112,,4682,1,,,0,154,,5507,1,,,0
4001,'4332',738,,5634,53,4,,0,85,,3243,53,4,,0,34,,5633,53,4,,0,74,,3248,53,4,,0,77,,5630,53,4,,0,37,,4917,53,4,,0,76,,4906,53,4,,0,35,,4918,53,4,,0,76,,4909,53,4,,0,76,,3237,53,4,,0,35,,3238,53,4,,0,76,,5632,53,4,,0,35,,5625,53,4,,0,71,,3245,53,4,,0,77,,3239,53,4,,0,35,,4916,53,4,,0,75,,4910,53,4,,0,32,,5631,53,4,,0,75,,4915,53,4,,0,35,,5627,53,4,,0,74,,4911,53,4,,0,74,,5626,53,4,,0,34,,3252,53,4,,0,74,,5628,53,4,,0,34,,4919,53,4,,0,75,,4914,53,4,,0,100,,4907,53,4,,0,100,,5629,53,4,,0
4001,'4480',707,,3199,53,4,,0,34,,4898,53,4,,0,75,,4902,53,4,,0,16,,4899,53,4,,0,14,,4900,53,4,,0,57,,4901,53,4,,0,15,,4865,53,4,,0,14,,5615,53,4,,0,14,,4869,53,4,,0,54,,4870,53,4,,0,15,,4866,53,4,,0,15,,4867,53,4,,0,15,,5616,53,4,,0,55,,4872,53,4,,0,15,,4873,53,4,,0,16,,4874,53,4,,0,15,,4875,53,4,,0,56,,4876,53,4,,0,16,,4877,53,4,,0,15,,3172,53,4,,0,18,,4878,53,4,,0,55,,5617,53,4,,0,15,,5618,53,4,,0,15,,4879,53,4,,0,15,,5619,53,4,,0,55,,4880,53,4,,0,16,,4881,53,4,,0,16,,4882,53,4,,0,15,,5620,53,4,,0,55,,4884,53,4,,0,15,,4885,53,4,,0,15,,4886,53,4,,0,15,,4887,53,4,,0,54,,4888,53,4,,0,15,,4889,53,4,,0,15,,5621,53,4,,0,15,,4890,53,4,,0,54,,4891,53,4,,0,14,,3191,53,4,,0,13,,5622,53,4,,0,15,,4903,53,4,,0,55,,4895,53,4,,0,14,,3196,53,4,,0,14,,5623,53,4,,0,15,,4894,53,4,,0,55,,4896,53,4,,0,15,,5624,53,4,,0,16,,5614,53,4,,0,20,,4864,53,4,,0,60,,4860,53,4,,0,20,,5613,53,4,,0,88,,3151,53,4,,0,30,,5612,53,4,,0,70,,4859,53,4,,0,26,,4862,53,4,,0,69,,4858,53,4,,0,29,,4861,53,4,,0,70,,4857,53,4,,0
4001,'4661',2051,,4904,53,4,,0
4001,'4663',2051,,4905,53,4,,0
1002000,'4332',617,,5730,1,,,0,112,,5731,1,,,0,110,,5727,1,,,0,107,,3607,1,,,0,154,,5732,1,,,0,106,,3606,1,,,0,100,,5728,1,,,0,112,,3609,1,,,0,118,,5729,1,,,0,110,,5733,1,,,0,165,,3603,1,,,0,225,,5726,1,,,0
1002000,'4480',618,,5721,1,,,0,107,,4996,1,,,0,89,,4997,1,,,0,96,,4998,1,,,0,110,,5722,1,,,0,109,,5723,1,,,0,110,,5724,1,,,0,178,,5725,1,,,0,190,,3586,1,,,0,113,,3587,1,,,0,113,,3588,1,,,0,407,,3589,1,,,0
1002000,'4661',2040,,5720,1,,,0
1002000,'4663',2040,,5719,1,,,0
1002001,'4332',801,,5745,68,4,,0,115,,5746,68,4,,0,112,,5743,68,4,,0,111,,5744,68,4,,0,103,,5016,68,4,,0,117,,5749,68,4,,0,150,,3632,68,4,,0,103,,5747,68,4,,0,115,,3633,68,4,,0,109,,5748,68,4,,0,164,,5013,68,4,,0,102,,5750,68,4,,0,219,,5015,68,4,,0
1002001,'4480',753,,5004,51,4,,0,152,,5005,51,4,,0,109,,5006,68,4,,0,110,,5738,51,4,,0,110,,5739,51,4,,0,111,,3616,51,4,,0,97,,5740,68,4,,0,76,,5008,68,4,,0,106,,5741,68,4,,0,107,,5009,68,4,,0,93,,5742,51,4,,0,107,,3622,51,4,,0,192,,5011,68,4,,0,200,,3624,68,4,,0
