3000,'4327',713,,2869,12,,,0,117,,4678,12,,,0,105,,4677,12,,,0,107,,2872,12,,,0,113,,2863,12,,,0,149,,2865,12,,,0,110,,2871,12,,,0,110,,2866,12,,,0,110,,4676,12,,,0,111,,2864,12,,,0
3000,'4332',753,,2896,12,,,0,77,,4687,12,,,0,72,,2887,12,,,0,33,,4686,12,,,0,184,,2895,12,,,0,35,,2894,12,,,0,149,,2881,12,,,0,35,,2876,12,,,0,75,,4685,12,,,0,35,,2890,12,,,0,79,,4683,12,,,0,107,,2884,12,,,0,110,,2883,12,,,0,299,,2878,12,,,0,104,,4690,12,,,0
3000,'4480',618,,4680,12,,,0,91,,2855,12,,,0,17,,2850,12,,,0,17,,2856,12,,,0,74,,2857,12,,,0,18,,2851,12,,,0,76,,2832,12,,,0,35,,2833,12,,,0,74,,2834,12,,,0,35,,2835,12,,,0,74,,2836,12,,,0,75,,2837,12,,,0,35,,2838,12,,,0,74,,2839,12,,,0,34,,2840,12,,,0,75,,2841,12,,,0,111,,2842,12,,,0,110,,2843,12,,,0,116,,2844,12,,,0,76,,2845,12,,,0,212,,4679,12,,,0,203,,2849,12,,,0
3000,'4663',1458,,5506,12,,,0,265,,5507,12,,,0
3000,'4673',1609,,4681,12,,,0
3000,'5241',1609,,4682,12,,,0
3000,'5302',1856,,2870,12,,,0
3000,'5303',653,,2854,12,,,0,147,,2853,12,,,0,658,,2858,12,,,0,265,,2859,12,,,0,222,,2846,12,,,0,203,,2848,12,,,0
3000,'5304',653,,5511,12,,,0,147,,5510,12,,,0,1145,,5508,12,,,0,203,,5509,12,,,0
3000,'5305',1458,,5512,12,,,0,265,,5513,12,,,0
3000,'5306',648,,5519,12,,,0,364,,5518,12,,,0,32,,5517,12,,,0,184,,5522,12,,,0,331,,5521,12,,,0,154,,5514,12,,,0,107,,5515,12,,,0,111,,5520,12,,,0,315,,5516,12,,,0
3000,'5307',1856,,5523,12,,,0
