2000,'4528',552,,8044,8,0,9 12 2 5,0,107,,8045,8,0,9 12 2 5,0,145,,8046,8,0,9 12 2 5,0,39,,8033,8,,,0,110,,8034,8,,,0,150,,8035,8,,,0,105,,8036,8,0,9 12 2 5,0,114,,8037,8,,,0,37,,8038,8,,,0,150,,8039,8,,,0,20,,8040,8,0,9 12 2 5,0,279,,8041,8,,,0,136,,8042,8,0,9 12 2 5,0,203,,8043,8,0,9 12 2 5,0
2000,'4532',807,,8056,8,,,0,112,,8055,8,,,0,100,,8057,8,,,0,118,,8047,8,,,0,107,,8048,8,,,0,111,,8050,8,,,0,151,,8051,8,,,0,111,,8049,8,,,0,104,,8053,8,,,0,204,,8052,8,0,9 12 2 5,0,218,,8058,8,0,9 12 2 5,0,103,,8054,8,0,9 12 2 5,0
2000,'4623',1649,,8059,8,0,9 12 2 5,0
2000,'5221',816,,8060,8,,,0,218,,8063,8,,,0,218,,8062,8,,,0,260,,8064,8,,,0,226,,8061,8,,,0
2000,'5222',1649,,8065,8,0,9 12 2 5,0
1002000,'4528',626,,8790,14,,,0,107,,8791,14,,,0,185,,8792,14,,,0,219,,8793,14,,,0,110,,8794,14,,,0,369,,8795,14,,,0,113,,8796,14,,,0,113,,8797,14,,,0,206,,8798,14,,,0,200,,8799,14,,,0
1002000,'4532',625,,8805,14,,,0,112,,8806,14,,,0,110,,8801,14,,,0,107,,8808,14,,,0,154,,8809,14,,,0,106,,8807,14,,,0,100,,8802,14,,,0,112,,8810,14,,,0,118,,8803,14,,,0,110,,8811,14,,,0,165,,8804,14,,,0,225,,8800,14,,,0
1002000,'4623',1028,,8812,14,,,0,397,,8813,14,,,0
1002000,'5221',701,,8818,14,,,0,218,,8815,14,,,0,209,,8814,14,,,0,231,,8819,14,,,0,257,,8816,14,,,0,240,,8817,14,,,0
1002000,'5222',1028,,8820,14,,,0,397,,8821,14,,,0
