2001,'4327',921,,2784,27,,,0,227,,2786,27,,,0,259,,2785,27,,,0,209,,2787,27,,,0,224,,2788,27,,,0
2001,'4332',931,,2795,27,,,0,88,,2799,27,,,0,105,,3980,27,,,0,128,,2789,27,,,0,155,,3981,27,,,0,102,,2792,27,,,0,107,,2797,27,,,0,103,,2793,27,,,0,110,,2790,27,,,0,377,,2794,44,,,0,198,,3979,44,,,0
2001,'4480',834,,2777,44,,,0,87,,2766,27,,,0,700,,2771,27,,,0,110,,2772,27,,,0,675,,2774,44,,,0
2001,'4663',1851,,2778,44,,,0,358,,2779,44,,,0
2001,'4673',1851,,2780,44,,,0,358,,2781,44,,,0
2001,'4681',1851,,2782,44,,,0,358,,2783,44,,,0
2001,'5214',659,,2775,27,,,0,143,,2776,44,,,0,228,,2767,27,,,0,110,,2768,27,,,0,111,,2769,27,,,0,280,,2770,44,,,0,419,,2773,27,,,0
2001,'5216',659,,3987,27,,,0,143,,3988,44,,,0,228,,3982,27,,,0,110,,3983,27,,,0,111,,3984,27,,,0,280,,3985,44,,,0,419,,3986,27,,,0
1002001,'4327',820,,3630,44,,,0,213,,3629,44,,,0,272,,4350,44,,,0,222,,4351,44,,,0,217,,3626,44,,,0,304,,3628,44,,,0
1002001,'4332',744,,4353,44,,,0,113,,4354,44,,,0,152,,3631,44,,,0,111,,4352,44,,,0,103,,4360,44,,,0,117,,4359,44,,,0,110,,3632,44,,,0,104,,4356,44,,,0,156,,3633,44,,,0,109,,4357,44,,,0,124,,4355,44,,,0,102,,4361,44,,,0,259,,4358,44,,,0
1002001,'4480',1105,,3614,27,,,0,221,,3616,27,,,0,95,,3617,44,,,0,182,,3619,44,,,0,312,,3622,27,,,0,392,,3624,44,,,0
1002001,'5214',734,,3611,27,,,0,111,,3612,27,,,0,110,,3613,44,,,0,260,,3615,27,,,0,242,,3618,44,,,0,255,,3620,44,,,0,95,,3621,27,,,0,300,,3623,44,,,0
1002001,'5216',734,,4362,27,,,0,111,,4363,27,,,0,110,,4364,44,,,0,260,,4365,27,,,0,242,,4366,44,,,0,255,,4367,44,,,0,95,,4368,27,,,0,300,,4369,44,,,0
