4001,'4327',727,,3226,37,,,0,107,,3214,37,,,0,271,,3223,37,,,0,111,,3210,37,,,0,110,,4848,37,,,0,110,,3211,37,,,0,75,,3219,37,,,0,37,,3215,37,,,0,108,,3209,37,,,0,150,,4852,37,,,0,33,,4856,37,,,0,109,,4849,37,,,0,75,,4851,37,,,0
4001,'4332',809,,3243,37,,,0,108,,3248,37,,,0,114,,4917,37,,,0,76,,4906,37,,,0,35,,4918,37,,,0,76,,4909,37,,,0,36,,3237,37,,,0,75,,3238,37,,,0,182,,3245,37,,,0,37,,3239,37,,,0,75,,4916,37,,,0,35,,4910,37,,,0,148,,4915,37,,,0,109,,4911,37,,,0,109,,3252,37,,,0,108,,4919,37,,,0,75,,4914,37,,,0,100,,4907,37,,,0
4001,'4480',656,,3199,37,,,0,72,,4898,37,,,0,74,,4902,37,,,0,16,,4899,37,,,0,14,,4900,37,,,0,18,,4901,37,,,0,56,,4865,37,,,0,28,,4869,37,,,0,14,,4870,37,,,0,55,,4866,37,,,0,15,,4867,37,,,0,30,,4872,37,,,0,55,,4873,37,,,0,16,,4874,37,,,0,15,,4875,37,,,0,15,,4876,37,,,0,56,,4877,37,,,0,15,,3172,37,,,0,17,,4878,37,,,0,85,,4879,37,,,0,30,,4880,37,,,0,55,,4881,37,,,0,16,,4882,37,,,0,30,,4884,37,,,0,55,,4885,37,,,0,15,,4886,37,,,0,15,,4887,37,,,0,15,,4888,37,,,0,55,,4889,37,,,0,30,,4890,37,,,0,15,,4891,37,,,0,54,,3191,37,,,0,29,,4903,37,,,0,15,,4895,37,,,0,54,,3196,37,,,0,29,,4894,37,,,0,15,,4896,37,,,0,91,,4864,37,,,0,60,,4860,37,,,0,108,,3151,37,,,0,100,,4859,37,,,0,27,,4862,37,,,0,69,,4858,37,,,0,30,,4861,37,,,0,70,,4857,37,,,0
4001,'4673',2039,,4904,37,,,0
4001,'5241',2039,,4905,37,,,0
4001,'5302',955,,4853,37,,,0,186,,4850,37,,,0,113,,4847,37,,,0,147,,4855,37,,,0,215,,3218,37,,,0,115,,4854,37,,,0,177,,3212,37,,,0
4001,'5303',920,,4868,37,,,0,113,,4871,37,,,0,219,,3174,37,,,0,55,,3175,37,,,0,30,,3177,37,,,0,101,,4883,37,,,0,185,,3188,37,,,0,98,,4892,37,,,0,98,,4893,37,,,0,85,,4897,37,,,0,16,,3158,37,,,0,100,,4863,37,,,0,118,,3155,37,,,0
4001,'5304',920,,5615,37,,,0,113,,5616,37,,,0,219,,5617,37,,,0,55,,5618,37,,,0,30,,5619,37,,,0,101,,5620,37,,,0,185,,5621,37,,,0,98,,5622,37,,,0,98,,5623,37,,,0,85,,5624,37,,,0,16,,5614,37,,,0,100,,5613,37,,,0,118,,5612,37,,,0
4001,'5306',725,,5634,37,,,0,118,,5633,37,,,0,111,,5630,37,,,0,451,,5632,37,,,0,35,,5625,37,,,0,291,,5631,37,,,0,110,,5627,37,,,0,109,,5626,37,,,0,108,,5628,37,,,0,349,,5629,37,,,0
4001,'5307',955,,5639,37,,,0,186,,5637,37,,,0,113,,5635,37,,,0,147,,5641,37,,,0,215,,5638,37,,,0,115,,5640,37,,,0,177,,5636,37,,,0
