3001,'4327',816,,2937,21,,,0,342,,2940,21,,,0,259,,2941,21,,,0,221,,2933,21,,,0,214,,4691,21,,,0,155,,2936,21,,,0
3001,'4332',859,,2952,21,,,0,77,,4706,21,,,0,113,,2951,21,,,0,297,,2943,21,,,0,106,,2950,21,,,0,188,,4704,21,,,0,108,,4702,21,,,0,110,,2947,21,,,0,75,,2949,21,,,0,108,,4708,21,,,0
3001,'4480',639,,4698,21,,,0,86,,4697,21,,,0,77,,2922,21,,,0,18,,2924,21,,,0,17,,2921,21,,,0,18,,2925,21,,,0,91,,2900,21,,,0,75,,2901,21,,,0,35,,2902,21,,,0,75,,2903,21,,,0,76,,2904,21,,,0,35,,2906,21,,,0,75,,2907,21,,,0,35,,2908,21,,,0,75,,4695,21,,,0,76,,2909,21,,,0,37,,2910,21,,,0,108,,2911,21,,,0,109,,2913,21,,,0,150,,2915,21,,,0,35,,2917,21,,,0,406,,2919,21,,,0
3001,'4663',1614,,5524,21,,,0,537,,5525,21,,,0
3001,'4673',2151,,5526,21,,,0
3001,'5302',937,,4692,21,,,0,110,,2931,21,,,0,260,,4693,21,,,0,222,,4694,21,,,0,220,,2935,21,,,0
3001,'5303',912,,2899,21,,,0,702,,2926,21,,,0,109,,2912,21,,,0,109,,2914,21,,,0,218,,2918,21,,,0,101,,4701,21,,,0,97,,4696,21,,,0
3001,'5304',912,,5527,21,,,0,811,,5528,21,,,0,109,,5529,21,,,0,218,,5531,21,,,0,198,,5530,21,,,0
3001,'5305',1614,,5532,21,,,0
3001,'5306',751,,5541,21,,,0,261,,5537,21,,,0,112,,5538,21,,,0,35,,5534,21,,,0,76,,5543,21,,,0,75,,5544,21,,,0,111,,5535,21,,,0,108,,5540,21,,,0,75,,5539,21,,,0,109,,5546,21,,,0,110,,5545,21,,,0,327,,5533,21,,,0,100,,5542,21,,,0,101,,5536,21,,,0
3001,'5307',937,,5548,21,,,0,110,,5547,21,,,0,260,,5550,21,,,0,222,,5551,21,,,0,220,,5549,21,,,0
3001,'5308',2151,,5552,21,,,0
