701,'4327',718,,2454,10,,,0,109,,3860,10,,,0,121,,2459,10,,,0,104,,2455,10,,,0,151,,3859,10,,,0,106,,2452,10,,,0,109,,2456,10,,,0,112,,2450,10,,,0,111,,2458,10,,,0,106,,2457,10,,,0,110,,2451,10,,,0,145,,2449,10,,,0
701,'4332',717,,2466,10,,,0,110,,3866,10,,,0,110,,2471,10,,,0,111,,3861,10,,,0,152,,3867,10,,,0,109,,3868,10,,,0,112,,3862,10,,,0,104,,3864,10,,,0,120,,3865,10,,,0,102,,2472,10,,,0,110,,3863,10,,,0,145,,3869,10,,,0,105,,3870,10,,,0,108,,2470,10,,,0,127,,2475,10,,,0
701,'4480',713,,2444,10,,,0,103,,2428,10,,,0,614,,2435,10,,,0,105,,2429,10,,,0,280,,2438,10,,,0,40,,2443,10,,,0,301,,2441,10,,,0,192,,2426,10,,,0
701,'4663',1741,,2445,10,,,0
701,'4673',1741,,2447,10,,,0
701,'4681',1741,,2448,10,,,0
701,'5135',1625,,3871,10,,,0
701,'5214',657,,2440,10,,,0,85,,2432,10,,,0,187,,2430,10,,,0,115,,2439,10,,,0,156,,2427,10,,,0,115,,2431,10,,,0,310,,2446,10,,,0,75,,2436,10,,,0,230,,2434,10,,,0,115,,2437,10,,,0,270,,2442,10,,,0
701,'5216',657,,3881,10,,,0,85,,3875,10,,,0,187,,3873,10,,,0,115,,3880,10,,,0,156,,3872,10,,,0,115,,3874,10,,,0,385,,3878,10,,,0,230,,3877,10,,,0,115,,3879,10,,,0,270,,3882,10,,,0
701,'5219',1625,,3883,10,,,0
