4000,'4327',708,,4742,4,,,0,223,,4739,4,,,0,192,,4737,4,,,0,177,,4751,4,,,0,110,,4743,4,,,0,110,,4740,4,,,0,35,,4748,4,,,0,75,,4747,4,,,0,75,,4754,4,,,0,35,,4738,4,,,0,75,,4749,4,,,0,35,,4744,4,,,0,75,,4753,4,,,0
4000,'4332',642,,4839,4,,,0,71,,4844,4,,,0,111,,4824,4,,,0,32,,4840,4,,,0,74,,4821,4,,,0,77,,4837,4,,,0,106,,4828,4,,,0,110,,4820,4,,,0,35,,4825,4,,,0,75,,4829,4,,,0,75,,4838,4,,,0,113,,4827,4,,,0,107,,4842,4,,,0,79,,4841,4,,,0,31,,4830,4,,,0,186,,4823,4,,,0,78,,4846,4,,,0,35,,4835,4,,,0
4000,'4480',602,,4804,4,,,0,29,,4805,4,,,0,15,,4812,4,,,0,13,,4806,4,,,0,55,,4807,4,,,0,13,,4808,4,,,0,16,,4810,4,0,6 7,0,12,,4811,4,,,0,57,,4762,4,,,0,15,,4763,4,,,0,16,,4764,4,,,0,15,,4765,4,,,0,55,,4766,4,,,0,17,,4767,4,,,0,15,,4768,4,,,0,70,,4770,4,,,0,13,,4771,4,,,0,14,,4772,4,,,0,71,,4774,4,,,0,15,,4775,4,,,0,14,,4776,4,,,0,70,,4778,4,,,0,15,,4779,4,,,0,15,,4780,4,,,0,14,,4781,4,,,0,54,,4782,4,,,0,15,,4783,4,,,0,15,,4784,4,,,0,13,,4785,4,,,0,55,,4786,4,,,0,14,,4787,4,,,0,16,,4788,4,,,0,15,,4789,4,,,0,69,,4792,4,,,0,32,,4794,4,,,0,53,,4795,4,,,0,50,,4798,4,,,0,56,,4796,4,,,0,32,,4800,4,,,0,60,,4801,4,,,0,20,,4802,4,,,0,319,,4758,4,,,0,70,,4761,4,,,0,31,,4757,4,,,0
4000,'4663',2010,,5581,4,,,0
4000,'4673',1847,,4816,4,,,0,163,,5582,4,,,0,102,,4815,4,,,0
4000,'5241',1847,,4819,4,,,0,265,,4818,4,,,0
4000,'5302',825,,4752,4,,,0,181,,4755,4,,,0,32,,4741,4,,,0,113,,4756,4,,,0,75,,4750,4,,,0,109,,4746,4,,,0,108,,4745,4,,,0
4000,'5303',739,,4809,4,,,0,261,,4769,4,,,0,58,,4773,4,,,0,99,,4777,4,,,0,350,,4790,4,,,0,32,,4793,4,,,0,85,,4797,4,,,0,16,,4791,4,,,0,88,,4799,4,,,0,179,,4803,4,,,0,32,,4760,4,,,0,71,,4817,4,,,0,32,,4759,4,,,0
4000,'5304',739,,5594,4,,,0,261,,5585,4,,,0,58,,5586,4,,,0,99,,5587,4,,,0,350,,5588,4,,,0,32,,5590,4,,,0,85,,5591,4,,,0,16,,5589,4,,,0,88,,5592,4,,,0,179,,5593,4,,,0,32,,5584,4,,,0,103,,5583,4,,,0
4000,'5306',747,,5598,4,,,0,292,,5595,4,,,0,109,,5597,4,,,0,295,,5602,4,,,0,110,,5599,4,,,0,261,,5600,4,,,0,35,,5603,4,,,0,292,,5596,4,,,0,99,,5601,4,,,0
4000,'5307',825,,5608,4,,,0,181,,5609,4,,,0,32,,5604,4,,,0,113,,5610,4,,,0,75,,5607,4,,,0,109,,5606,4,,,0,108,,5605,4,,,0
4000,'5308',2010,,5611,4,,,0
1002000,'4327',913,,3594,4,,,0,440,,3598,4,,,0,497,,3596,4,,,0
1002000,'4332',948,,3607,4,,,0,260,,3606,4,,,0,212,,3609,4,,,0,393,,3603,4,,,0
1002000,'4480',727,,4996,4,,,0,90,,4997,4,,,0,95,,4998,4,,,0,698,,3586,4,,,0,113,,3587,4,,,0,113,,3588,4,,,0,406,,3589,4,,,0
1002000,'4663',2042,,5719,4,,,0
1002000,'4673',2042,,5720,4,,,0
1002000,'5302',655,,4995,4,,,0,467,,3593,4,,,0,488,,3595,4,,,0
1002000,'5303',620,,3578,4,,,0,402,,3582,4,,,0,109,,3583,4,,,0,110,,4999,4,,,0,178,,3585,4,,,0,623,,3592,4,,,0
1002000,'5304',620,,5721,4,,,0,402,,5722,4,,,0,109,,5723,4,,,0,110,,5724,4,,,0,178,,5725,4,,,0
1002000,'5306',619,,5730,4,,,0,112,,5731,4,,,0,110,,5727,4,,,0,261,,5732,4,,,0,206,,5728,4,,,0,230,,5729,4,,,0,110,,5733,4,,,0,390,,5726,4,,,0
1002000,'5307',655,,5736,4,,,0,467,,5734,4,,,0,488,,5735,4,,,0
1002000,'5308',2042,,5737,4,,,0
