7200,'4327',736,,3339,25,,,0,364,,3333,25,,,0,120,,3332,25,,,0,219,,3335,25,,,0,102,,3336,25,,,0,114,,3337,25,,,0,150,,3338,25,,,0,110,,3330,25,,,0
7200,'4332',717,,3363,25,,,0,96,,3340,25,,,0,88,,3348,25,,,0,109,,4947,25,,,0,110,,4948,25,,,0,110,,4949,25,,,0,110,,3352,25,,,0,110,,3354,25,,,0,84,,3355,25,,,0,66,,3356,25,,,0,148,,3358,25,,,0,72,,4950,25,,,0,35,,4951,25,,,0,147,,4952,25,,,0,116,,4953,25,,,0,102,,3346,25,,,0
7200,'4480',652,,3325,25,,,0,75,,4944,25,,,0,73,,3323,25,,,0,37,,3322,25,,,0,74,,3302,25,,,0,144,,4935,25,,,0,150,,4936,25,,,0,35,,3308,25,,,0,298,,3313,25,,,0,108,,4939,25,,,0,264,,3318,25,,,0,111,,4942,25,,,0,102,,4943,25,,,0,100,,3321,25,,,0
7200,'4661',1758,,3326,25,,,0
7200,'4663',1758,,3327,25,,,0
7200,'4673',2323,,4945,25,,,0
7200,'5241',2323,,4946,25,,,0
7200,'5302',841,,4934,25,,,0,114,,3331,25,,,0,364,,3334,25,,,0
7200,'5303',945,,3303,25,,,0,75,,3304,25,,,0,110,,3306,25,,,0,185,,4937,25,,,0,35,,3310,25,,,0,78,,4938,25,,,0,75,,3312,25,,,0,108,,3314,25,,,0,110,,4940,25,,,0,114,,4941,25,,,0
7200,'5304',945,,5656,25,,,0,75,,5657,25,,,0,110,,5658,25,,,0,185,,5659,25,,,0,35,,5660,25,,,0,78,,5661,25,,,0,75,,5662,25,,,0,108,,5663,25,,,0,110,,5664,25,,,0,114,,5665,25,,,0
7200,'5306',922,,5666,25,,,0,124,,5668,25,,,0,157,,5669,25,,,0,109,,5670,25,,,0,111,,5672,25,,,0,221,,5673,25,,,0,66,,5667,25,,,0,610,,5671,25,,,0
7200,'5307',841,,5674,25,,,0,114,,5675,25,,,0,364,,5676,25,,,0
