3001,'4327',808,,2937,12,,,0,342,,2940,12,,,0,259,,2941,12,,,0,221,,2933,12,,,0,214,,4691,12,,,0,115,,2936,12,,,0
3001,'4332',851,,2952,12,,,0,77,,4706,12,,,0,113,,2951,12,,,0,297,,2943,12,,,0,106,,2950,12,,,0,188,,4704,12,,,0,108,,4702,12,,,0,110,,2947,12,,,0,75,,2949,12,,,0,108,,4708,12,,,0
3001,'4480',632,,4698,12,,,0,85,,4697,12,,,0,37,,2922,12,,,0,58,,2924,12,,,0,17,,2921,12,,,0,18,,2925,12,,,0,91,,2900,12,,,0,75,,2901,12,,,0,35,,2902,12,,,0,75,,2903,12,,,0,35,,2904,12,,,0,75,,2906,12,,,0,75,,2907,12,,,0,35,,2908,12,,,0,75,,4695,12,,,0,36,,2909,12,,,0,77,,2910,12,,,0,109,,2911,12,,,0,109,,2913,12,,,0,110,,2915,12,,,0,75,,2917,12,,,0,407,,2919,12,,,0
3001,'4663',1605,,5524,12,,,0,539,,5525,12,,,0
3001,'4673',2144,,5526,12,,,0
3001,'5302',929,,4692,12,,,0,110,,2931,12,,,0,220,,4693,12,,,0,262,,4694,12,,,0,220,,2935,12,,,0
3001,'5303',904,,2899,12,,,0,701,,2926,12,,,0,110,,2912,12,,,0,109,,2914,12,,,0,219,,2918,12,,,0,101,,4701,12,,,0,97,,4696,12,,,0
3001,'5304',904,,5527,12,,,0,811,,5528,12,,,0,109,,5529,12,,,0,219,,5531,12,,,0,198,,5530,12,,,0
3001,'5305',1605,,5532,12,,,0
3001,'5306',743,,5541,12,,,0,261,,5537,12,,,0,112,,5538,12,,,0,35,,5534,12,,,0,76,,5543,12,,,0,75,,5544,12,,,0,111,,5535,12,,,0,108,,5540,12,,,0,35,,5539,12,,,0,149,,5546,12,,,0,110,,5545,12,,,0,327,,5533,12,,,0,100,,5542,12,,,0,102,,5536,12,,,0
3001,'5307',929,,5548,12,,,0,110,,5547,12,,,0,220,,5550,12,,,0,262,,5551,12,,,0,220,,5549,12,,,0
3001,'5308',2144,,5552,12,,,0
