1501,'4327',1313,,4628,8,,,0,329,,4627,8,,,0
1501,'4480',843,,2698,8,,,0,69,,2699,8,,,0,30,,2700,8,,,0,70,,2697,8,,,0,30,,4634,8,,,0,70,,4635,8,,,0,29,,4636,8,,,0,71,,4637,8,,,0,130,,2705,8,,,0,769,,4639,8,,,0
1501,'4663',2001,,5438,8,,,0
1501,'4673',2001,,5439,8,,,0
1501,'5302',832,,4629,8,,,0,111,,4633,8,,,0,110,,2712,8,,,0,150,,4630,8,,,0,220,,2715,8,,,0,110,,2718,8,,,0,219,,4632,8,,,0,150,,4631,8,,,0
1501,'5303',1315,,2706,8,,,0,536,,4638,8,,,0,150,,2711,8,,,0
1501,'5304',1315,,5440,8,,,0,536,,5441,8,,,0
1501,'5306',758,,5450,8,,,0,185,,5451,8,,,0,102,,5448,8,,,0,158,,5452,8,,,0,112,,5449,8,,,0,109,,5447,8,,,0,110,,5442,8,,,0,109,,5444,8,,,0,111,,5445,8,,,0,148,,5446,8,,,0,112,,5443,8,,,0,107,,5453,8,,,0
1501,'5307',832,,5456,8,,,0,111,,5461,8,,,0,110,,5454,8,,,0,150,,5457,8,,,0,220,,5455,8,,,0,110,,5458,8,,,0,219,,5460,8,,,0,150,,5459,8,,,0
1501,'5308',2001,,5462,8,,,0
3001,'4327',836,,2937,46,,,0,383,,2940,46,,,0,220,,2941,46,,,0,219,,2933,46,,,0,252,,4691,46,,,0,115,,2936,46,,,0
3001,'4332',919,,2952,46,,,0,37,,4706,46,,,0,153,,2951,46,,,0,299,,2943,46,,,0,106,,2950,46,,,0,186,,4704,46,,,0,108,,4702,46,,,0,109,,2947,46,,,0,35,,2949,46,,,0,148,,4708,46,,,0
3001,'4480',658,,4698,46,,,0,88,,4697,46,,,0,79,,2922,46,,,0,18,,2924,46,,,0,16,,2921,46,,,0,57,,2925,46,,,0,92,,2900,46,,,0,35,,2901,46,,,0,75,,2902,46,,,0,35,,2903,46,,,0,76,,2904,46,,,0,75,,2906,46,,,0,35,,2907,46,,,0,76,,2908,46,,,0,36,,4695,46,,,0,76,,2909,46,,,0,77,,2910,46,,,0,107,,2911,46,,,0,108,,2913,46,,,0,108,,2915,46,,,0,75,,2917,46,,,0,404,,2919,46,,,0
3001,'4663',1638,,5524,46,,,0,571,,5525,46,,,0
3001,'4673',2209,,5526,46,,,0
3001,'5302',958,,4692,46,,,0,150,,2931,46,,,0,221,,4693,46,,,0,222,,4694,46,,,0,257,,2935,46,,,0
3001,'5303',933,,2899,46,,,0,705,,2926,46,,,0,107,,2912,46,,,0,108,,2914,46,,,0,256,,2918,46,,,0,100,,4701,46,,,0,97,,4696,46,,,0
3001,'5304',933,,5527,46,,,0,812,,5528,46,,,0,108,,5529,46,,,0,256,,5531,46,,,0,197,,5530,46,,,0
3001,'5305',1638,,5532,46,,,0
3001,'5306',811,,5541,46,,,0,221,,5537,46,,,0,112,,5538,46,,,0,77,,5534,46,,,0,36,,5543,46,,,0,75,,5544,46,,,0,111,,5535,46,,,0,108,,5540,46,,,0,75,,5539,46,,,0,107,,5546,46,,,0,110,,5545,46,,,0,365,,5533,46,,,0,100,,5542,46,,,0,101,,5536,46,,,0
3001,'5307',958,,5548,46,,,0,150,,5547,46,,,0,221,,5550,46,,,0,222,,5551,46,,,0,257,,5549,46,,,0
3001,'5308',2209,,5552,46,,,0
1001501,'4480',731,,3567,13,,,0,78,,3566,13,,,0,440,,4992,13,,,0,206,,3569,13,,,0,76,,3572,13,,,0,77,,3575,13,,,0,37,,3574,13,,,0,74,,3571,13,,,0,35,,3573,13,,,0
1001501,'4673',1828,,4993,13,,,0
1001501,'5241',1828,,4994,13,,,0
1001501,'5303',1419,,3568,13,,,0
1001501,'5304',1419,,5718,13,,,0
