4001,'4327',734,,3226,46,,,0,107,,3214,46,,,0,271,,3223,46,,,0,111,,3210,46,,,0,110,,4848,46,,,0,110,,3211,46,,,0,75,,3219,46,,,0,37,,3215,46,,,0,147,,3209,46,,,0,110,,4852,46,,,0,33,,4856,46,,,0,109,,4849,46,,,0,75,,4851,46,,,0
4001,'4332',816,,3243,46,,,0,108,,3248,46,,,0,114,,4917,46,,,0,76,,4906,46,,,0,35,,4918,46,,,0,76,,4909,46,,,0,76,,3237,46,,,0,35,,3238,46,,,0,182,,3245,46,,,0,37,,3239,46,,,0,75,,4916,46,,,0,75,,4910,46,,,0,107,,4915,46,,,0,109,,4911,46,,,0,109,,3252,46,,,0,108,,4919,46,,,0,75,,4914,46,,,0,100,,4907,46,,,0
4001,'4480',702,,3199,46,,,0,33,,4898,46,,,0,75,,4902,46,,,0,16,,4899,46,,,0,14,,4900,46,,,0,17,,4901,46,,,0,55,,4865,46,,,0,28,,4869,46,,,0,14,,4870,46,,,0,55,,4866,46,,,0,15,,4867,46,,,0,30,,4872,46,,,0,55,,4873,46,,,0,16,,4874,46,,,0,15,,4875,46,,,0,15,,4876,46,,,0,56,,4877,46,,,0,15,,3172,46,,,0,18,,4878,46,,,0,85,,4879,46,,,0,30,,4880,46,,,0,56,,4881,46,,,0,16,,4882,46,,,0,70,,4884,46,,,0,15,,4885,46,,,0,15,,4886,46,,,0,15,,4887,46,,,0,54,,4888,46,,,0,15,,4889,46,,,0,30,,4890,46,,,0,55,,4891,46,,,0,14,,3191,46,,,0,28,,4903,46,,,0,15,,4895,46,,,0,54,,3196,46,,,0,29,,4894,46,,,0,15,,4896,46,,,0,91,,4864,46,,,0,60,,4860,46,,,0,108,,3151,46,,,0,100,,4859,46,,,0,26,,4862,46,,,0,69,,4858,46,,,0,30,,4861,46,,,0,70,,4857,46,,,0
4001,'4673',2045,,4904,46,,,0
4001,'5241',2045,,4905,46,,,0
4001,'5302',1002,,4853,46,,,0,146,,4850,46,,,0,153,,4847,46,,,0,107,,4855,46,,,0,214,,3218,46,,,0,115,,4854,46,,,0,177,,3212,46,,,0
4001,'5303',926,,4868,46,,,0,113,,4871,46,,,0,220,,3174,46,,,0,55,,3175,46,,,0,30,,3177,46,,,0,102,,4883,46,,,0,184,,3188,46,,,0,97,,4892,46,,,0,98,,4893,46,,,0,85,,4897,46,,,0,16,,3158,46,,,0,100,,4863,46,,,0,118,,3155,46,,,0
4001,'5304',926,,5615,46,,,0,113,,5616,46,,,0,220,,5617,46,,,0,55,,5618,46,,,0,30,,5619,46,,,0,102,,5620,46,,,0,184,,5621,46,,,0,97,,5622,46,,,0,98,,5623,46,,,0,85,,5624,46,,,0,16,,5614,46,,,0,100,,5613,46,,,0,118,,5612,46,,,0
4001,'5306',732,,5634,46,,,0,118,,5633,46,,,0,151,,5630,46,,,0,411,,5632,46,,,0,35,,5625,46,,,0,290,,5631,46,,,0,110,,5627,46,,,0,109,,5626,46,,,0,148,,5628,46,,,0,309,,5629,46,,,0
4001,'5307',1002,,5639,46,,,0,146,,5637,46,,,0,153,,5635,46,,,0,107,,5641,46,,,0,214,,5638,46,,,0,115,,5640,46,,,0,177,,5636,46,,,0
