7201,'4327',1026,,3396,18,,,0,116,,3397,18,,,0,259,,3399,18,,,0,107,,3400,18,,,0,111,,3401,18,,,0,106,,3402,18,,,0,110,,3393,18,,,0
7201,'4332',729,,3405,18,,,0,206,,4968,18,,,0,111,,4970,18,,,0,110,,4969,18,,,0,150,,3414,18,,,0,110,,3417,18,,,0,43,,3418,18,,,0,67,,3419,18,,,0,187,,3421,18,,,0,32,,4971,18,,,0,75,,4972,18,,,0,110,,4974,18,,,0,96,,4973,18,,,0,122,,3409,18,,,0,199,,3411,18,,,0
7201,'4480',724,,3387,18,,,0,77,,3385,18,,,0,34,,3386,18,,,0,185,,4956,18,,,0,111,,4955,18,,,0,75,,3371,18,,,0,295,,3375,18,,,0,110,,4959,18,,,0,219,,3380,18,,,0,110,,4962,18,,,0,105,,4963,18,,,0,100,,3381,18,,,0
7201,'4661',1721,,3388,18,,,0
7201,'4663',1721,,3389,18,,,0
7201,'4673',2244,,4964,18,,,0,99,,4965,18,,,0
7201,'5241',2244,,4966,18,,,0,99,,4967,18,,,0
7201,'5302',802,,4954,18,,,0,113,,3394,18,,,0,331,,3395,18,,,0,704,,3398,18,,,0
7201,'5303',910,,3365,18,,,0,35,,3366,18,,,0,111,,3370,18,,,0,185,,4957,18,,,0,75,,3372,18,,,0,35,,4958,18,,,0,75,,3374,18,,,0,110,,3376,18,,,0,110,,4960,18,,,0,109,,4961,18,,,0,150,,3382,18,,,0
7201,'5304',910,,5677,18,,,0,35,,5678,18,,,0,111,,5680,18,,,0,185,,5679,18,,,0,75,,5681,18,,,0,35,,5682,18,,,0,75,,5683,18,,,0,110,,5684,18,,,0,110,,5685,18,,,0,109,,5686,18,,,0,150,,5687,18,,,0
7201,'5306',839,,5688,18,,,0,174,,5690,18,,,0,108,,5691,18,,,0,110,,5692,18,,,0,118,,5694,18,,,0,260,,5695,18,,,0,27,,5689,18,,,0,219,,5696,18,,,0,393,,5693,18,,,0
7201,'5307',802,,5697,18,,,0,113,,5698,18,,,0,331,,5699,18,,,0,704,,5700,18,,,0
