3100,'4327',1000,,2983,7,,,0,120,,4712,7,,,0,130,,2984,7,,,0,165,,4711,7,,,0,130,,2990,7,,,0,465,,2988,7,,,0
3100,'4332',746,,2995,7,,,0,375,,3000,7,,,0,330,,2991,7,,,0,100,,2992,7,,,0,100,,2997,7,,,0,200,,4723,7,,,0
3100,'4480',846,,2968,7,,,0,90,,2969,7,,,0,109,,4713,7,,,0,100,,2971,7,,,0,100,,2972,7,,,0,100,,4714,7,,,0,100,,2974,7,,,0,98,,2975,7,,,0,102,,4715,7,,,0,100,,4716,7,,,0
3100,'4663',1950,,5553,7,,,0
3100,'4673',1950,,5554,7,,,0
3100,'5302',835,,2987,7,,,0,870,,2982,7,,,0,126,,2985,7,,,0
3100,'5303',640,,2966,7,,,0,94,,2967,7,,,0,1116,,4717,7,,,0,100,,4720,7,,,0
3100,'5304',640,,5555,7,,,0,94,,5556,7,,,0,1116,,5557,7,,,0
3100,'5306',851,,5561,7,,,0,98,,5562,7,,,0,302,,5558,7,,,0,100,,5560,7,,,0,400,,5559,7,,,0
3100,'5307',835,,5565,7,,,0,870,,5563,7,,,0,126,,5564,7,,,0
3100,'5308',1950,,5566,7,,,0
