700,'4327',738,2,2403,16,,,0,110,2,2409,16,,,0,161,2,2408,16,,,0,104,2,2404,16,,,0,111,2,2402,16,,,0,106,2,2401,16,,,0,109,2,2405,16,,,0,112,2,2399,16,,,0,151,2,2407,16,,,0,106,2,2406,16,,,0,110,2,2400,16,,,0,105,2,2398,16,,,0
700,'4332',738,2,2415,16,,,0,110,2,2416,16,,,0,110,2,2420,16,,,0,151,2,2410,16,,,0,112,2,2417,16,,,0,109,2,2418,16,,,0,112,2,2411,16,,,0,104,2,2413,16,,,0,160,2,2414,16,,,0,102,2,2421,16,,,0,110,2,2412,16,,,0,105,2,2422,16,,,0,105,2,2423,16,,,0,108,2,2419,16,,,0,166,2,2424,16,,,0
700,'4480',633,2,2380,16,,,0,85,2,2388,16,,,0,17,2,2393,16,,,0,69,2,2381,16,,,0,34,2,2377,16,,,0,113,2,2379,16,,,0,155,2,2387,16,,,0,115,,2376,16,,,0,115,,2378,16,,,0,115,,2384,16,,,0,105,,2385,16,,,0,164,,2383,16,,,0,114,,2382,16,,,0,80,,2392,16,,,0,35,,2386,16,,,0,155,,2390,16,,,0,111,,2389,16,,,0,119,,2391,16,,,0,73,,2375,16,,,0
700,'4663',1800,,2394,16,,,0
700,'4673',1645,,2395,16,,,0,155,,2396,16,,,0
700,'4681',1800,,2397,16,,,0
700,'5135',1645,,2425,16,,,0
800,'4327',738,2,2497,17,,,0,110,2,2498,17,,,0,161,2,2499,17,,,0,104,2,2500,17,,,0,111,2,2501,17,,,0,117,2,2502,17,,,0,109,2,2503,17,,,0,152,2,2496,17,,,0,111,2,2494,17,,,0,106,2,2495,17,,,0,110,2,2504,17,,,0,105,2,2505,17,,,0
800,'4332',738,2,2508,17,,,0,110,2,2507,17,,,0,110,2,2509,17,,,0,151,2,2510,17,,,0,123,2,2518,17,,,0,109,2,2519,17,,,0,112,2,2511,17,,,0,104,2,2512,17,,,0,160,2,2513,17,,,0,102,2,2514,17,,,0,110,2,2506,17,,,0,105,2,2515,17,,,0,105,2,2517,17,,,0,108,2,2516,17,,,0
800,'4480',605,2,2487,17,,,0,130,2,2478,17,,,0,103,2,2481,17,,,0,113,2,2486,17,,,0,155,2,2477,17,,,0,125,,2485,17,,,0,115,,2480,17,,,0,157,,2479,17,,,0,230,,2482,17,,,0,113,,2484,17,,,0,154,,2483,17,,,0,114,,2488,17,,,0,111,,2489,17,,,0,118,,2490,17,,,0
800,'4663',1608,,2491,17,,,0
800,'4673',1608,,2492,17,,,0
800,'4681',1608,,2493,17,,,0
7000,'4327',1010,,3269,9,,,0,148,,3265,9,,,0,174,,3266,9,,,0,307,,3267,9,,,0,319,,3268,9,,,0
7000,'4332',910,,3277,9,,,0,100,,3273,9,,,0,148,,3275,9,,,0,174,,3271,9,,,0,307,,3272,9,,,0,167,,3270,9,,,0,152,,3274,9,,,0,190,,3276,9,,,0
7000,'4480',717,,3258,9,,,0,105,,3256,9,,,0,191,,3259,9,,,0,329,,3257,9,,,0,284,,3261,9,,,0,199,,3260,9,,,0
7000,'4663',2058,,3263,9,,,0,142,,3262,9,,,0
7000,'4673',1951,,3264,9,,,0
7000,'5135',1951,,3278,9,,,0
7800,'4480',640,,3429,4,,,0,100,,3430,4,,,0,270,,3431,4,,,0,605,,3432,4,,,0
7800,'4663',1843,,3433,4,,,0
7800,'4673',1843,,3434,4,,,0
7800,'4681',1843,,3435,4,,,0
