500,'4480',634,,2193,25,,,0,86,,2192,25,,,0,117,,2196,25,,,0,106,,2187,25,,,0,110,,2191,25,,,0,101,,2189,25,,,0,99,,2190,25,,,0,169,,2194,25,,,0,99,,2188,25,,,0,501,,2195,25,,,0,108,,2198,25,,,0,108,,2197,25,,,0,89,,2199,25,,,0
500,'4661',1907,,2201,25,,,0
500,'4663',1636,,2205,25,,,0,117,,2203,25,,,0,154,,2204,25,,,0
500,'4673',1636,,2208,25,,,0,117,,2207,25,,,0
500,'4681',1636,,2211,25,,,0,117,,2210,25,,,0
500,'4970',909,,2215,25,,,0,110,,2217,25,,,0,112,,2212,25,,,0,100,,2213,25,,,0,170,,2219,25,,,0,104,,2214,25,,,0,116,,2221,25,,,0,110,,2220,25,,,0,110,,2222,25,,,0,110,,2218,25,,,0
500,'5131',822,,2223,25,,,0,196,,2224,25,,,0,110,,2225,25,,,0,116,,2226,25,,,0,157,,2227,25,,,0,109,,2228,25,,,0,110,,2229,25,,,0,108,,2230,25,,,0,112,,2231,25,,,0,109,,2232,25,,,0,105,,2233,25,,,0,147,,2234,25,,,0,109,,2235,25,,,0
600,'4480',642,,2299,25,,,0,88,,2293,25,,,0,28,,2288,25,,,0,75,,2286,25,,,0,83,,2292,25,,,0,113,,2297,25,,,0,120,,2287,25,,,0,163,,2298,25,,,0,118,,2289,25,,,0,94,,2291,25,,,0,23,,2290,25,,,0,266,,2295,25,,,0,112,,2294,25,,,0,114,,2296,25,,,0,112,,2300,25,,,0,151,,2301,25,,,0,50,,2302,25,,,0
600,'4663',1659,,2303,25,,,0
600,'4673',1659,,2304,25,,,0
600,'4681',1659,,2305,25,,,0
600,'4970',717,,2307,25,,,0,110,,2315,25,,,0,110,,2314,25,,,0,111,,2312,25,,,0,111,,2309,25,,,0,149,,2316,25,,,0,110,,2306,25,,,0,111,,2313,25,,,0,111,,2311,25,,,0,111,,2317,25,,,0,107,,2310,25,,,0,151,,2308,25,,,0
600,'5131',718,,2323,25,,,0,110,,2326,25,,,0,109,,2320,25,,,0,110,,2330,25,,,0,108,,2321,25,,,0,159,,2324,25,,,0,106,,2325,25,,,0,112,,2327,25,,,0,108,,2329,25,,,0,116,,2318,25,,,0,144,,2322,25,,,0,108,,2319,25,,,0,109,,2331,25,,,0,110,,2332,25,,,0,100,,2328,25,,,0
