2000,'4332',1948,,2759,40,,,0,258,,2765,40,,,0,102,,2761,40,,,0
2000,'4480',615,,3977,40,,,0,108,,2747,40,,,0,108,,3978,40,,,0,402,,3972,40,,,0,324,,3975,40,,,0,159,,2742,40,,,0,292,,2744,40,,,0,203,,3976,40,,,0
2001,'4332',2159,,2794,32,,,0,199,,3979,32,,,0
2001,'4480',753,,3988,32,,,0,73,,2777,32,,,0,695,,3985,32,,,0,838,,2774,32,,,0
2001,'4663',1843,,2778,32,,,0,359,,2779,32,,,0
2001,'4673',1843,,2780,32,,,0,359,,2781,32,,,0
2001,'4681',1843,,2782,32,,,0,359,,2783,32,,,0
7200,'4327',718,,3339,4,,,0,105,,4275,4,,,0,113,,3331,4,,,0,105,,3333,4,,,0,160,,3332,4,,,0,99,,3334,4,,,0,120,,3335,4,,,0,102,,3336,4,,,0,114,,3337,4,,,0,110,,3338,4,,,0,110,,3330,4,,,0
7200,'4332',659,,3363,4,,,0,95,,3340,4,,,0,88,,3348,4,,,0,61,,3341,4,,,0,48,,4278,4,,,0,76,,4276,4,,,0,74,,4279,4,,,0,43,,3344,4,,,0,67,,4280,4,,,0,42,,3345,4,,,0,68,,3352,4,,,0,83,,3353,4,,,0,27,,3354,4,,,0,84,,3355,4,,,0,26,,3356,4,,,0,84,,3357,4,,,0,26,,3342,4,,,0,78,,3358,4,,,0,72,,4281,4,,,0,35,,4282,4,,,0,108,,4283,4,,,0,156,,4284,4,,,0,102,,3346,4,,,0,100,,4277,4,,,0
7200,'4480',633,,3325,4,,,0,75,,4295,4,,,0,33,,3323,4,,,0,77,,3322,4,,,0,34,,3302,4,,,0,74,,3303,4,,,0,75,,3304,4,,,0,35,,4286,4,,,0,75,,3306,4,,,0,35,,4287,4,,,0,75,,3308,4,,,0,35,,4288,4,,,0,75,,3310,4,,,0,76,,4289,4,,,0,35,,3312,4,,,0,75,,3313,4,,,0,35,,3314,4,,,0,75,,4290,4,,,0,75,,4291,4,,,0,114,,4292,4,,,0,35,,3318,4,,,0,152,,4293,4,,,0,102,,4294,4,,,0,100,,3321,4,,,0
7200,'4661',1739,,3326,4,,,0
7200,'4663',1739,,3327,4,,,0
7200,'4673',2305,,4296,4,,,0
7200,'5135',2305,,4285,4,,,0
1002000,'4327',723,,4340,46,,,0,218,,3594,46,,,0,210,,3593,46,,,0,272,,3598,46,,,0,218,,3595,46,,,0,277,,3596,46,,,0
1002000,'4332',647,,4344,46,,,0,112,,3605,46,,,0,150,,3600,46,,,0,107,,3607,46,,,0,115,,3608,46,,,0,106,,3606,46,,,0,100,,4342,46,,,0,112,,3609,46,,,0,158,,4343,46,,,0,110,,4345,46,,,0,125,,3603,46,,,0,264,,4341,46,,,0
1002000,'4480',851,,4347,46,,,0,602,,3585,46,,,0,858,,3589,46,,,0
1002000,'4663',2111,,3590,46,,,0
1002000,'4673',2111,,3591,46,,,0
1002000,'4681',2111,,3592,46,,,0
1002001,'4327',813,,3630,32,,,0,213,,3629,32,,,0,232,,4350,32,,,0,262,,4351,32,,,0,217,,3626,32,,,0,304,,3628,32,,,0
1002001,'4332',737,,4353,32,,,0,113,,4354,32,,,0,152,,3631,32,,,0,111,,4352,32,,,0,103,,4360,32,,,0,117,,4359,32,,,0,110,,3632,32,,,0,104,,4356,32,,,0,156,,3633,32,,,0,109,,4357,32,,,0,124,,4355,32,,,0,102,,4361,32,,,0,219,,4358,32,,,0
1002001,'4480',947,,4364,32,,,0,464,,3617,32,,,0,35,,4366,32,,,0,109,,3619,32,,,0,149,,4367,32,,,0,396,,4369,32,,,0,200,,3624,32,,,0
