4001,'4327',734,,3226,47,,,0,107,,3214,47,,,0,271,,3223,47,,,0,111,,3210,47,,,0,110,,4848,47,,,0,110,,3211,47,,,0,75,,3219,47,,,0,37,,3215,47,,,0,147,,3209,47,,,0,110,,4852,47,,,0,33,,4856,47,,,0,109,,4849,47,,,0,75,,4851,47,,,0
4001,'4332',816,,3243,47,,,0,108,,3248,47,,,0,114,,4917,47,,,0,76,,4906,47,,,0,35,,4918,47,,,0,76,,4909,47,,,0,76,,3237,47,,,0,35,,3238,47,,,0,182,,3245,47,,,0,37,,3239,47,,,0,75,,4916,47,,,0,75,,4910,47,,,0,107,,4915,47,,,0,109,,4911,47,,,0,109,,3252,47,,,0,108,,4919,47,,,0,75,,4914,47,,,0,100,,4907,47,,,0
4001,'4480',702,,3199,47,,,0,33,,4898,47,,,0,75,,4902,47,,,0,16,,4899,47,,,0,14,,4900,47,,,0,17,,4901,47,,,0,55,,4865,47,,,0,28,,4869,47,,,0,14,,4870,47,,,0,55,,4866,47,,,0,15,,4867,47,,,0,30,,4872,47,,,0,55,,4873,47,,,0,16,,4874,47,,,0,15,,4875,47,,,0,15,,4876,47,,,0,56,,4877,47,,,0,15,,3172,47,,,0,18,,4878,47,,,0,85,,4879,47,,,0,30,,4880,47,,,0,56,,4881,47,,,0,16,,4882,47,,,0,70,,4884,47,,,0,15,,4885,47,,,0,15,,4886,47,,,0,15,,4887,47,,,0,54,,4888,47,,,0,15,,4889,47,,,0,30,,4890,47,,,0,55,,4891,47,,,0,14,,3191,47,,,0,28,,4903,47,,,0,15,,4895,47,,,0,54,,3196,47,,,0,29,,4894,47,,,0,15,,4896,47,,,0,91,,4864,47,,,0,60,,4860,47,,,0,108,,3151,47,,,0,100,,4859,47,,,0,26,,4862,47,,,0,69,,4858,47,,,0,30,,4861,47,,,0,70,,4857,47,,,0
4001,'4673',2045,,4904,47,,,0
4001,'5241',2045,,4905,47,,,0
4001,'5302',1002,,4853,47,,,0,146,,4850,47,,,0,153,,4847,47,,,0,107,,4855,47,,,0,214,,3218,47,,,0,115,,4854,47,,,0,177,,3212,47,,,0
4001,'5303',926,,4868,47,,,0,113,,4871,47,,,0,220,,3174,47,,,0,55,,3175,47,,,0,30,,3177,47,,,0,102,,4883,47,,,0,184,,3188,47,,,0,97,,4892,47,,,0,98,,4893,47,,,0,85,,4897,47,,,0,16,,3158,47,,,0,100,,4863,47,,,0,118,,3155,47,,,0
4001,'5304',926,,5615,47,,,0,113,,5616,47,,,0,220,,5617,47,,,0,55,,5618,47,,,0,30,,5619,47,,,0,102,,5620,47,,,0,184,,5621,47,,,0,97,,5622,47,,,0,98,,5623,47,,,0,85,,5624,47,,,0,16,,5614,47,,,0,100,,5613,47,,,0,118,,5612,47,,,0
4001,'5306',732,,5634,47,,,0,118,,5633,47,,,0,151,,5630,47,,,0,411,,5632,47,,,0,35,,5625,47,,,0,290,,5631,47,,,0,110,,5627,47,,,0,109,,5626,47,,,0,148,,5628,47,,,0,309,,5629,47,,,0
4001,'5307',1002,,5639,47,,,0,146,,5637,47,,,0,153,,5635,47,,,0,107,,5641,47,,,0,214,,5638,47,,,0,115,,5640,47,,,0,177,,5636,47,,,0
