3000,'4730',646,,895,46,,,0,93,,897,46,,,0,19,,893,46,,,0,58,,898,46,,,0,17,,896,46,,,0,17,,899,46,,,0,58,,894,46,,,0,34,,873,46,,,0,75,,874,46,,,0,35,,875,46,,,0,75,,876,46,,,0,75,,877,46,,,0,35,,878,46,,,0,75,,879,46,,,0,35,,881,46,,,0,74,,882,46,,,0,36,,883,46,,,0,75,,880,46,,,0,75,,884,46,,,0,110,,885,46,,,0,38,,886,46,,,0,75,,887,46,,,0,75,,888,46,,,0,109,,889,46,,,0,102,,890,46,,,0,99,,891,46,,,0,101,,892,46,,,0
3000,'4738',716,,913,46,,,0,106,,920,46,,,0,37,,912,46,,,0,72,,911,46,,,0,74,,910,46,,,0,37,,906,46,,,0,73,,904,46,,,0,35,,919,46,,,0,76,,918,46,,,0,75,,921,46,,,0,35,,905,46,,,0,75,,902,46,,,0,35,,909,46,,,0,75,,914,46,,,0,38,,900,46,,,0,71,,916,46,,,0,75,,908,46,,,0,39,,901,46,,,0,70,,907,46,,,0,36,,903,46,,,0,150,,915,46,,,0,216,,917,46,,,0
3000,'4781',741,,928,46,,,0,263,,927,46,,,0,108,,931,46,,,0,114,,922,46,,,0,110,,924,46,,,0,110,,930,46,,,0,109,,925,46,,,0,150,,926,46,,,0,110,,923,46,,,0,109,,929,46,,,0
3000,'4784',1642,,932,46,,,0
3000,'5028',858,,933,46,,,0
3000,'5029',722,,935,46,,,0,920,,934,46,,,0
3000,'5030',722,,936,46,,,0
3000,'5031',1642,,937,46,,,0
3000,'5032',2112,,938,46,,,0,203,,939,46,,,0
3000,'5033',858,,940,46,,,0
