3101,'4327',943,,3019,2,,,0,160,,4725,2,,,0,130,,3020,2,,,0,125,,4724,2,,,0,170,,3026,2,,,0,425,,3024,2,,,0
3101,'4332',729,,3031,2,,,0,375,,3036,2,,,0,330,,3027,2,,,0,100,,3028,2,,,0,100,,3033,2,,,0,200,,4736,2,,,0
3101,'4480',830,,3004,2,,,0,90,,3005,2,,,0,109,,4726,2,,,0,100,,3008,2,,,0,100,,3009,2,,,0,100,,4727,2,,,0,100,,3007,2,,,0,98,,3011,2,,,0,102,,4728,2,,,0,100,,4729,2,,,0
3101,'4663',1934,,5567,2,,,0
3101,'4673',1934,,5568,2,,,0
3101,'5302',818,,3023,2,,,0,830,,3018,2,,,0,166,,3021,2,,,0
3101,'5303',624,,3002,2,,,0,94,,3003,2,,,0,1116,,4730,2,,,0,100,,4733,2,,,0
3101,'5304',624,,5569,2,,,0,94,,5570,2,,,0,1116,,5571,2,,,0
3101,'5306',834,,5575,2,,,0,98,,5576,2,,,0,302,,5572,2,,,0,100,,5574,2,,,0,400,,5573,2,,,0
3101,'5307',818,,5579,2,,,0,830,,5577,2,,,0,166,,5578,2,,,0
3101,'5308',1934,,5580,2,,,0
