3000,'4327',728,,2869,26,,,0,117,,4678,26,,,0,106,,4677,26,,,0,107,,2872,26,,,0,154,,2863,26,,,0,110,,2865,26,,,0,110,,2871,26,,,0,109,,2866,26,,,0,110,,4676,26,,,0,150,,2864,26,,,0
3000,'4332',808,,2896,26,,,0,37,,4687,26,,,0,72,,2887,26,,,0,34,,4686,26,,,0,184,,2895,26,,,0,76,,2894,26,,,0,110,,2881,26,,,0,35,,2876,26,,,0,75,,4685,26,,,0,75,,2890,26,,,0,38,,4683,26,,,0,106,,2884,26,,,0,150,,2883,26,,,0,258,,2878,26,,,0,144,,4690,26,,,0
3000,'4480',633,,4680,26,,,0,91,,2855,26,,,0,18,,2850,26,,,0,58,,2856,26,,,0,34,,2857,26,,,0,18,,2851,26,,,0,75,,2832,26,,,0,75,,2833,26,,,0,35,,2834,26,,,0,75,,2835,26,,,0,34,,2836,26,,,0,75,,2837,26,,,0,35,,2838,26,,,0,74,,2839,26,,,0,74,,2840,26,,,0,35,,2841,26,,,0,111,,2842,26,,,0,151,,2843,26,,,0,115,,2844,26,,,0,35,,2845,26,,,0,251,,4679,26,,,0,202,,2849,26,,,0
3000,'4663',1515,,5506,26,,,0,225,,5507,26,,,0
3000,'4673',1626,,4681,26,,,0
3000,'5241',1626,,4682,26,,,0
3000,'5302',1911,,2870,26,,,0
3000,'5303',708,,2854,26,,,0,109,,2853,26,,,0,698,,2858,26,,,0,225,,2859,26,,,0,260,,2846,26,,,0,203,,2848,26,,,0
3000,'5304',708,,5511,26,,,0,109,,5510,26,,,0,1183,,5508,26,,,0,203,,5509,26,,,0
3000,'5305',1515,,5512,26,,,0,225,,5513,26,,,0
3000,'5306',702,,5519,26,,,0,326,,5518,26,,,0,72,,5517,26,,,0,146,,5522,26,,,0,369,,5521,26,,,0,114,,5514,26,,,0,107,,5515,26,,,0,110,,5520,26,,,0,355,,5516,26,,,0
3000,'5307',1911,,5523,26,,,0
