4001,'4327',654,,3226,5,,,0,146,,3214,5,,,0,228,,3223,5,,,0,111,,3210,5,,,0,109,,4848,5,,,0,110,,3211,5,,,0,75,,3219,5,,,0,77,,3215,5,,,0,110,,3209,5,,,0,111,,4852,5,,,0,75,,4856,5,,,0,110,,4849,5,,,0,35,,4851,5,,,0
4001,'4332',733,,3243,5,,,0,107,,3248,5,,,0,112,,4917,5,,,0,76,,4906,5,,,0,74,,4918,5,,,0,36,,4909,5,,,0,75,,3237,5,,,0,35,,3238,5,,,0,182,,3245,5,,,0,78,,3239,5,,,0,36,,4916,5,,,0,75,,4910,5,,,0,109,,4915,5,,,0,110,,4911,5,,,0,110,,3252,5,,,0,110,,4919,5,,,0,75,,4914,5,,,0,100,,4907,5,,,0
4001,'4480',623,,3199,5,,,0,31,,4898,5,,,0,70,,4902,5,,,0,16,,4899,5,,,0,15,,4900,5,,,0,56,,4901,5,,,0,17,,4865,5,,,0,30,,4869,5,,,0,55,,4870,5,,,0,15,,4866,5,,,0,15,,4867,5,,,0,70,,4872,5,,,0,15,,4873,5,,,0,15,,4874,5,,,0,15,,4875,5,,,0,55,,4876,5,,,0,15,,4877,5,,,0,15,,3172,5,,,0,16,,4878,5,,,0,85,,4879,5,,,0,70,,4880,5,,,0,15,,4881,5,,,0,15,,4882,5,,,0,70,,4884,5,,,0,15,,4885,5,,,0,15,,4886,5,,,0,15,,4887,5,,,0,55,,4888,5,,,0,15,,4889,5,,,0,30,,4890,5,,,0,55,,4891,5,,,0,15,,3191,5,,,0,30,,4903,5,,,0,55,,4895,5,,,0,15,,3196,5,,,0,30,,4894,5,,,0,55,,4896,5,,,0,92,,4864,5,,,0,20,,4860,5,,,0,109,,3151,5,,,0,101,,4859,5,,,0,69,,4862,5,,,0,30,,4858,5,,,0,70,,4861,5,,,0,30,,4857,5,,,0
4001,'4673',2006,,4904,5,,,0
4001,'5241',2006,,4905,5,,,0
4001,'5302',918,,4853,5,,,0,186,,4850,5,,,0,112,,4847,5,,,0,107,,4855,5,,,0,216,,3218,5,,,0,116,,4854,5,,,0,180,,3212,5,,,0
4001,'5303',843,,4868,5,,,0,115,,4871,5,,,0,256,,3174,5,,,0,15,,3175,5,,,0,30,,3177,5,,,0,100,,4883,5,,,0,185,,3188,5,,,0,100,,4892,5,,,0,100,,4893,5,,,0,85,,4897,5,,,0,17,,3158,5,,,0,100,,4863,5,,,0,159,,3155,5,,,0
4001,'5304',843,,5615,5,,,0,115,,5616,5,,,0,256,,5617,5,,,0,15,,5618,5,,,0,30,,5619,5,,,0,100,,5620,5,,,0,185,,5621,5,,,0,100,,5622,5,,,0,100,,5623,5,,,0,85,,5624,5,,,0,17,,5614,5,,,0,100,,5613,5,,,0,159,,5612,5,,,0
4001,'5306',650,,5634,5,,,0,157,,5633,5,,,0,108,,5630,5,,,0,409,,5632,5,,,0,35,,5625,5,,,0,294,,5631,5,,,0,151,,5627,5,,,0,109,,5626,5,,,0,110,,5628,5,,,0,311,,5629,5,,,0
4001,'5307',918,,5639,5,,,0,186,,5637,5,,,0,112,,5635,5,,,0,107,,5641,5,,,0,216,,5638,5,,,0,116,,5640,5,,,0,180,,5636,5,,,0
