1500,'4327',745,,2682,2,,,0,113,,2681,2,,,0,150,,2679,2,,,0,111,,2677,2,,,0,108,,2683,2,,,0,109,,2675,2,,,0,110,,2678,2,,,0,110,,2674,2,,,0,150,,2684,2,,,0,109,,2680,2,,,0,112,,2676,2,,,0
1500,'4332',745,,2692,2,,,0,110,,2687,2,,,0,150,,2695,2,,,0,107,,2691,2,,,0,119,,2690,2,,,0,105,,2688,2,,,0,110,,2693,2,,,0,110,,2694,2,,,0,154,,2685,2,,,0,106,,2686,2,,,0,111,,2689,2,,,0,107,,2696,2,,,0
1500,'4480',905,,2659,2,,,0,30,,2658,2,,,0,70,,2660,2,,,0,30,,2664,2,,,0,69,,2663,2,,,0,31,,2662,2,,,0,69,,2661,2,,,0,100,,2668,2,,,0,30,,2667,2,,,0,75,,2666,2,,,0,32,,2665,2,,,0,373,,2669,2,,,0,219,,2670,2,,,0
1500,'4663',1923,,2671,2,,,0
1500,'4673',1923,,2672,2,,,0
1500,'4681',1923,,2673,2,,,0
3000,'4327',707,,2869,3,,,0,117,,2873,3,,,0,104,,2868,3,,,0,106,,2872,3,,,0,113,,2863,3,,,0,109,,2865,3,,,0,150,,2871,3,,,0,110,,2866,3,,,0,110,,2867,3,,,0,111,,2864,3,,,0,111,,2870,3,,,0
3000,'4332',642,,2889,3,,,0,105,,2896,3,,,0,77,,2888,3,,,0,31,,2887,3,,,0,73,,2886,3,,,0,77,,2882,3,,,0,31,,2880,3,,,0,75,,2895,3,,,0,35,,2894,3,,,0,74,,2897,3,,,0,35,,2881,3,,,0,75,,2876,3,,,0,75,,2885,3,,,0,35,,2890,3,,,0,79,,2874,3,,,0,32,,2892,3,,,0,75,,2884,3,,,0,79,,2875,3,,,0,31,,2883,3,,,0,76,,2877,3,,,0,111,,2891,3,,,0,113,,2878,3,,,0,104,,2893,3,,,0,100,,2879,3,,,0
3000,'4480',611,,2852,3,,,0,35,,2854,3,,,0,56,,2855,3,,,0,16,,2850,3,,,0,17,,2856,3,,,0,17,,2853,3,,,0,57,,2857,3,,,0,18,,2851,3,,,0,76,,2832,3,,,0,35,,2833,3,,,0,74,,2834,3,,,0,35,,2835,3,,,0,74,,2836,3,,,0,35,,2837,3,,,0,75,,2838,3,,,0,74,,2839,3,,,0,34,,2840,3,,,0,74,,2841,3,,,0,111,,2842,3,,,0,110,,2843,3,,,0,116,,2844,3,,,0,77,,2845,3,,,0,110,,2846,3,,,0,102,,2847,3,,,0,102,,2848,3,,,0,102,,2849,3,,,0
3000,'4661',1448,,2858,3,,,0,266,,2859,3,,,0
3000,'4663',1448,,2860,3,,,0,266,,2861,3,,,0
3000,'4673',1600,,2862,3,,,0
3000,'5135',1600,,2898,3,,,0
1001500,'4480',643,,3558,2,,,0,75,,3555,2,,,0,34,,3557,2,,,0,75,,3556,2,,,0,401,,3559,2,,,0,285,,3562,2,,,0,36,,3563,2,,,0,77,,3560,2,,,0,76,,3561,2,,,0
1001500,'4673',1737,,3564,2,,,0
1001500,'5135',1737,,3565,2,,,0
