1002000,'4327',916,,3594,10,,,0,440,,3598,10,,,0,497,,3596,10,,,0
1002000,'4332',951,,3607,10,,,0,260,,3606,10,,,0,212,,3609,10,,,0,393,,3603,10,,,0
1002000,'4480',730,,4996,10,,,0,91,,4997,10,,,0,94,,4998,10,,,0,698,,3586,10,,,0,113,,3587,10,,,0,113,,3588,10,,,0,406,,3589,10,,,0
1002000,'4663',2045,,5719,10,,,0
1002000,'4673',2045,,5720,10,,,0
1002000,'5302',658,,4995,10,,,0,467,,3593,10,,,0,488,,3595,10,,,0
1002000,'5303',623,,3578,10,,,0,402,,3582,10,,,0,109,,3583,10,,,0,110,,4999,10,,,0,178,,3585,10,,,0,623,,3592,10,,,0
1002000,'5304',623,,5721,10,,,0,402,,5722,10,,,0,109,,5723,10,,,0,110,,5724,10,,,0,178,,5725,10,,,0
1002000,'5306',622,,5730,10,,,0,112,,5731,10,,,0,110,,5727,10,,,0,261,,5732,10,,,0,206,,5728,10,,,0,230,,5729,10,,,0,110,,5733,10,,,0,390,,5726,10,,,0
1002000,'5307',658,,5736,10,,,0,467,,5734,10,,,0,488,,5735,10,,,0
1002000,'5308',2045,,5737,10,,,0
