501,'4327',844,,2264,17,,,0,110,,4480,17,,,0,152,,4478,17,,,0,100,,4479,17,,,0,130,,4481,17,,,0,104,,2263,17,,,0,116,,2270,17,,,0,150,,2269,17,,,0,110,,2271,17,,,0,110,,2267,17,,,0,110,,2265,17,,,0
501,'4332',757,,3781,16,,,0,196,,3782,16,,,0,149,,3783,16,,,0,116,,3784,16,,,0,117,,4495,16,,,0,109,,3786,16,,,0,110,,4496,16,,,0,149,,3788,16,,,0,112,,3789,16,,,0,110,,4497,16,,,0,105,,4498,16,,,0,107,,3792,16,,,0,109,,3780,16,,,0,110,,2272,4,,,0
501,'4480',654,,2241,17,,,0,152,,2245,17,,,0,110,,2237,17,,,0,110,,2242,17,,,0,101,,2239,17,,,0,99,,2240,17,,,0,128,,4483,17,,,0,98,,4482,17,,,0,504,,2243,17,,,0,148,,4484,17,,,0,110,,2246,17,,,0,89,,2248,17,,,0,54,,4485,4,,,0
501,'4661',1841,,2250,17,,,0
501,'4663',1512,,4486,4,,,0,95,,4487,17,,,0,119,,4488,17,,,0,115,,2252,17,,,0
501,'4673',1512,,4489,4,,,0,95,,4490,17,,,0,119,,4491,17,,,0
501,'4681',1512,,4492,4,,,0,95,,4493,17,,,0,119,,4494,17,,,0
1501,'4327',824,,4629,4,,,0,110,,4633,4,,,0,110,,2712,4,,,0,110,,4630,4,,,0,150,,4628,4,,,0,110,,2715,4,,,0,110,,2718,4,,,0,110,,4627,4,,,0,110,,4632,4,,,0,110,,4631,4,,,0
1501,'4332',750,,2730,4,,,0,184,,3960,4,,,0,102,,2728,4,,,0,118,,2732,4,,,0,151,,4641,4,,,0,110,,2727,4,,,0,110,,4640,4,,,0,109,,2724,4,,,0,111,,3958,4,,,0,109,,2726,4,,,0,152,,2723,4,,,0,107,,2733,4,,,0
1501,'4480',834,,2698,4,,,0,69,,2699,4,,,0,30,,2700,4,,,0,70,,2697,4,,,0,30,,4634,4,,,0,70,,4635,4,,,0,29,,4636,4,,,0,71,,4637,4,,,0,103,,2706,4,,,0,27,,2705,4,,,0,510,,4638,4,,,0,260,,4639,4,,,0
1501,'4663',1953,,2709,4,,,0
1501,'4673',1953,,2710,4,,,0
1501,'4681',1953,,2711,4,,,0
1001501,'4480',715,,3567,4,,,0,38,,3566,4,,,0,480,,4992,4,,,0,170,,3568,4,,,0,36,,3569,4,,,0,75,,3572,4,,,0,37,,3575,4,,,0,77,,3574,4,,,0,75,,3571,4,,,0,35,,3573,4,,,0
1001501,'4673',1813,,4993,4,,,0
1001501,'5241',1813,,4994,4,,,0
