1500,'4327',1928,,2676,3,,,0
1500,'4480',906,,2659,3,,,0,30,,2658,3,,,0,70,,2660,3,,,0,30,,4620,3,,,0,69,,4619,3,,,0,31,,4618,3,,,0,69,,4617,3,,,0,100,,2668,3,,,0,105,,2666,3,,,0,32,,2665,3,,,0,592,,4622,3,,,0
1500,'4663',1924,,5411,3,,,0
1500,'4673',1924,,5412,3,,,0
1500,'5302',746,,2682,3,,,0,113,,2681,3,,,0,150,,2679,3,,,0,111,,2677,3,,,0,108,,2683,3,,,0,109,,2675,3,,,0,110,,2678,3,,,0,110,,2674,3,,,0,150,,2684,3,,,0,109,,2680,3,,,0
1500,'5303',1335,,2667,3,,,0,480,,4621,3,,,0,109,,2673,3,,,0
1500,'5304',1335,,5413,3,,,0,480,,5414,3,,,0
1500,'5306',746,,5422,3,,,0,110,,5417,3,,,0,150,,5425,3,,,0,107,,5421,3,,,0,119,,5420,3,,,0,105,,5418,3,,,0,110,,5423,3,,,0,110,,5424,3,,,0,154,,5415,3,,,0,106,,5416,3,,,0,111,,5419,3,,,0,107,,5426,3,,,0
1500,'5307',746,,5434,3,,,0,113,,5433,3,,,0,150,,5431,3,,,0,111,,5429,3,,,0,108,,5435,3,,,0,109,,5428,3,,,0,110,,5430,3,,,0,110,,5427,3,,,0,150,,5436,3,,,0,109,,5432,3,,,0
1500,'5308',1924,,5437,3,,,0
3000,'4327',707,,2869,4,,,0,117,,4678,4,,,0,105,,4677,4,,,0,106,,2872,4,,,0,113,,2863,4,,,0,109,,2865,4,,,0,150,,2871,4,,,0,110,,2866,4,,,0,110,,4676,4,,,0,111,,2864,4,,,0
3000,'4332',747,,2896,4,,,0,77,,4687,4,,,0,32,,2887,4,,,0,73,,4686,4,,,0,183,,2895,4,,,0,35,,2894,4,,,0,109,,2881,4,,,0,75,,2876,4,,,0,75,,4685,4,,,0,35,,2890,4,,,0,79,,4683,4,,,0,107,,2884,4,,,0,110,,2883,4,,,0,300,,2878,4,,,0,104,,4690,4,,,0
3000,'4480',612,,4680,4,,,0,91,,2855,4,,,0,16,,2850,4,,,0,17,,2856,4,,,0,74,,2857,4,,,0,18,,2851,4,,,0,76,,2832,4,,,0,35,,2833,4,,,0,74,,2834,4,,,0,35,,2835,4,,,0,74,,2836,4,,,0,35,,2837,4,,,0,75,,2838,4,,,0,74,,2839,4,,,0,34,,2840,4,,,0,74,,2841,4,,,0,111,,2842,4,,,0,110,,2843,4,,,0,116,,2844,4,,,0,77,,2845,4,,,0,212,,4679,4,,,0,204,,2849,4,,,0
3000,'4663',1449,,5506,4,,,0,266,,5507,4,,,0
3000,'4673',1601,,4681,4,,,0
3000,'5241',1601,,4682,4,,,0
3000,'5302',1849,,2870,4,,,0
3000,'5303',647,,2854,4,,,0,106,,2853,4,,,0,696,,2858,4,,,0,266,,2859,4,,,0,223,,2846,4,,,0,204,,2848,4,,,0
3000,'5304',647,,5511,4,,,0,106,,5510,4,,,0,1185,,5508,4,,,0,204,,5509,4,,,0
3000,'5305',1449,,5512,4,,,0,266,,5513,4,,,0
3000,'5306',642,,5519,4,,,0,364,,5518,4,,,0,31,,5517,4,,,0,184,,5522,4,,,0,331,,5521,4,,,0,154,,5514,4,,,0,107,,5515,4,,,0,111,,5520,4,,,0,316,,5516,4,,,0
3000,'5307',1849,,5523,4,,,0
1001500,'4480',644,,3558,3,,,0,75,,3555,3,,,0,34,,3557,3,,,0,75,,3556,3,,,0,686,,3562,3,,,0,36,,3563,3,,,0,77,,3560,3,,,0,76,,3561,3,,,0
1001500,'4673',1738,,4990,3,,,0
1001500,'5241',1738,,4991,3,,,0
1001500,'5303',1229,,4989,3,,,0
1001500,'5304',1229,,5717,3,,,0
