7200,'4327',720,,3339,6,,,0,323,,3333,6,,,0,160,,3332,6,,,0,219,,3335,6,,,0,102,,3336,6,,,0,114,,3337,6,,,0,110,,3338,6,,,0,110,,3330,6,,,0
7200,'4332',701,,3363,6,,,0,55,,3340,6,,,0,88,,3348,6,,,0,109,,4947,6,,,0,150,,4948,6,,,0,110,,4949,6,,,0,110,,3352,6,,,0,110,,3354,6,,,0,84,,3355,6,,,0,26,,3356,6,,,0,188,,3358,6,,,0,72,,4950,6,,,0,35,,4951,6,,,0,108,,4952,6,,,0,156,,4953,6,,,0,102,,3346,6,,,0
7200,'4480',635,,3325,6,,,0,75,,4944,6,,,0,33,,3323,6,,,0,76,,3322,6,,,0,34,,3302,6,,,0,185,,4935,6,,,0,110,,4936,6,,,0,75,,3308,6,,,0,295,,3313,6,,,0,110,,4939,6,,,0,225,,3318,6,,,0,152,,4942,6,,,0,102,,4943,6,,,0,100,,3321,6,,,0
7200,'4661',1741,,3326,6,,,0
7200,'4663',1741,,3327,6,,,0
7200,'4673',2307,,4945,6,,,0
7200,'5241',2307,,4946,6,,,0
7200,'5302',825,,4934,6,,,0,113,,3331,6,,,0,364,,3334,6,,,0
7200,'5303',928,,3303,6,,,0,75,,3304,6,,,0,110,,3306,6,,,0,145,,4937,6,,,0,75,,3310,6,,,0,75,,4938,6,,,0,35,,3312,6,,,0,110,,3314,6,,,0,150,,4940,6,,,0,115,,4941,6,,,0
7200,'5304',928,,5656,6,,,0,75,,5657,6,,,0,110,,5658,6,,,0,145,,5659,6,,,0,75,,5660,6,,,0,75,,5661,6,,,0,35,,5662,6,,,0,110,,5663,6,,,0,150,,5664,6,,,0,115,,5665,6,,,0
7200,'5306',905,,5666,6,,,0,124,,5668,6,,,0,117,,5669,6,,,0,109,,5670,6,,,0,151,,5672,6,,,0,221,,5673,6,,,0,26,,5667,6,,,0,651,,5671,6,,,0
7200,'5307',825,,5674,6,,,0,113,,5675,6,,,0,364,,5676,6,,,0
