4001,'4327',653,,3226,4,,,0,106,,3214,4,,,0,268,,3223,4,,,0,111,,3210,4,,,0,109,,4848,4,,,0,110,,3211,4,,,0,75,,3219,4,,,0,77,,3215,4,,,0,110,,3209,4,,,0,111,,4852,4,,,0,75,,4856,4,,,0,110,,4849,4,,,0,35,,4851,4,,,0
4001,'4332',732,,3243,4,,,0,107,,3248,4,,,0,112,,4917,4,,,0,76,,4906,4,,,0,74,,4918,4,,,0,36,,4909,4,,,0,75,,3237,4,,,0,35,,3238,4,,,0,182,,3245,4,,,0,78,,3239,4,,,0,36,,4916,4,,,0,75,,4910,4,,,0,109,,4915,4,,,0,110,,4911,4,,,0,110,,3252,4,,,0,110,,4919,4,,,0,75,,4914,4,,,0,100,,4907,4,,,0
4001,'4480',622,,3199,4,,,0,31,,4898,4,,,0,70,,4902,4,,,0,16,,4899,4,,,0,15,,4900,4,,,0,56,,4901,4,,,0,17,,4865,4,,,0,30,,4869,4,,,0,55,,4870,4,,,0,15,,4866,4,,,0,15,,4867,4,,,0,70,,4872,4,,,0,15,,4873,4,,,0,15,,4874,4,,,0,15,,4875,4,,,0,55,,4876,4,,,0,15,,4877,4,,,0,15,,3172,4,,,0,16,,4878,4,,,0,85,,4879,4,,,0,70,,4880,4,,,0,15,,4881,4,,,0,15,,4882,4,,,0,70,,4884,4,,,0,15,,4885,4,,,0,15,,4886,4,,,0,15,,4887,4,,,0,55,,4888,4,,,0,15,,4889,4,,,0,30,,4890,4,,,0,55,,4891,4,,,0,15,,3191,4,,,0,30,,4903,4,,,0,55,,4895,4,,,0,15,,3196,4,,,0,30,,4894,4,,,0,55,,4896,4,,,0,92,,4864,4,,,0,20,,4860,4,,,0,109,,3151,4,,,0,101,,4859,4,,,0,69,,4862,4,,,0,30,,4858,4,,,0,70,,4861,4,,,0,30,,4857,4,,,0
4001,'4673',2005,,4904,4,,,0
4001,'5241',2005,,4905,4,,,0
4001,'5302',917,,4853,4,,,0,186,,4850,4,,,0,112,,4847,4,,,0,107,,4855,4,,,0,216,,3218,4,,,0,116,,4854,4,,,0,180,,3212,4,,,0
4001,'5303',842,,4868,4,,,0,115,,4871,4,,,0,256,,3174,4,,,0,15,,3175,4,,,0,30,,3177,4,,,0,100,,4883,4,,,0,185,,3188,4,,,0,100,,4892,4,,,0,100,,4893,4,,,0,85,,4897,4,,,0,17,,3158,4,,,0,100,,4863,4,,,0,159,,3155,4,,,0
4001,'5304',842,,5615,4,,,0,115,,5616,4,,,0,256,,5617,4,,,0,15,,5618,4,,,0,30,,5619,4,,,0,100,,5620,4,,,0,185,,5621,4,,,0,100,,5622,4,,,0,100,,5623,4,,,0,85,,5624,4,,,0,17,,5614,4,,,0,100,,5613,4,,,0,159,,5612,4,,,0
4001,'5306',649,,5634,4,,,0,157,,5633,4,,,0,108,,5630,4,,,0,409,,5632,4,,,0,35,,5625,4,,,0,294,,5631,4,,,0,151,,5627,4,,,0,109,,5626,4,,,0,110,,5628,4,,,0,311,,5629,4,,,0
4001,'5307',917,,5639,4,,,0,186,,5637,4,,,0,112,,5635,4,,,0,107,,5641,4,,,0,216,,5638,4,,,0,116,,5640,4,,,0,180,,5636,4,,,0
