2000,'4528',601,,8044,23,0,9 12 2 5,0,108,,8045,23,0,9 12 2 5,0,107,,8046,23,0,9 12 2 5,0,38,,8033,23,,,0,149,,8034,23,,,0,110,,8035,23,,,0,105,,8036,23,0,9 12 2 5,0,115,,8037,23,,,0,78,,8038,23,,,0,110,,8039,23,,,0,20,,8040,23,0,9 12 2 5,0,277,,8041,23,,,0,136,,8042,23,0,9 12 2 5,0,203,,8043,23,0,9 12 2 5,0
2000,'4532',817,,8056,23,,,0,112,,8055,23,,,0,100,,8057,23,,,0,118,,8047,23,,,0,108,,8048,23,,,0,151,,8050,23,,,0,111,,8051,23,,,0,111,,8049,23,,,0,103,,8053,23,,,0,204,,8052,23,0,9 12 2 5,0,218,,8058,23,0,9 12 2 5,0,102,,8054,23,0,9 12 2 5,0
2000,'4623',1701,,8059,23,0,9 12 2 5,0
2000,'5221',826,,8060,23,,,0,218,,8063,23,,,0,259,,8062,23,,,0,221,,8064,23,,,0,225,,8061,23,,,0
2000,'5222',1701,,8065,23,0,9 12 2 5,0
1002000,'4528',635,,8790,29,,,0,108,,8791,29,,,0,184,,8792,29,,,0,220,,8793,29,,,0,110,,8794,29,,,0,370,,8795,29,,,0,113,,8796,29,,,0,112,,8797,29,,,0,205,,8798,29,,,0,200,,8799,29,,,0
1002000,'4532',634,,8805,29,,,0,112,,8806,29,,,0,110,,8801,29,,,0,147,,8808,29,,,0,114,,8809,29,,,0,106,,8807,29,,,0,100,,8802,29,,,0,112,,8810,29,,,0,118,,8803,29,,,0,150,,8811,29,,,0,125,,8804,29,,,0,225,,8800,29,,,0
1002000,'4623',1037,,8812,29,,,0,400,,8813,29,,,0
1002000,'5221',710,,8818,29,,,0,218,,8815,29,,,0,209,,8814,29,,,0,272,,8819,29,,,0,218,,8816,29,,,0,278,,8817,29,,,0
1002000,'5222',1037,,8820,29,,,0,400,,8821,29,,,0
