2000,'4528',629,,8044,56,,,0,110,,8045,56,,,0,108,,8046,56,,,0,65,,8033,39,,,0,110,,8034,39,,,0,110,,8035,39,,,0,117,,8036,56,,,0,103,,8037,39,,,0,78,,8038,39,,,0,111,,8039,39,,,0,74,,8040,56,,,0,222,,8041,39,,,0,187,,8042,56,,,0,201,,8043,56,,,0
2000,'4532',835,,8056,39,,,0,112,,8055,39,,,0,102,,8057,39,,,0,158,,8047,39,,,0,108,,8048,39,,,0,112,,8050,39,,,0,111,,8051,39,,,0,109,,8049,39,,,0,103,,8053,39,,,0,253,,8052,56,,,0,217,,8058,56,,,0,102,,8054,56,,,0
2000,'4623',1733,,8059,56,,,0
2000,'5221',842,,8060,39,,,0,259,,8063,39,,,0,219,,8062,39,,,0,221,,8064,39,,,0,265,,8061,39,,,0
2000,'5222',1733,,8065,56,,,0
2500,'4528',813,,8095,21,0,5,0,207,,8096,21,,,0,226,,8097,21,0,5,0,165,,8098,21,,,0,333,,8099,21,,,0
2500,'4532',809,,8101,21,0,5,0,210,,8103,21,,,0,215,,8102,21,,,0,515,,8104,21,0,5,0,260,,8100,21,,,0
2500,'5221',809,,8105,21,0,5,0,210,,8106,21,,,0,215,,8107,21,,,0,515,,8108,21,0,5,0,260,,8109,21,,,0
1002000,'4528',653,,8790,45,,,0,149,,8791,45,,,0,144,,8792,45,,,0,261,,8793,45,,,0,110,,8794,45,,,0,331,,8795,45,,,0,152,,8796,45,,,0,112,,8797,45,,,0,213,,8798,62,,,0,200,,8799,62,,,0
1002000,'4532',701,,8805,62,,,0,112,,8806,62,,,0,110,,8801,62,,,0,109,,8808,62,,,0,115,,8809,62,,,0,106,,8807,62,,,0,101,,8802,62,,,0,152,,8810,62,,,0,116,,8803,62,,,0,110,,8811,62,,,0,125,,8804,62,,,0,263,,8800,62,,,0
1002000,'4623',1057,,8812,45,,,0,454,,8813,62,,,0
1002000,'5221',737,,8818,62,,,0,219,,8815,62,,,0,250,,8814,62,,,0,233,,8819,62,,,0,217,,8816,62,,,0,277,,8817,62,,,0
1002000,'5222',1057,,8820,45,,,0,454,,8821,62,,,0
