4001,'4327',704,,3226,12,,,0,106,,3214,12,,,0,228,,3223,12,,,0,111,,3210,12,,,0,109,,4848,12,,,0,150,,3211,12,,,0,35,,3219,12,,,0,77,,3215,12,,,0,110,,3209,12,,,0,111,,4852,12,,,0,75,,4856,12,,,0,110,,4849,12,,,0,75,,4851,12,,,0
4001,'4332',743,,3243,12,,,0,107,,3248,12,,,0,153,,4917,12,,,0,36,,4906,12,,,0,75,,4918,12,,,0,36,,4909,12,,,0,75,,3237,12,,,0,75,,3238,12,,,0,142,,3245,12,,,0,78,,3239,12,,,0,35,,4916,12,,,0,75,,4910,12,,,0,109,,4915,12,,,0,110,,4911,12,,,0,110,,3252,12,,,0,149,,4919,12,,,0,35,,4914,12,,,0,100,,4907,12,,,0
4001,'4480',632,,3199,12,,,0,71,,4898,12,,,0,31,,4902,12,,,0,16,,4899,12,,,0,55,,4900,12,,,0,18,,4901,12,,,0,16,,4865,12,,,0,69,,4869,12,,,0,15,,4870,12,,,0,15,,4866,12,,,0,15,,4867,12,,,0,70,,4872,12,,,0,15,,4873,12,,,0,15,,4874,12,,,0,55,,4875,12,,,0,15,,4876,12,,,0,15,,4877,12,,,0,15,,3172,12,,,0,57,,4878,12,,,0,45,,4879,12,,,0,70,,4880,12,,,0,15,,4881,12,,,0,15,,4882,12,,,0,70,,4884,12,,,0,15,,4885,12,,,0,15,,4886,12,,,0,55,,4887,12,,,0,15,,4888,12,,,0,15,,4889,12,,,0,70,,4890,12,,,0,15,,4891,12,,,0,15,,3191,12,,,0,70,,4903,12,,,0,15,,4895,12,,,0,15,,3196,12,,,0,69,,4894,12,,,0,15,,4896,12,,,0,92,,4864,12,,,0,20,,4860,12,,,0,108,,3151,12,,,0,101,,4859,12,,,0,69,,4862,12,,,0,30,,4858,12,,,0,70,,4861,12,,,0,30,,4857,12,,,0
4001,'4673',2015,,4904,12,,,0
4001,'5241',2015,,4905,12,,,0
4001,'5302',928,,4853,12,,,0,186,,4850,12,,,0,112,,4847,12,,,0,107,,4855,12,,,0,216,,3218,12,,,0,156,,4854,12,,,0,140,,3212,12,,,0
4001,'5303',854,,4868,12,,,0,154,,4871,12,,,0,217,,3174,12,,,0,15,,3175,12,,,0,70,,3177,12,,,0,100,,4883,12,,,0,145,,3188,12,,,0,100,,4892,12,,,0,99,,4893,12,,,0,85,,4897,12,,,0,17,,3158,12,,,0,100,,4863,12,,,0,158,,3155,12,,,0
4001,'5304',854,,5615,12,,,0,154,,5616,12,,,0,217,,5617,12,,,0,15,,5618,12,,,0,70,,5619,12,,,0,100,,5620,12,,,0,145,,5621,12,,,0,100,,5622,12,,,0,99,,5623,12,,,0,85,,5624,12,,,0,17,,5614,12,,,0,100,,5613,12,,,0,158,,5612,12,,,0
4001,'5306',700,,5634,12,,,0,117,,5633,12,,,0,109,,5630,12,,,0,410,,5632,12,,,0,75,,5625,12,,,0,293,,5631,12,,,0,111,,5627,12,,,0,109,,5626,12,,,0,109,,5628,12,,,0,311,,5629,12,,,0
4001,'5307',928,,5639,12,,,0,186,,5637,12,,,0,112,,5635,12,,,0,107,,5641,12,,,0,216,,5638,12,,,0,156,,5640,12,,,0,140,,5636,12,,,0
