600,'4327',719,,3806,29,4,,0,111,,2315,29,4,,0,110,,2314,29,4,,0,111,,2312,29,4,,0,151,,2309,29,4,,0,109,,2316,29,4,,0,110,,2306,29,4,,0,111,,2313,29,4,,0,111,,2311,29,4,,0,111,,2317,29,4,,0,146,,2310,29,4,,0,111,,2308,29,4,,0
600,'4332',720,,2323,29,4,,0,111,,2326,29,4,,0,109,,2320,29,4,,0,110,,2330,29,4,,0,108,,2321,29,4,,0,159,,2324,29,4,,0,106,,3809,29,4,,0,112,,2327,29,4,,0,108,,3810,29,4,,0,116,,2318,29,4,,0,143,,3808,29,4,,0,108,,3807,29,4,,0,109,,3811,29,4,,0,110,,3812,29,4,,0,100,,2328,29,4,,0
600,'4480',644,,3817,29,4,,0,88,,2293,29,4,,0,69,,2288,29,4,,0,35,,2286,29,4,,0,83,,2292,29,4,,0,113,,2297,29,4,,0,120,,3813,29,4,,0,163,,2298,29,4,,0,118,,3814,29,4,,0,94,,2291,29,4,,0,23,,2290,29,4,,0,266,,2295,29,4,,0,111,,3815,29,4,,0,114,,3816,29,4,,0,112,,2300,29,4,,0,151,,3818,29,4,,0,50,,2302,29,4,,0
600,'4663',1702,,2303,29,4,,0
600,'4673',1702,,2304,29,4,,0
600,'4681',1702,,2305,29,4,,0
601,'4327',800,,3820,1,,,0,110,,3824,1,,,0,110,,2349,1,,,0,110,,3821,1,,,0,110,,2350,1,,,0,110,,2352,1,,,0,150,,2356,1,,,0,110,,3819,1,,,0,110,,3823,1,,,0,110,,3822,1,,,0,110,,2354,1,,,0
601,'4332',725,,2368,1,,,0,185,,3828,1,,,0,102,,2366,1,,,0,118,,2370,1,,,0,110,,3827,1,,,0,110,,2365,1,,,0,150,,3825,1,,,0,109,,2362,1,,,0,111,,3826,1,,,0,110,,2364,1,,,0,112,,2361,1,,,0,108,,2373,1,,,0,96,,3829,1,,,0,104,,2371,1,,,0,85,,2372,1,,,0
601,'4480',650,,2338,1,,,0,80,,2337,1,,,0,70,,2333,1,,,0,46,,2345,1,,,0,155,,2334,1,,,0,125,,2344,1,,,0,113,,2336,1,,,0,114,,2335,1,,,0,155,,2339,1,,,0,116,,2341,1,,,0,115,,3831,1,,,0,118,,3830,1,,,0,157,,2343,1,,,0,112,,3832,1,,,0,120,,2347,1,,,0,91,,3833,1,,,0
2501,'4327',815,,3997,1,,,0,220,,3998,2,,,0,215,,2823,2,,,0,505,,2824,1,,,0,270,,2825,2,,,0
2501,'4332',815,,4000,1,,,0,220,,4002,2,,,0,215,,4001,2,,,0,505,,4003,1,,,0,270,,3999,2,,,0
2501,'4480',819,,2815,1,,,0,216,,2816,2,,,0,217,,4005,1,,,0,174,,4006,2,,,0,333,,2819,2,,,0
2501,'4673',2024,,4007,1,,,0
2501,'5135',2024,,4004,1,,,0
