4001,'4327',707,,3226,16,,,0,106,,3214,16,,,0,228,,3223,16,,,0,111,,3210,16,,,0,150,,4848,16,,,0,110,,3211,16,,,0,35,,3219,16,,,0,77,,3215,16,,,0,109,,3209,16,,,0,111,,4852,16,,,0,75,,4856,16,,,0,110,,4849,16,,,0,75,,4851,16,,,0
4001,'4332',746,,3243,16,,,0,107,,3248,16,,,0,154,,4917,16,,,0,36,,4906,16,,,0,75,,4918,16,,,0,36,,4909,16,,,0,75,,3237,16,,,0,75,,3238,16,,,0,142,,3245,16,,,0,78,,3239,16,,,0,35,,4916,16,,,0,75,,4910,16,,,0,109,,4915,16,,,0,109,,4911,16,,,0,150,,3252,16,,,0,109,,4919,16,,,0,35,,4914,16,,,0,100,,4907,16,,,0
4001,'4480',635,,3199,16,,,0,71,,4898,16,,,0,32,,4902,16,,,0,16,,4899,16,,,0,55,,4900,16,,,0,17,,4901,16,,,0,17,,4865,16,,,0,69,,4869,16,,,0,14,,4870,16,,,0,15,,4866,16,,,0,15,,4867,16,,,0,70,,4872,16,,,0,15,,4873,16,,,0,15,,4874,16,,,0,55,,4875,16,,,0,15,,4876,16,,,0,16,,4877,16,,,0,15,,3172,16,,,0,57,,4878,16,,,0,45,,4879,16,,,0,70,,4880,16,,,0,15,,4881,16,,,0,15,,4882,16,,,0,70,,4884,16,,,0,15,,4885,16,,,0,15,,4886,16,,,0,55,,4887,16,,,0,15,,4888,16,,,0,15,,4889,16,,,0,70,,4890,16,,,0,15,,4891,16,,,0,15,,3191,16,,,0,69,,4903,16,,,0,15,,4895,16,,,0,15,,3196,16,,,0,69,,4894,16,,,0,15,,4896,16,,,0,92,,4864,16,,,0,20,,4860,16,,,0,108,,3151,16,,,0,101,,4859,16,,,0,69,,4862,16,,,0,29,,4858,16,,,0,70,,4861,16,,,0,30,,4857,16,,,0
4001,'4673',2018,,4904,16,,,0
4001,'5241',2018,,4905,16,,,0
4001,'5302',931,,4853,16,,,0,186,,4850,16,,,0,113,,4847,16,,,0,107,,4855,16,,,0,215,,3218,16,,,0,156,,4854,16,,,0,140,,3212,16,,,0
4001,'5303',858,,4868,16,,,0,153,,4871,16,,,0,218,,3174,16,,,0,15,,3175,16,,,0,70,,3177,16,,,0,100,,4883,16,,,0,145,,3188,16,,,0,99,,4892,16,,,0,99,,4893,16,,,0,85,,4897,16,,,0,17,,3158,16,,,0,100,,4863,16,,,0,158,,3155,16,,,0
4001,'5304',858,,5615,16,,,0,153,,5616,16,,,0,218,,5617,16,,,0,15,,5618,16,,,0,70,,5619,16,,,0,100,,5620,16,,,0,145,,5621,16,,,0,99,,5622,16,,,0,99,,5623,16,,,0,85,,5624,16,,,0,17,,5614,16,,,0,100,,5613,16,,,0,158,,5612,16,,,0
4001,'5306',703,,5634,16,,,0,117,,5633,16,,,0,110,,5630,16,,,0,410,,5632,16,,,0,75,,5625,16,,,0,293,,5631,16,,,0,110,,5627,16,,,0,109,,5626,16,,,0,109,,5628,16,,,0,311,,5629,16,,,0
4001,'5307',931,,5639,16,,,0,186,,5637,16,,,0,113,,5635,16,,,0,107,,5641,16,,,0,215,,5638,16,,,0,156,,5640,16,,,0,140,,5636,16,,,0
