2000,'4332',2206,,2765,41,,,0,102,,2761,41,,,0
2000,'4480',615,,4649,41,,,0,109,,2747,41,,,0,108,,4650,41,,,0,402,,4644,41,,,0,324,,4647,41,,,0,159,,2742,41,,,0,292,,2744,41,,,0,202,,4648,41,,,0
2000,'5306',1948,,5468,41,,,0
2001,'4332',2200,,2794,33,,,0
2001,'4480',754,,4659,33,,,0,73,,2777,33,,,0
2001,'4663',1844,,5473,33,,,0,358,,5474,33,,,0
2001,'4673',1844,,5475,33,,,0,358,,5476,33,,,0
2001,'5303',1523,,4656,33,,,0,321,,2782,33,,,0,358,,2783,33,,,0,157,,2774,33,,,0
2001,'5304',1523,,5477,33,,,0,836,,5479,33,,,0
2001,'5306',2359,,5482,33,,,0
2001,'5308',1844,,5489,33,,,0,358,,5490,33,,,0
7200,'4327',719,,3339,5,,,0,323,,3333,5,,,0,160,,3332,5,,,0,219,,3335,5,,,0,102,,3336,5,,,0,114,,3337,5,,,0,110,,3338,5,,,0,110,,3330,5,,,0
7200,'4332',700,,3363,5,,,0,55,,3340,5,,,0,88,,3348,5,,,0,109,,4947,5,,,0,150,,4948,5,,,0,110,,4949,5,,,0,110,,3352,5,,,0,110,,3354,5,,,0,84,,3355,5,,,0,26,,3356,5,,,0,188,,3358,5,,,0,72,,4950,5,,,0,35,,4951,5,,,0,108,,4952,5,,,0,156,,4953,5,,,0,102,,3346,5,,,0
7200,'4480',634,,3325,5,,,0,75,,4944,5,,,0,33,,3323,5,,,0,77,,3322,5,,,0,34,,3302,5,,,0,184,,4935,5,,,0,110,,4936,5,,,0,75,,3308,5,,,0,296,,3313,5,,,0,110,,4939,5,,,0,224,,3318,5,,,0,152,,4942,5,,,0,102,,4943,5,,,0,100,,3321,5,,,0
7200,'4661',1740,,3326,5,,,0
7200,'4663',1740,,3327,5,,,0
7200,'4673',2306,,4945,5,,,0
7200,'5241',2306,,4946,5,,,0
7200,'5302',824,,4934,5,,,0,113,,3331,5,,,0,364,,3334,5,,,0
7200,'5303',927,,3303,5,,,0,75,,3304,5,,,0,110,,3306,5,,,0,145,,4937,5,,,0,75,,3310,5,,,0,76,,4938,5,,,0,35,,3312,5,,,0,110,,3314,5,,,0,150,,4940,5,,,0,114,,4941,5,,,0
7200,'5304',927,,5656,5,,,0,75,,5657,5,,,0,110,,5658,5,,,0,145,,5659,5,,,0,75,,5660,5,,,0,76,,5661,5,,,0,35,,5662,5,,,0,110,,5663,5,,,0,150,,5664,5,,,0,114,,5665,5,,,0
7200,'5306',904,,5666,5,,,0,124,,5668,5,,,0,117,,5669,5,,,0,109,,5670,5,,,0,151,,5672,5,,,0,221,,5673,5,,,0,26,,5667,5,,,0,651,,5671,5,,,0
7200,'5307',824,,5674,5,,,0,113,,5675,5,,,0,364,,5676,5,,,0
1002000,'4327',941,,3594,47,,,0,483,,3598,47,,,0,494,,3596,47,,,0
1002000,'4332',1016,,3607,47,,,0,221,,3606,47,,,0,213,,3609,47,,,0,392,,3603,47,,,0
1002000,'4480',852,,4997,47,,,0,1459,,3589,47,,,0
1002000,'4663',2111,,5719,47,,,0
1002000,'4673',2111,,5720,47,,,0
1002000,'5302',723,,4995,47,,,0,428,,3593,47,,,0,490,,3595,47,,,0
1002000,'5303',1454,,3585,47,,,0,657,,3592,47,,,0
1002000,'5304',1454,,5725,47,,,0
1002000,'5306',647,,5730,47,,,0,112,,5731,47,,,0,150,,5727,47,,,0,222,,5732,47,,,0,207,,5728,47,,,0,269,,5729,47,,,0,110,,5733,47,,,0,389,,5726,47,,,0
1002000,'5307',723,,5736,47,,,0,428,,5734,47,,,0,490,,5735,47,,,0
1002000,'5308',2111,,5737,47,,,0
1002001,'4327',814,,3630,33,,,0,444,,5002,33,,,0,262,,5003,33,,,0,217,,3626,33,,,0
1002001,'4332',1216,,5016,33,,,0,227,,3632,33,,,0,260,,3633,33,,,0,233,,5013,33,,,0,322,,5015,33,,,0
1002001,'4480',948,,5006,33,,,0,500,,5008,33,,,0,257,,5009,33,,,0,395,,5011,33,,,0,200,,3624,33,,,0
1002001,'5302',1026,,3629,33,,,0,1016,,3628,33,,,0
1002001,'5303',1412,,3617,33,,,0,144,,3619,33,,,0
1002001,'5304',1412,,5740,33,,,0,144,,5741,33,,,0
1002001,'5306',738,,5745,33,,,0,113,,5746,33,,,0,151,,5743,33,,,0,111,,5744,33,,,0,220,,5749,33,,,0,214,,5747,33,,,0,265,,5748,33,,,0,227,,5750,33,,,0
1002001,'5307',1026,,5752,33,,,0,1016,,5751,33,,,0
