2000,'4528',604,,6491,27,0,9 12 2 5,0,108,,6492,27,0,9 12 2 5,0,107,,6493,27,0,9 12 2 5,0,38,,6480,27,,,0,149,,6481,27,,,0,110,,6482,27,,,0,105,,6483,27,0,9 12 2 5,0,115,,6484,27,,,0,78,,6485,27,,,0,110,,6486,27,,,0,20,,6487,27,0,9 12 2 5,0,277,,6488,27,,,0,136,,6489,27,0,9 12 2 5,0,243,,6490,27,0,9 12 2 5,0
2000,'4532',820,,6504,27,,,0,112,,6503,27,,,0,100,,6505,27,,,0,118,,6495,27,,,0,108,,6496,27,,,0,151,,6498,27,,,0,111,,6499,27,,,0,111,,6497,27,,,0,103,,6501,27,,,0,204,,6500,27,0,9 12 2 5,0,218,,6506,27,0,9 12 2 5,0,102,,6502,27,0,9 12 2 5,0
2000,'4623',1704,,6494,27,0,9 12 2 5,0
2000,'5221',829,,6507,27,,,0,218,,6510,27,,,0,259,,6509,27,,,0,221,,6511,27,,,0,225,,6508,27,,,0
2000,'5222',1704,,6512,27,0,9 12 2 5,0
1002000,'4528',638,,7237,33,,,0,108,,7238,33,,,0,184,,7239,33,,,0,220,,7240,33,,,0,150,,7241,33,,,0,330,,7242,33,,,0,113,,7243,33,,,0,112,,7244,33,,,0,245,,7245,33,,,0,200,,7246,33,,,0
1002000,'4532',637,,7254,33,,,0,112,,7255,33,,,0,110,,7250,33,,,0,147,,7257,33,,,0,114,,7258,33,,,0,106,,7256,33,,,0,100,,7251,33,,,0,112,,7259,33,,,0,118,,7252,33,,,0,150,,7260,33,,,0,125,,7253,33,,,0,225,,7249,33,,,0
1002000,'4623',1040,,7247,33,,,0,400,,7248,33,,,0
1002000,'5221',713,,7265,33,,,0,218,,7262,33,,,0,209,,7261,33,,,0,272,,7266,33,,,0,218,,7263,33,,,0,278,,7264,33,,,0
1002000,'5222',1040,,7267,33,,,0,400,,7268,33,,,0
