2500,'4528',753,,8095,7,0,5,0,247,,8096,7,,,0,226,,8097,7,0,5,0,125,,8098,7,,,0,373,,8099,7,,,0
2500,'4532',750,,8101,7,0,5,0,250,,8103,7,,,0,215,,8102,7,,,0,515,,8104,7,0,5,0,220,,8100,7,,,0
2500,'5221',750,,8105,7,0,5,0,250,,8106,7,,,0,215,,8107,7,,,0,515,,8108,7,0,5,0,220,,8109,7,,,0
3000,'4528',630,,8149,22,,,0,75,,8150,22,,,0,33,,8147,22,,,0,110,,8148,22,,,0,75,,8126,22,,,0,35,,8127,22,,,0,75,,8128,22,,,0,75,,8129,22,,,0,34,,8130,22,,,0,75,,8131,22,,,0,35,,8132,22,,,0,74,,8134,22,,,0,74,,8135,22,,,0,35,,8136,22,,,0,76,,8133,22,,,0,35,,8137,22,,,0,76,,8138,22,,,0,35,,8139,22,,,0,79,,8140,22,,,0,76,,8141,22,,,0,36,,8142,22,,,0,109,,8143,22,,,0,102,,8144,22,,,0,141,,8145,22,,,0,101,,8146,22,,,0
3000,'4532',659,,8166,22,,,0,146,,8173,22,,,0,37,,8165,22,,,0,72,,8164,22,,,0,34,,8163,22,,,0,77,,8159,22,,,0,32,,8157,22,,,0,75,,8172,22,,,0,75,,8171,22,,,0,35,,8174,22,,,0,75,,8158,22,,,0,35,,8153,22,,,0,75,,8162,22,,,0,75,,8167,22,,,0,38,,8151,22,,,0,72,,8169,22,,,0,35,,8161,22,,,0,79,,8152,22,,,0,31,,8160,22,,,0,76,,8154,22,,,0,110,,8168,22,,,0,112,,8155,22,,,0,104,,8170,22,,,0,99,,8156,22,,,0
3000,'4623',813,,8175,22,,,0
3000,'5221',725,,8182,22,,,0,117,,8186,22,,,0,106,,8181,22,,,0,107,,8185,22,,,0,153,,8176,22,,,0,110,,8178,22,,,0,110,,8184,22,,,0,110,,8179,22,,,0,110,,8180,22,,,0,110,,8177,22,,,0,150,,8183,22,,,0
3000,'5222',813,,8187,22,,,0
3001,'4528',653,,8212,38,,,0,86,,8211,38,,,0,79,,8214,38,,,0,34,,8213,38,,,0,75,,8188,38,,,0,74,,8189,38,,,0,35,,8190,38,,,0,75,,8191,38,,,0,35,,8192,38,,,0,76,,8193,38,,,0,35,,8195,38,,,0,75,,8196,38,,,0,76,,8197,38,,,0,35,,8194,38,,,0,76,,8198,38,,,0,37,,8199,38,,,0,74,,8200,38,,,0,74,,8201,38,,,0,34,,8202,38,,,0,74,,8203,38,,,0,34,,8204,38,,,0,75,,8205,38,,,0,35,,8207,38,,,0,148,,8208,38,,,0,100,,8209,38,,,0,97,,8206,38,,,0,100,,8210,38,,,0
3001,'4532',805,,8233,38,,,0,108,,8225,38,,,0,37,,8228,38,,,0,76,,8227,38,,,0,77,,8224,38,,,0,35,,8229,38,,,0,76,,8218,38,,,0,36,,8235,38,,,0,75,,8236,38,,,0,76,,8216,38,,,0,35,,8219,38,,,0,71,,8223,38,,,0,37,,8232,38,,,0,75,,8230,38,,,0,35,,8221,38,,,0,73,,8238,38,,,0,75,,8215,38,,,0,35,,8237,38,,,0,74,,8220,38,,,0,35,,8222,38,,,0,108,,8231,38,,,0,149,,8217,38,,,0,100,,8234,38,,,0,101,,8226,38,,,0
3001,'5221',830,,8245,38,,,0,121,,8242,38,,,0,150,,8239,38,,,0,111,,8248,38,,,0,110,,8246,38,,,0,110,,8249,38,,,0,112,,8247,38,,,0,108,,8241,38,,,0,150,,8243,38,,,0,103,,8240,38,,,0,115,,8244,38,,,0
4000,'4528',618,,8346,25,,,0,30,,8347,25,,,0,68,,8348,25,,,0,29,,8349,25,,,0,69,,8350,25,,,0,32,,8325,25,,,0,70,,8326,25,,,0,31,,8327,25,,,0,70,,8328,25,,,0,28,,8329,25,,,0,71,,8330,25,,,0,30,,8331,25,,,0,70,,8332,25,,,0,99,,8333,25,,,0,29,,8334,25,,,0,69,,8336,25,,,0,29,,8335,25,,,0,71,,8337,25,,,0,30,,8338,25,,,0,70,,8339,25,,,0,32,,8340,25,,,0,71,,8341,25,,,0,31,,8342,25,,,0,77,,8343,25,,,0,32,,8344,25,,,0,70,,8345,25,,,0,31,,8321,25,,,0,70,,8322,25,,,0,32,,8320,25,,,0,70,,8323,25,,,0,71,,8319,25,,,0,30,,8324,25,,,0,71,,8318,25,,,0
4000,'4532',659,,8370,25,,,0,72,,8375,25,,,0,74,,8363,25,,,0,37,,8355,25,,,0,72,,8371,25,,,0,34,,8352,25,,,0,77,,8368,25,,,0,32,,8353,25,,,0,75,,8359,25,,,0,75,,8362,25,,,0,35,,8351,25,,,0,75,,8356,25,,,0,35,,8360,25,,,0,75,,8369,25,,,0,75,,8374,25,,,0,38,,8358,25,,,0,72,,8364,25,,,0,35,,8373,25,,,0,79,,8372,25,,,0,31,,8361,25,,,0,76,,8365,25,,,0,75,,8376,25,,,0,35,,8354,25,,,0,77,,8377,25,,,0,35,,8366,25,,,0,104,,8357,25,,,0,99,,8367,25,,,0
4000,'4623',1246,,8378,25,,,0
4000,'5221',725,,8384,25,,,0,117,,8394,25,,,0,106,,8381,25,,,0,75,,8397,25,,,0,32,,8383,25,,,0,85,,8379,25,,,0,68,,8398,25,,,0,35,,8392,25,,,0,75,,8393,25,,,0,35,,8388,25,,,0,75,,8385,25,,,0,73,,8387,25,,,0,37,,8382,25,,,0,75,,8390,25,,,0,35,,8389,25,,,0,75,,8396,25,,,0,35,,8380,25,,,0,75,,8391,25,,,0,75,,8386,25,,,0,35,,8395,25,,,0
4000,'5222',1246,,8399,25,,,0
