701,'4327',715,,2454,7,,,0,109,,4547,7,,,0,225,,2455,7,,,0,151,,4546,7,,,0,106,,2452,7,,,0,220,,2450,7,,,0,218,,2457,7,,,0,215,,2449,7,,,0
701,'4332',824,,4565,7,,,0,110,,2471,7,,,0,111,,4561,7,,,0,476,,4563,7,,,0,120,,4564,7,,,0,698,,2475,7,,,0
701,'4480',654,,4557,7,,,0,85,,4551,7,,,0,187,,4549,7,,,0,115,,4556,7,,,0,115,,4548,7,,,0,155,,4550,7,,,0,115,,2435,7,,,0,105,,2429,7,,,0,281,,2438,7,,,0,115,,4553,7,,,0,115,,4555,7,,,0,112,,2441,7,,,0,192,,2426,7,,,0
701,'4663',1737,,5296,7,,,0
701,'4673',1621,,4559,7,,,0,116,,5297,7,,,0
701,'5241',1621,,4560,7,,,0
701,'5302',945,,2459,7,,,0,469,,2456,7,,,0,223,,2458,7,,,0,217,,2451,7,,,0
701,'5303',710,,2444,7,,,0,103,,2428,7,,,0,843,,4554,7,,,0,81,,2448,7,,,0,115,,2443,7,,,0,461,,4558,7,,,0
701,'5304',710,,5302,7,,,0,103,,5298,7,,,0,843,,5299,7,,,0,196,,5301,7,,,0,461,,5300,7,,,0
701,'5306',714,,5305,7,,,0,443,,5306,7,,,0,149,,5307,7,,,0,111,,5303,7,,,0,327,,5309,7,,,0,110,,5304,7,,,0,105,,5310,7,,,0,145,,5311,7,,,0,108,,5308,7,,,0
701,'5307',945,,5315,7,,,0,469,,5313,7,,,0,223,,5314,7,,,0,217,,5312,7,,,0
701,'5308',1737,,5316,7,,,0
