3000,'4327',715,,2869,14,,,0,117,,4678,14,,,0,105,,4677,14,,,0,107,,2872,14,,,0,113,,2863,14,,,0,149,,2865,14,,,0,110,,2871,14,,,0,110,,2866,14,,,0,110,,4676,14,,,0,111,,2864,14,,,0
3000,'4332',755,,2896,14,,,0,77,,4687,14,,,0,72,,2887,14,,,0,33,,4686,14,,,0,184,,2895,14,,,0,35,,2894,14,,,0,149,,2881,14,,,0,35,,2876,14,,,0,75,,4685,14,,,0,35,,2890,14,,,0,79,,4683,14,,,0,107,,2884,14,,,0,110,,2883,14,,,0,299,,2878,14,,,0,104,,4690,14,,,0
3000,'4480',620,,4680,14,,,0,91,,2855,14,,,0,17,,2850,14,,,0,17,,2856,14,,,0,74,,2857,14,,,0,18,,2851,14,,,0,76,,2832,14,,,0,35,,2833,14,,,0,74,,2834,14,,,0,35,,2835,14,,,0,74,,2836,14,,,0,75,,2837,14,,,0,35,,2838,14,,,0,74,,2839,14,,,0,34,,2840,14,,,0,75,,2841,14,,,0,111,,2842,14,,,0,110,,2843,14,,,0,156,,2844,14,,,0,36,,2845,14,,,0,212,,4679,14,,,0,203,,2849,14,,,0
3000,'4663',1500,,5506,14,,,0,225,,5507,14,,,0
3000,'4673',1611,,4681,14,,,0
3000,'5241',1611,,4682,14,,,0
3000,'5302',1858,,2870,14,,,0
3000,'5303',655,,2854,14,,,0,147,,2853,14,,,0,698,,2858,14,,,0,225,,2859,14,,,0,222,,2846,14,,,0,203,,2848,14,,,0
3000,'5304',655,,5511,14,,,0,147,,5510,14,,,0,1145,,5508,14,,,0,203,,5509,14,,,0
3000,'5305',1500,,5512,14,,,0,225,,5513,14,,,0
3000,'5306',650,,5519,14,,,0,364,,5518,14,,,0,32,,5517,14,,,0,184,,5522,14,,,0,371,,5521,14,,,0,114,,5514,14,,,0,107,,5515,14,,,0,111,,5520,14,,,0,315,,5516,14,,,0
3000,'5307',1858,,5523,14,,,0
