4001,'4327',726,,3226,36,,,0,107,,3214,36,,,0,271,,3223,36,,,0,111,,3210,36,,,0,110,,4848,36,,,0,110,,3211,36,,,0,75,,3219,36,,,0,37,,3215,36,,,0,108,,3209,36,,,0,150,,4852,36,,,0,34,,4856,36,,,0,109,,4849,36,,,0,75,,4851,36,,,0
4001,'4332',808,,3243,36,,,0,108,,3248,36,,,0,114,,4917,36,,,0,76,,4906,36,,,0,35,,4918,36,,,0,76,,4909,36,,,0,36,,3237,36,,,0,75,,3238,36,,,0,182,,3245,36,,,0,37,,3239,36,,,0,75,,4916,36,,,0,35,,4910,36,,,0,148,,4915,36,,,0,109,,4911,36,,,0,109,,3252,36,,,0,108,,4919,36,,,0,75,,4914,36,,,0,100,,4907,36,,,0
4001,'4480',655,,3199,36,,,0,72,,4898,36,,,0,74,,4902,36,,,0,16,,4899,36,,,0,15,,4900,36,,,0,18,,4901,36,,,0,55,,4865,36,,,0,28,,4869,36,,,0,14,,4870,36,,,0,55,,4866,36,,,0,15,,4867,36,,,0,30,,4872,36,,,0,55,,4873,36,,,0,16,,4874,36,,,0,15,,4875,36,,,0,15,,4876,36,,,0,56,,4877,36,,,0,15,,3172,36,,,0,17,,4878,36,,,0,85,,4879,36,,,0,30,,4880,36,,,0,56,,4881,36,,,0,16,,4882,36,,,0,30,,4884,36,,,0,55,,4885,36,,,0,15,,4886,36,,,0,15,,4887,36,,,0,14,,4888,36,,,0,55,,4889,36,,,0,30,,4890,36,,,0,15,,4891,36,,,0,54,,3191,36,,,0,29,,4903,36,,,0,15,,4895,36,,,0,54,,3196,36,,,0,29,,4894,36,,,0,15,,4896,36,,,0,91,,4864,36,,,0,20,,4860,36,,,0,148,,3151,36,,,0,100,,4859,36,,,0,28,,4862,36,,,0,69,,4858,36,,,0,30,,4861,36,,,0,70,,4857,36,,,0
4001,'4673',2038,,4904,36,,,0
4001,'5241',2038,,4905,36,,,0
4001,'5302',954,,4853,36,,,0,186,,4850,36,,,0,113,,4847,36,,,0,147,,4855,36,,,0,215,,3218,36,,,0,115,,4854,36,,,0,178,,3212,36,,,0
4001,'5303',919,,4868,36,,,0,113,,4871,36,,,0,219,,3174,36,,,0,55,,3175,36,,,0,30,,3177,36,,,0,102,,4883,36,,,0,184,,3188,36,,,0,98,,4892,36,,,0,98,,4893,36,,,0,85,,4897,36,,,0,16,,3158,36,,,0,100,,4863,36,,,0,118,,3155,36,,,0
4001,'5304',919,,5615,36,,,0,113,,5616,36,,,0,219,,5617,36,,,0,55,,5618,36,,,0,30,,5619,36,,,0,102,,5620,36,,,0,184,,5621,36,,,0,98,,5622,36,,,0,98,,5623,36,,,0,85,,5624,36,,,0,16,,5614,36,,,0,100,,5613,36,,,0,118,,5612,36,,,0
4001,'5306',724,,5634,36,,,0,118,,5633,36,,,0,111,,5630,36,,,0,451,,5632,36,,,0,35,,5625,36,,,0,291,,5631,36,,,0,110,,5627,36,,,0,109,,5626,36,,,0,108,,5628,36,,,0,350,,5629,36,,,0
4001,'5307',954,,5639,36,,,0,186,,5637,36,,,0,113,,5635,36,,,0,147,,5641,36,,,0,215,,5638,36,,,0,115,,5640,36,,,0,178,,5636,36,,,0
