4001,'4327',711,,3226,19,,,0,106,,3214,19,,,0,229,,3223,19,,,0,111,,3210,19,,,0,150,,4848,19,,,0,110,,3211,19,,,0,35,,3219,19,,,0,77,,3215,19,,,0,109,,3209,19,,,0,110,,4852,19,,,0,75,,4856,19,,,0,110,,4849,19,,,0,75,,4851,19,,,0
4001,'4332',751,,3243,19,,,0,107,,3248,19,,,0,154,,4917,19,,,0,36,,4906,19,,,0,75,,4918,19,,,0,36,,4909,19,,,0,75,,3237,19,,,0,75,,3238,19,,,0,142,,3245,19,,,0,78,,3239,19,,,0,75,,4916,19,,,0,35,,4910,19,,,0,109,,4915,19,,,0,109,,4911,19,,,0,150,,3252,19,,,0,108,,4919,19,,,0,35,,4914,19,,,0,100,,4907,19,,,0
4001,'4480',639,,3199,19,,,0,72,,4898,19,,,0,32,,4902,19,,,0,16,,4899,19,,,0,55,,4900,19,,,0,17,,4901,19,,,0,17,,4865,19,,,0,69,,4869,19,,,0,14,,4870,19,,,0,15,,4866,19,,,0,55,,4867,19,,,0,30,,4872,19,,,0,15,,4873,19,,,0,55,,4874,19,,,0,15,,4875,19,,,0,15,,4876,19,,,0,16,,4877,19,,,0,55,,3172,19,,,0,17,,4878,19,,,0,85,,4879,19,,,0,30,,4880,19,,,0,15,,4881,19,,,0,55,,4882,19,,,0,30,,4884,19,,,0,15,,4885,19,,,0,55,,4886,19,,,0,15,,4887,19,,,0,15,,4888,19,,,0,15,,4889,19,,,0,70,,4890,19,,,0,15,,4891,19,,,0,15,,3191,19,,,0,69,,4903,19,,,0,15,,4895,19,,,0,15,,3196,19,,,0,69,,4894,19,,,0,15,,4896,19,,,0,92,,4864,19,,,0,20,,4860,19,,,0,108,,3151,19,,,0,100,,4859,19,,,0,69,,4862,19,,,0,29,,4858,19,,,0,70,,4861,19,,,0,30,,4857,19,,,0
4001,'4673',2023,,4904,19,,,0
4001,'5241',2023,,4905,19,,,0
4001,'5302',936,,4853,19,,,0,186,,4850,19,,,0,113,,4847,19,,,0,107,,4855,19,,,0,215,,3218,19,,,0,156,,4854,19,,,0,139,,3212,19,,,0
4001,'5303',903,,4868,19,,,0,113,,4871,19,,,0,218,,3174,19,,,0,15,,3175,19,,,0,70,,3177,19,,,0,100,,4883,19,,,0,185,,3188,19,,,0,99,,4892,19,,,0,99,,4893,19,,,0,45,,4897,19,,,0,57,,3158,19,,,0,100,,4863,19,,,0,118,,3155,19,,,0
4001,'5304',903,,5615,19,,,0,113,,5616,19,,,0,218,,5617,19,,,0,15,,5618,19,,,0,70,,5619,19,,,0,100,,5620,19,,,0,185,,5621,19,,,0,99,,5622,19,,,0,99,,5623,19,,,0,45,,5624,19,,,0,57,,5614,19,,,0,100,,5613,19,,,0,118,,5612,19,,,0
4001,'5306',708,,5634,19,,,0,117,,5633,19,,,0,110,,5630,19,,,0,410,,5632,19,,,0,75,,5625,19,,,0,293,,5631,19,,,0,110,,5627,19,,,0,109,,5626,19,,,0,109,,5628,19,,,0,310,,5629,19,,,0
4001,'5307',936,,5639,19,,,0,186,,5637,19,,,0,113,,5635,19,,,0,107,,5641,19,,,0,215,,5638,19,,,0,156,,5640,19,,,0,139,,5636,19,,,0
