2001,'4327',934,,2784,43,,,0,268,,2786,43,,,0,650,,2788,43,,,0
2001,'4332',1032,,2799,43,,,0,105,,4660,43,,,0,491,,2797,43,,,0,213,,2790,43,,,0,377,,2794,60,,,0
2001,'4480',818,,4659,60,,,0,31,,2777,60,,,0,87,,2766,43,,,0,109,,4653,43,,,0,110,,4654,43,,,0,151,,4655,43,,,0,330,,2771,43,,,0,109,,2772,43,,,0
2001,'4663',1903,,5473,60,,,0,318,,5474,60,,,0
2001,'4673',1903,,5475,60,,,0,318,,5476,60,,,0
2001,'5302',1420,,2785,43,,,0,208,,2787,43,,,0
2001,'5303',712,,4658,43,,,0,834,,4656,60,,,0,357,,2782,60,,,0,99,,4657,43,,,0,219,,2783,60,,,0,197,,2774,60,,,0
2001,'5304',712,,5480,43,,,0,834,,5477,60,,,0,456,,5478,43,,,0,416,,5479,60,,,0
2001,'5306',944,,5485,43,,,0,361,,5481,43,,,0,115,,5486,43,,,0,102,,5483,43,,,0,209,,5484,43,,,0,684,,5482,60,,,0
2001,'5307',1420,,5487,43,,,0,208,,5488,43,,,0
2001,'5308',1903,,5489,60,,,0,318,,5490,60,,,0
