3100,'4327',1003,,2983,12,,,0,120,,4712,12,,,0,130,,2984,12,,,0,165,,4711,12,,,0,130,,2990,12,,,0,465,,2988,12,,,0
3100,'4332',749,,2995,12,,,0,375,,3000,12,,,0,330,,2991,12,,,0,100,,2992,12,,,0,100,,2997,12,,,0,200,,4723,12,,,0
3100,'4480',849,,2968,12,,,0,90,,2969,12,,,0,109,,4713,12,,,0,100,,2971,12,,,0,100,,2972,12,,,0,100,,4714,12,,,0,100,,2974,12,,,0,98,,2975,12,,,0,102,,4715,12,,,0,100,,4716,12,,,0
3100,'4663',1953,,5553,12,,,0
3100,'4673',1953,,5554,12,,,0
3100,'5302',838,,2987,12,,,0,870,,2982,12,,,0,126,,2985,12,,,0
3100,'5303',643,,2966,12,,,0,94,,2967,12,,,0,1116,,4717,12,,,0,100,,4720,12,,,0
3100,'5304',643,,5555,12,,,0,94,,5556,12,,,0,1116,,5557,12,,,0
3100,'5306',854,,5561,12,,,0,98,,5562,12,,,0,302,,5558,12,,,0,100,,5560,12,,,0,400,,5559,12,,,0
3100,'5307',838,,5565,12,,,0,870,,5563,12,,,0,126,,5564,12,,,0
3100,'5308',1953,,5566,12,,,0
