7201,'4327',1017,,3396,7,,,0,116,,3397,7,,,0,219,,3399,7,,,0,107,,3400,7,,,0,151,,3401,7,,,0,106,,3402,7,,,0,110,,3393,7,,,0
7201,'4332',721,,3405,7,,,0,205,,4968,7,,,0,111,,4970,7,,,0,110,,4969,7,,,0,110,,3414,7,,,0,150,,3417,7,,,0,43,,3418,7,,,0,67,,3419,7,,,0,187,,3421,7,,,0,32,,4971,7,,,0,75,,4972,7,,,0,110,,4974,7,,,0,97,,4973,7,,,0,122,,3409,7,,,0,200,,3411,7,,,0
7201,'4480',715,,3387,7,,,0,36,,3385,7,,,0,75,,3386,7,,,0,185,,4956,7,,,0,111,,4955,7,,,0,35,,3371,7,,,0,295,,3375,7,,,0,150,,4959,7,,,0,219,,3380,7,,,0,111,,4962,7,,,0,105,,4963,7,,,0,100,,3381,7,,,0
7201,'4661',1712,,3388,7,,,0
7201,'4663',1712,,3389,7,,,0
7201,'4673',2236,,4964,7,,,0,100,,4965,7,,,0
7201,'5241',2236,,4966,7,,,0,100,,4967,7,,,0
7201,'5302',754,,4954,7,,,0,152,,3394,7,,,0,331,,3395,7,,,0,704,,3398,7,,,0
7201,'5303',901,,3365,7,,,0,35,,3366,7,,,0,111,,3370,7,,,0,185,,4957,7,,,0,75,,3372,7,,,0,35,,4958,7,,,0,75,,3374,7,,,0,110,,3376,7,,,0,110,,4960,7,,,0,109,,4961,7,,,0,111,,3382,7,,,0
7201,'5304',901,,5677,7,,,0,35,,5678,7,,,0,111,,5680,7,,,0,185,,5679,7,,,0,75,,5681,7,,,0,35,,5682,7,,,0,75,,5683,7,,,0,110,,5684,7,,,0,110,,5685,7,,,0,109,,5686,7,,,0,111,,5687,7,,,0
7201,'5306',831,,5688,7,,,0,173,,5690,7,,,0,108,,5691,7,,,0,110,,5692,7,,,0,118,,5694,7,,,0,260,,5695,7,,,0,27,,5689,7,,,0,219,,5696,7,,,0,394,,5693,7,,,0
7201,'5307',754,,5697,7,,,0,152,,5698,7,,,0,331,,5699,7,,,0,704,,5700,7,,,0
