7201,'4327',1027,,3396,20,,,0,116,,3397,20,,,0,259,,3399,20,,,0,107,,3400,20,,,0,111,,3401,20,,,0,106,,3402,20,,,0,110,,3393,20,,,0
7201,'4332',730,,3405,20,,,0,206,,4968,20,,,0,111,,4970,20,,,0,110,,4969,20,,,0,150,,3414,20,,,0,110,,3417,20,,,0,83,,3418,20,,,0,27,,3419,20,,,0,187,,3421,20,,,0,32,,4971,20,,,0,75,,4972,20,,,0,110,,4974,20,,,0,96,,4973,20,,,0,122,,3409,20,,,0,199,,3411,20,,,0
7201,'4480',725,,3387,20,,,0,77,,3385,20,,,0,34,,3386,20,,,0,185,,4956,20,,,0,111,,4955,20,,,0,75,,3371,20,,,0,295,,3375,20,,,0,110,,4959,20,,,0,219,,3380,20,,,0,110,,4962,20,,,0,105,,4963,20,,,0,100,,3381,20,,,0
7201,'4661',1722,,3388,20,,,0
7201,'4663',1722,,3389,20,,,0
7201,'4673',2245,,4964,20,,,0,99,,4965,20,,,0
7201,'5241',2245,,4966,20,,,0,99,,4967,20,,,0
7201,'5302',803,,4954,20,,,0,113,,3394,20,,,0,331,,3395,20,,,0,704,,3398,20,,,0
7201,'5303',911,,3365,20,,,0,35,,3366,20,,,0,111,,3370,20,,,0,185,,4957,20,,,0,75,,3372,20,,,0,35,,4958,20,,,0,75,,3374,20,,,0,110,,3376,20,,,0,110,,4960,20,,,0,109,,4961,20,,,0,150,,3382,20,,,0
7201,'5304',911,,5677,20,,,0,35,,5678,20,,,0,111,,5680,20,,,0,185,,5679,20,,,0,75,,5681,20,,,0,35,,5682,20,,,0,75,,5683,20,,,0,110,,5684,20,,,0,110,,5685,20,,,0,109,,5686,20,,,0,150,,5687,20,,,0
7201,'5306',840,,5688,20,,,0,174,,5690,20,,,0,108,,5691,20,,,0,110,,5692,20,,,0,118,,5694,20,,,0,260,,5695,20,,,0,27,,5689,20,,,0,219,,5696,20,,,0,393,,5693,20,,,0
7201,'5307',803,,5697,20,,,0,113,,5698,20,,,0,331,,5699,20,,,0,704,,5700,20,,,0
