7201,'4327',1022,,3396,14,,,0,116,,3397,14,,,0,219,,3399,14,,,0,147,,3400,14,,,0,111,,3401,14,,,0,106,,3402,14,,,0,110,,3393,14,,,0
7201,'4332',725,,3405,14,,,0,206,,4968,14,,,0,111,,4970,14,,,0,110,,4969,14,,,0,150,,3414,14,,,0,110,,3417,14,,,0,43,,3418,14,,,0,67,,3419,14,,,0,187,,3421,14,,,0,32,,4971,14,,,0,75,,4972,14,,,0,110,,4974,14,,,0,96,,4973,14,,,0,122,,3409,14,,,0,200,,3411,14,,,0
7201,'4480',719,,3387,14,,,0,37,,3385,14,,,0,75,,3386,14,,,0,185,,4956,14,,,0,111,,4955,14,,,0,75,,3371,14,,,0,255,,3375,14,,,0,150,,4959,14,,,0,219,,3380,14,,,0,110,,4962,14,,,0,105,,4963,14,,,0,100,,3381,14,,,0
7201,'4661',1717,,3388,14,,,0
7201,'4663',1717,,3389,14,,,0
7201,'4673',2240,,4964,14,,,0,100,,4965,14,,,0
7201,'5241',2240,,4966,14,,,0,100,,4967,14,,,0
7201,'5302',758,,4954,14,,,0,153,,3394,14,,,0,331,,3395,14,,,0,704,,3398,14,,,0
7201,'5303',906,,3365,14,,,0,35,,3366,14,,,0,111,,3370,14,,,0,185,,4957,14,,,0,75,,3372,14,,,0,35,,4958,14,,,0,75,,3374,14,,,0,110,,3376,14,,,0,110,,4960,14,,,0,109,,4961,14,,,0,150,,3382,14,,,0
7201,'5304',906,,5677,14,,,0,35,,5678,14,,,0,111,,5680,14,,,0,185,,5679,14,,,0,75,,5681,14,,,0,35,,5682,14,,,0,75,,5683,14,,,0,110,,5684,14,,,0,110,,5685,14,,,0,109,,5686,14,,,0,150,,5687,14,,,0
7201,'5306',835,,5688,14,,,0,174,,5690,14,,,0,108,,5691,14,,,0,110,,5692,14,,,0,118,,5694,14,,,0,260,,5695,14,,,0,27,,5689,14,,,0,219,,5696,14,,,0,393,,5693,14,,,0
7201,'5307',758,,5697,14,,,0,153,,5698,14,,,0,331,,5699,14,,,0,704,,5700,14,,,0
