3001,'4327',801,,2937,6,,,0,342,,2940,6,,,0,259,,2941,6,,,0,221,,2933,6,,,0,214,,4691,6,,,0,115,,2936,6,,,0
3001,'4332',844,,2952,6,,,0,77,,4706,6,,,0,113,,2951,6,,,0,297,,2943,6,,,0,106,,2950,6,,,0,188,,4704,6,,,0,108,,4702,6,,,0,111,,2947,6,,,0,75,,2949,6,,,0,108,,4708,6,,,0
3001,'4480',625,,4698,6,,,0,85,,4697,6,,,0,37,,2922,6,,,0,58,,2924,6,,,0,17,,2921,6,,,0,18,,2925,6,,,0,91,,2900,6,,,0,75,,2901,6,,,0,35,,2902,6,,,0,75,,2903,6,,,0,35,,2904,6,,,0,75,,2906,6,,,0,75,,2907,6,,,0,35,,2908,6,,,0,75,,4695,6,,,0,36,,2909,6,,,0,77,,2910,6,,,0,109,,2911,6,,,0,110,,2913,6,,,0,110,,2915,6,,,0,75,,2917,6,,,0,407,,2919,6,,,0
3001,'4663',1558,,5524,6,,,0,580,,5525,6,,,0
3001,'4673',2138,,5526,6,,,0
3001,'5302',922,,4692,6,,,0,110,,2931,6,,,0,220,,4693,6,,,0,262,,4694,6,,,0,220,,2935,6,,,0
3001,'5303',857,,2899,6,,,0,701,,2926,6,,,0,150,,2912,6,,,0,110,,2914,6,,,0,219,,2918,6,,,0,101,,4701,6,,,0,97,,4696,6,,,0
3001,'5304',857,,5527,6,,,0,851,,5528,6,,,0,110,,5529,6,,,0,219,,5531,6,,,0,198,,5530,6,,,0
3001,'5305',1558,,5532,6,,,0
3001,'5306',736,,5541,6,,,0,221,,5537,6,,,0,152,,5538,6,,,0,35,,5534,6,,,0,76,,5543,6,,,0,35,,5544,6,,,0,151,,5535,6,,,0,108,,5540,6,,,0,35,,5539,6,,,0,109,,5546,6,,,0,151,,5545,6,,,0,327,,5533,6,,,0,100,,5542,6,,,0,102,,5536,6,,,0
3001,'5307',922,,5548,6,,,0,110,,5547,6,,,0,220,,5550,6,,,0,262,,5551,6,,,0,220,,5549,6,,,0
3001,'5308',2138,,5552,6,,,0
