600,'4663',1652,,5186,18,,,0
600,'4673',1652,,5187,18,,,0
600,'5302',711,,4499,18,,,0,110,,2315,18,,,0,110,,2314,18,,,0,111,,2312,18,,,0,111,,2309,18,,,0,149,,2316,18,,,0,110,,2306,18,,,0,111,,2313,18,,,0,111,,2311,18,,,0,111,,2317,18,,,0,107,,2310,18,,,0,151,,2308,18,,,0
600,'5303',636,,4504,18,,,0,88,,2293,18,,,0,28,,2288,18,,,0,73,,2286,18,,,0,85,,2292,18,,,0,113,,2297,18,,,0,120,,4500,18,,,0,162,,2298,18,,,0,117,,4501,18,,,0,94,,2291,18,,,0,23,,2290,18,,,0,113,,2305,18,,,0,154,,2295,18,,,0,113,,4502,18,,,0,114,,4503,18,,,0,112,,2300,18,,,0,111,,4505,18,,,0,90,,2302,18,,,0
600,'5304',636,,5201,18,,,0,88,,5195,18,,,0,28,,5190,18,,,0,73,,5188,18,,,0,85,,5194,18,,,0,113,,5199,18,,,0,120,,5189,18,,,0,162,,5200,18,,,0,117,,5191,18,,,0,94,,5193,18,,,0,23,,5192,18,,,0,267,,5197,18,,,0,113,,5196,18,,,0,114,,5198,18,,,0,112,,5202,18,,,0,111,,5203,18,,,0,90,,5204,18,,,0
600,'5306',712,,5210,18,,,0,110,,5213,18,,,0,109,,5207,18,,,0,110,,5217,18,,,0,108,,5208,18,,,0,159,,5211,18,,,0,106,,5212,18,,,0,112,,5214,18,,,0,108,,5216,18,,,0,116,,5205,18,,,0,104,,5209,18,,,0,148,,5206,18,,,0,109,,5218,18,,,0,110,,5219,18,,,0,100,,5215,18,,,0
600,'5307',711,,5221,18,,,0,110,,5229,18,,,0,110,,5228,18,,,0,111,,5226,18,,,0,111,,5223,18,,,0,149,,5230,18,,,0,110,,5220,18,,,0,111,,5227,18,,,0,111,,5225,18,,,0,111,,5231,18,,,0,107,,5224,18,,,0,151,,5222,18,,,0
600,'5308',1652,,5232,18,,,0
800,'4327',2040,,2505,23,,,0
800,'4663',1614,,5317,23,,,0
800,'4673',1614,,5318,23,,,0
800,'5302',744,,2497,23,,,0,110,,2498,23,,,0,161,,2499,23,,,0,104,,2500,23,,,0,111,,2501,23,,,0,117,,2502,23,,,0,109,,2503,23,,,0,152,,2496,23,,,0,111,,2494,23,,,0,106,,2495,23,,,0,110,,2504,23,,,0
800,'5303',610,,4572,23,,,0,131,,2478,23,,,0,103,,2481,23,,,0,113,,2486,23,,,0,155,,2477,23,,,0,125,,2485,23,,,0,115,,4569,23,,,0,157,,2479,23,,,0,105,,2493,23,,,0,125,,2482,23,,,0,113,,4571,23,,,0,154,,4570,23,,,0,114,,2488,23,,,0,111,,4573,23,,,0,118,,2490,23,,,0
800,'5304',610,,5329,23,,,0,131,,5320,23,,,0,103,,5323,23,,,0,113,,5328,23,,,0,155,,5319,23,,,0,125,,5327,23,,,0,115,,5322,23,,,0,157,,5321,23,,,0,230,,5324,23,,,0,113,,5326,23,,,0,154,,5325,23,,,0,114,,5330,23,,,0,111,,5331,23,,,0,118,,5332,23,,,0
800,'5306',744,,5335,23,,,0,110,,5334,23,,,0,150,,5336,23,,,0,111,,5337,23,,,0,123,,5345,23,,,0,109,,5346,23,,,0,112,,5338,23,,,0,144,,5339,23,,,0,120,,5340,23,,,0,102,,5341,23,,,0,110,,5333,23,,,0,105,,5342,23,,,0,105,,5344,23,,,0,108,,5343,23,,,0
800,'5307',744,,5350,23,,,0,110,,5351,23,,,0,161,,5352,23,,,0,104,,5353,23,,,0,111,,5354,23,,,0,117,,5355,23,,,0,109,,5356,23,,,0,152,,5349,23,,,0,111,,5347,23,,,0,106,,5348,23,,,0,110,,5357,23,,,0
800,'5308',1614,,5358,23,,,0
