2000,'4332',1943,,2759,35,0,9 12 2 5,0,258,,2765,35,0,9 12 2 5,0,102,,2761,35,0,9 12 2 5,0
2000,'4480',718,,2747,35,0,9 12 2 5,0,993,,2742,35,0,9 12 2 5,0,292,,2744,35,0,9 12 2 5,0
2000,'5214',610,,2746,35,0,9 12 2 5,0,216,,2748,35,0,9 12 2 5,0,402,,2737,35,0,9 12 2 5,0,324,,2741,35,0,9 12 2 5,0,654,,2745,35,0,9 12 2 5,0
2000,'5216',610,,3977,35,0,9 12 2 5,0,216,,3978,35,0,9 12 2 5,0,402,,3972,35,0,9 12 2 5,0,324,,3975,35,0,9 12 2 5,0,654,,3976,35,0,9 12 2 5,0
2001,'4332',2155,,2794,27,0,9 10 11,0,199,,3979,27,0,9 10 11,0
2001,'4480',821,,2777,27,0,9 10 11,0,1533,,2774,27,0,9 10 11,0
2001,'4663',1838,,2778,27,0,9 10 11,0,319,,2779,27,0,9 10 11,0
2001,'4673',1838,,2780,27,0,9 10 11,0,319,,2781,27,0,9 10 11,0
2001,'4681',1838,,2782,27,0,9 10 11,0,319,,2783,27,0,9 10 11,0
2001,'5214',748,,2776,27,0,9 10 11,0,768,,2770,27,0,9 10 11,0
2001,'5216',748,,3988,27,0,9 10 11,0,768,,3985,27,0,9 10 11,0
7201,'4327',811,,4297,30,,,0,113,,3394,30,,,0,111,,3396,30,,,0,116,,3397,30,,,0,104,,3395,30,,,0,155,,3399,30,,,0,107,,3400,30,,,0,111,,3401,30,,,0,106,,3402,30,,,0,110,,3393,30,,,0,114,,3398,30,,,0
7201,'4332',738,,3405,30,,,0,110,,3403,30,,,0,96,,4300,30,,,0,78,,4298,30,,,0,34,,4302,30,,,0,75,,3407,30,,,0,75,,4301,30,,,0,35,,3408,30,,,0,75,,3414,30,,,0,43,,3416,30,,,0,67,,3417,30,,,0,83,,3418,30,,,0,27,,3419,30,,,0,82,,3420,30,,,0,27,,3404,30,,,0,77,,3421,30,,,0,32,,4303,30,,,0,75,,4304,30,,,0,74,,3424,30,,,0,35,,4306,30,,,0,96,,4305,30,,,0,122,,3409,30,,,0,100,,4299,30,,,0,99,,3411,30,,,0
7201,'4480',733,,3387,30,,,0,78,,3385,30,,,0,34,,3386,30,,,0,75,,3365,30,,,0,35,,3366,30,,,0,151,,3370,30,,,0,110,,3371,30,,,0,110,,3372,30,,,0,110,,3374,30,,,0,75,,3375,30,,,0,35,,3376,30,,,0,293,,3380,30,,,0,75,,3382,30,,,0,240,,3381,30,,,0
7201,'4661',1731,,3388,30,,,0
7201,'4663',1731,,3389,30,,,0
7201,'5135',2252,,4307,30,,,0,99,,4308,30,,,0
7201,'5214',1030,,3368,30,,,0,111,,3367,30,,,0,110,,3369,30,,,0,150,,3373,30,,,0,220,,3377,30,,,0,35,,3378,30,,,0,149,,3379,30,,,0,144,,3383,30,,,0,105,,3384,30,,,0,198,,3390,30,,,0,99,,3391,30,,,0
7201,'5216',1030,,4310,30,,,0,111,,4309,30,,,0,110,,4311,30,,,0,150,,4312,30,,,0,220,,4313,30,,,0,35,,4314,30,,,0,149,,4315,30,,,0,144,,4316,30,,,0,105,,4317,30,,,0
7201,'5219',2252,,4318,30,,,0,99,,4319,30,,,0
1002000,'4327',718,,4340,41,,,0,218,,3594,41,,,0,210,,3593,41,,,0,272,,3598,41,,,0,218,,3595,41,,,0,277,,3596,41,,,0
1002000,'4332',642,,4344,41,,,0,112,,3605,41,,,0,150,,3600,41,,,0,107,,3607,41,,,0,115,,3608,41,,,0,106,,3606,41,,,0,100,,4342,41,,,0,112,,3609,41,,,0,158,,4343,41,,,0,110,,4345,41,,,0,125,,3603,41,,,0,264,,4341,41,,,0
1002000,'4480',1448,,3585,41,,,0,858,,3589,41,,,0
1002000,'4663',2106,,3590,41,,,0
1002000,'4673',2106,,3591,41,,,0
1002000,'4681',2106,,3592,41,,,0
1002000,'5214',846,,3580,41,,,0
1002000,'5216',846,,4347,41,,,0
1002001,'4327',809,,3630,27,,,0,212,,3629,27,,,0,232,,4350,27,,,0,262,,4351,27,,,0,217,,3626,27,,,0,305,,3628,27,,,0
1002001,'4332',733,,4353,27,,,0,113,,4354,27,,,0,111,,3631,27,,,0,151,,4352,27,,,0,103,,4360,27,,,0,117,,4359,27,,,0,110,,3632,27,,,0,104,,4356,27,,,0,116,,3633,27,,,0,149,,4357,27,,,0,124,,4355,27,,,0,103,,4361,27,,,0,219,,4358,27,,,0
1002001,'4480',1406,,3617,27,,,0,144,,3619,27,,,0,705,,3624,27,,,0
1002001,'5214',942,,3613,27,,,0,499,,3618,27,,,0,218,,3620,27,,,0,396,,3623,27,,,0
1002001,'5216',942,,4364,27,,,0,499,,4366,27,,,0,218,,4367,27,,,0,396,,4369,27,,,0
