4000,'4327',743,,4742,42,,,0,264,,4739,42,,,0,152,,4737,42,,,0,178,,4751,42,,,0,110,,4743,42,,,0,110,,4740,42,,,0,75,,4748,42,,,0,75,,4747,42,,,0,35,,4754,42,,,0,75,,4738,42,,,0,35,,4749,42,,,0,74,,4744,42,,,0,75,,4753,42,,,0
4000,'4332',717,,4839,42,,,0,32,,4844,42,,,0,151,,4824,42,,,0,33,,4840,42,,,0,74,,4821,42,,,0,37,,4837,42,,,0,108,,4828,42,,,0,151,,4820,42,,,0,35,,4825,42,,,0,75,,4829,42,,,0,35,,4838,42,,,0,152,,4827,42,,,0,107,,4842,42,,,0,39,,4841,42,,,0,71,,4830,42,,,0,185,,4823,42,,,0,36,,4846,42,,,0,75,,4835,42,,,0
4000,'4480',636,,4804,42,,,0,70,,4805,42,,,0,16,,4812,42,,,0,14,,4806,42,,,0,15,,4807,42,,,0,56,,4808,42,,,0,31,,4811,42,,,0,15,,4762,42,,,0,55,,4763,42,,,0,15,,4764,42,,,0,15,,4765,42,,,0,15,,4766,42,,,0,55,,4767,42,,,0,15,,4768,42,,,0,30,,4770,42,,,0,54,,4771,42,,,0,15,,4772,42,,,0,31,,4774,42,,,0,55,,4775,42,,,0,15,,4776,42,,,0,30,,4778,42,,,0,55,,4779,42,,,0,15,,4780,42,,,0,14,,4781,42,,,0,15,,4782,42,,,0,55,,4783,42,,,0,15,,4784,42,,,0,14,,4785,42,,,0,15,,4786,42,,,0,55,,4787,42,,,0,15,,4788,42,,,0,15,,4789,42,,,0,70,,4792,42,,,0,30,,4794,42,,,0,15,,4795,42,,,0,87,,4798,42,,,0,15,,4796,42,,,0,72,,4800,42,,,0,20,,4801,42,,,0,60,,4802,42,,,0,313,,4758,42,,,0,29,,4761,42,,,0,71,,4757,42,,,0
4000,'4663',2046,,5581,42,,,0
4000,'4673',1926,,4816,42,,,0,120,,5582,42,,,0,102,,4815,42,,,0
4000,'5241',1926,,4819,42,,,0,222,,4818,42,,,0
4000,'5302',900,,4752,42,,,0,142,,4755,42,,,0,72,,4741,42,,,0,113,,4756,42,,,0,75,,4750,42,,,0,110,,4746,42,,,0,108,,4745,42,,,0
4000,'5303',822,,4809,42,,,0,216,,4769,42,,,0,100,,4773,42,,,0,100,,4777,42,,,0,313,,4790,42,,,0,70,,4793,42,,,0,87,,4797,42,,,0,15,,4791,42,,,0,85,,4799,42,,,0,138,,4803,42,,,0,70,,4760,42,,,0,30,,4817,42,,,0,72,,4759,42,,,0
4000,'5304',822,,5594,42,,,0,216,,5585,42,,,0,100,,5586,42,,,0,100,,5587,42,,,0,313,,5588,42,,,0,70,,5590,42,,,0,87,,5591,42,,,0,15,,5589,42,,,0,85,,5592,42,,,0,138,,5593,42,,,0,70,,5584,42,,,0,102,,5583,42,,,0
4000,'5306',823,,5598,42,,,0,294,,5595,42,,,0,110,,5597,42,,,0,296,,5602,42,,,0,109,,5599,42,,,0,221,,5600,42,,,0,74,,5603,42,,,0,290,,5596,42,,,0,99,,5601,42,,,0
4000,'5307',900,,5608,42,,,0,142,,5609,42,,,0,72,,5604,42,,,0,113,,5610,42,,,0,75,,5607,42,,,0,110,,5606,42,,,0,108,,5605,42,,,0
4000,'5308',2046,,5611,42,,,0
