7200,'4327',733,,3339,20,,,0,324,,3333,20,,,0,160,,3332,20,,,0,219,,3335,20,,,0,102,,3336,20,,,0,114,,3337,20,,,0,150,,3338,20,,,0,110,,3330,20,,,0
7200,'4332',714,,3363,20,,,0,96,,3340,20,,,0,48,,3348,20,,,0,149,,4947,20,,,0,110,,4948,20,,,0,110,,4949,20,,,0,110,,3352,20,,,0,110,,3354,20,,,0,84,,3355,20,,,0,26,,3356,20,,,0,188,,3358,20,,,0,72,,4950,20,,,0,35,,4951,20,,,0,107,,4952,20,,,0,156,,4953,20,,,0,102,,3346,20,,,0
7200,'4480',649,,3325,20,,,0,75,,4944,20,,,0,33,,3323,20,,,0,77,,3322,20,,,0,74,,3302,20,,,0,144,,4935,20,,,0,150,,4936,20,,,0,35,,3308,20,,,0,297,,3313,20,,,0,109,,4939,20,,,0,264,,3318,20,,,0,111,,4942,20,,,0,102,,4943,20,,,0,100,,3321,20,,,0
7200,'4661',1755,,3326,20,,,0
7200,'4663',1755,,3327,20,,,0
7200,'4673',2320,,4945,20,,,0
7200,'5241',2320,,4946,20,,,0
7200,'5302',838,,4934,20,,,0,114,,3331,20,,,0,364,,3334,20,,,0
7200,'5303',942,,3303,20,,,0,75,,3304,20,,,0,110,,3306,20,,,0,185,,4937,20,,,0,35,,3310,20,,,0,77,,4938,20,,,0,35,,3312,20,,,0,149,,3314,20,,,0,110,,4940,20,,,0,114,,4941,20,,,0
7200,'5304',942,,5656,20,,,0,75,,5657,20,,,0,110,,5658,20,,,0,185,,5659,20,,,0,35,,5660,20,,,0,77,,5661,20,,,0,35,,5662,20,,,0,149,,5663,20,,,0,110,,5664,20,,,0,114,,5665,20,,,0
7200,'5306',919,,5666,20,,,0,124,,5668,20,,,0,157,,5669,20,,,0,109,,5670,20,,,0,111,,5672,20,,,0,221,,5673,20,,,0,66,,5667,20,,,0,610,,5671,20,,,0
7200,'5307',838,,5674,20,,,0,114,,5675,20,,,0,364,,5676,20,,,0
