3000,'4327',746,,2869,51,,,0,158,,4678,51,,,0,106,,4677,51,,,0,108,,2872,51,,,0,114,,2863,51,,,0,110,,2865,51,,,0,110,,2871,51,,,0,149,,2866,51,,,0,110,,4676,51,,,0,110,,2864,51,,,0
3000,'4332',828,,2896,51,,,0,77,,4687,51,,,0,32,,2887,51,,,0,74,,4686,51,,,0,145,,2895,51,,,0,76,,2894,51,,,0,110,,2881,51,,,0,75,,2876,51,,,0,35,,4685,51,,,0,75,,2890,51,,,0,78,,4683,51,,,0,106,,2884,51,,,0,109,,2883,51,,,0,298,,2878,51,,,0,103,,4690,51,,,0
3000,'4480',652,,4680,51,,,0,94,,2855,51,,,0,59,,2850,51,,,0,18,,2856,51,,,0,34,,2857,51,,,0,58,,2851,51,,,0,34,,2832,51,,,0,75,,2833,51,,,0,35,,2834,51,,,0,75,,2835,51,,,0,75,,2836,51,,,0,35,,2837,51,,,0,75,,2838,51,,,0,35,,2839,51,,,0,75,,2840,51,,,0,76,,2841,51,,,0,110,,2842,51,,,0,110,,2843,51,,,0,111,,2844,51,,,0,75,,2845,51,,,0,210,,4679,51,,,0,200,,2849,51,,,0
3000,'4663',1540,,5506,51,,,0,261,,5507,51,,,0
3000,'4673',1650,,4681,51,,,0
3000,'5241',1650,,4682,51,,,0
3000,'5302',1930,,2870,51,,,0
3000,'5303',728,,2854,51,,,0,112,,2853,51,,,0,700,,2858,51,,,0,261,,2859,51,,,0,219,,2846,51,,,0,200,,2848,51,,,0
3000,'5304',728,,5511,51,,,0,112,,5510,51,,,0,1180,,5508,51,,,0,200,,5509,51,,,0
3000,'5305',1540,,5512,51,,,0,261,,5513,51,,,0
3000,'5306',721,,5519,51,,,0,327,,5518,51,,,0,73,,5517,51,,,0,186,,5522,51,,,0,329,,5521,51,,,0,114,,5514,51,,,0,106,,5515,51,,,0,150,,5520,51,,,0,314,,5516,51,,,0
3000,'5307',1930,,5523,51,,,0
