501,'4480',653,,2241,15,,,0,151,,2245,15,,,0,110,,2237,15,,,0,110,,2242,15,,,0,101,,2239,15,,,0,99,,2240,15,,,0,128,,2244,15,,,0,98,,2238,15,,,0,504,,2243,15,,,0,149,,2247,15,,,0,109,,2246,15,,,0,89,,2248,15,,,0,54,,2249,2,,,0
501,'4661',1839,,2250,15,,,0
501,'4663',1510,,2251,2,,,0,95,,2253,15,,,0,119,,2254,15,,,0,115,,2252,15,,,0
501,'4673',1510,,2255,2,,,0,95,,2256,15,,,0,119,,2257,15,,,0
501,'4681',1510,,2258,2,,,0,95,,2259,15,,,0,119,,2260,15,,,0
501,'4970',842,,2264,15,,,0,110,,2266,15,,,0,152,,2261,15,,,0,100,,2262,15,,,0,130,,2268,15,,,0,104,,2263,15,,,0,116,,2270,15,,,0,150,,2269,15,,,0,110,,2271,15,,,0,110,,2267,15,,,0,110,,2265,15,,,0
501,'5131',755,,2274,15,,,0,196,,2275,15,,,0,150,,2276,15,,,0,116,,2277,15,,,0,117,,2278,15,,,0,109,,2279,15,,,0,110,,2280,15,,,0,149,,2281,15,,,0,112,,2282,15,,,0,109,,2283,15,,,0,105,,2284,15,,,0,107,,2285,15,,,0,109,,2273,15,,,0,110,,2272,2,,,0
600,'4480',626,,2299,2,,,0,88,,2293,2,,,0,28,,2288,2,,,0,72,,2286,2,,,0,86,,2292,2,,,0,113,,2297,2,,,0,119,,2287,2,,,0,121,,2298,2,,,0,155,,2289,2,,,0,94,,2291,2,,,0,23,,2290,2,,,0,229,,2295,2,,,0,153,,2294,2,,,0,114,,2296,2,,,0,114,,2300,2,,,0,111,,2301,2,,,0,91,,2302,2,,,0
600,'4663',1640,,2303,2,,,0
600,'4673',1640,,2304,2,,,0
600,'4681',1640,,2305,2,,,0
600,'4970',702,,2307,2,,,0,110,,2315,2,,,0,110,,2314,2,,,0,110,,2312,2,,,0,111,,2309,2,,,0,109,,2316,2,,,0,150,,2306,2,,,0,110,,2313,2,,,0,111,,2311,2,,,0,111,,2317,2,,,0,107,,2310,2,,,0,111,,2308,2,,,0
600,'5131',702,,2323,2,,,0,110,,2326,2,,,0,109,,2320,2,,,0,110,,2330,2,,,0,107,,2321,2,,,0,119,,2324,2,,,0,145,,2325,2,,,0,112,,2327,2,,,0,108,,2329,2,,,0,116,,2318,2,,,0,104,,2322,2,,,0,110,,2319,2,,,0,150,,2331,2,,,0,110,,2332,2,,,0,100,,2328,2,,,0
