2000,'4327',828,,2749,26,,,0,218,,2752,26,,,0,480,,2753,26,,,0,225,,2750,26,,,0
2000,'4332',1149,,2754,26,,,0,481,,4651,26,,,0,103,,4652,26,,,0,422,,2765,26,0,9 12 2 5,0,102,,2761,26,0,9 12 2 5,0
2000,'4480',603,,4649,26,0,9 12 2 5,0,108,,2747,26,0,9 12 2 5,0,107,,4650,26,0,9 12 2 5,0,38,,4642,26,,,0,149,,2735,26,,,0,110,,4643,26,,,0,105,,4644,26,0,9 12 2 5,0,115,,4645,26,,,0,188,,4646,26,,,0,20,,4647,26,0,9 12 2 5,0,160,,2742,26,0,9 12 2 5,0,253,,2744,26,0,9 12 2 5,0,203,,4648,26,0,9 12 2 5,0
2000,'5302',1305,,2751,26,,,0
2000,'5303',1413,,2739,26,,,0,407,,2743,26,,,0
2000,'5304',1413,,5463,26,,,0,407,,5464,26,,,0
2000,'5306',819,,5470,26,,,0,112,,5469,26,,,0,100,,5471,26,,,0,226,,5465,26,,,0,151,,5466,26,,,0,111,,5467,26,,,0,418,,5468,26,0,9 12 2 5,0
2000,'5307',1305,,5472,26,,,0
9200,'4663',1411,,5709,22,,,0,2,,5710,22,,,0
9200,'4673',1530,,4987,22,,,0,2,,4986,22,,,0
9200,'5303',1432,,4988,22,,,0,2,,3500,22,,,0
9200,'5308',1432,,5711,22,,,0,2,,5712,22,,,0
1002000,'4327',930,,3594,32,,,0,481,,3598,32,,,0,496,,3596,32,,,0
1002000,'4332',1005,,3607,32,,,0,220,,3606,32,,,0,212,,3609,32,,,0,393,,3603,32,,,0
1002000,'4480',745,,4996,32,,,0,93,,4997,32,,,0,91,,4998,32,,,0,700,,3586,32,,,0,113,,3587,32,,,0,112,,3588,32,,,0,405,,3589,32,,,0
1002000,'4663',2059,,5719,32,,,0
1002000,'4673',2059,,5720,32,,,0
1002000,'5302',712,,4995,32,,,0,427,,3593,32,,,0,490,,3595,32,,,0
1002000,'5303',637,,3578,32,,,0,402,,3582,32,,,0,110,,3583,32,,,0,110,,4999,32,,,0,180,,3585,32,,,0,620,,3592,32,,,0
1002000,'5304',637,,5721,32,,,0,402,,5722,32,,,0,110,,5723,32,,,0,110,,5724,32,,,0,180,,5725,32,,,0
1002000,'5306',636,,5730,32,,,0,112,,5731,32,,,0,110,,5727,32,,,0,261,,5732,32,,,0,206,,5728,32,,,0,230,,5729,32,,,0,150,,5733,32,,,0,350,,5726,32,,,0
1002000,'5307',712,,5736,32,,,0,427,,5734,32,,,0,490,,5735,32,,,0
1002000,'5308',2059,,5737,32,,,0
