600,'4327',706,,3806,9,,,0,110,,2315,9,,,0,110,,2314,9,,,0,110,,2312,9,,,0,111,,2309,9,,,0,109,,2316,9,,,0,150,,2306,9,,,0,111,,2313,9,,,0,111,,2311,9,,,0,111,,2317,9,,,0,107,,2310,9,,,0,111,,2308,9,,,0
600,'4332',706,,2323,9,,,0,110,,2326,9,,,0,109,,2320,9,,,0,110,,2330,9,,,0,108,,2321,9,,,0,159,,2324,9,,,0,106,,3809,9,,,0,112,,2327,9,,,0,108,,3810,9,,,0,116,,2318,9,,,0,104,,3808,9,,,0,108,,3807,9,,,0,150,,3811,9,,,0,110,,3812,9,,,0,100,,2328,9,,,0
600,'4480',718,,2293,9,,,0,28,,2288,9,,,0,73,,2286,9,,,0,85,,2292,9,,,0,113,,2297,9,,,0,242,,2298,9,,,0,250,,2291,9,,,0,23,,2290,9,,,0,268,,2295,9,,,0,339,,2300,9,,,0,202,,2302,9,,,0
600,'4663',1646,,2303,9,,,0
600,'4673',1646,,2304,9,,,0
600,'4681',1646,,2305,9,,,0
600,'5214',630,,2299,9,,,0,507,,2287,9,,,0,278,,2289,9,,,0,498,,2294,9,,,0,114,,2296,9,,,0,223,,2301,9,,,0
600,'5216',630,,3817,9,,,0,507,,3813,9,,,0,278,,3814,9,,,0,498,,3815,9,,,0,114,,3816,9,,,0,223,,3818,9,,,0
801,'4327',812,,2542,7,,,0,121,,2540,7,,,0,104,,2544,7,,,0,111,,2543,7,,,0,156,,2545,7,,,0,109,,2546,7,,,0,112,,2539,7,,,0,111,,2537,7,,,0,106,,2538,7,,,0,110,,2548,7,,,0,106,,2547,7,,,0
801,'4332',702,,2550,7,,,0,110,,2551,7,,,0,110,,2552,7,,,0,111,,2553,7,,,0,123,,2561,7,,,0,148,,3902,7,,,0,112,,2554,7,,,0,104,,3897,7,,,0,120,,2556,7,,,0,102,,3898,7,,,0,110,,3896,7,,,0,105,,3899,7,,,0,145,,3900,7,,,0,109,,3901,7,,,0
801,'4480',659,,2521,7,,,0,142,,2524,7,,,0,114,,2530,7,,,0,115,,2520,7,,,0,125,,2529,7,,,0,270,,2522,7,,,0,230,,2525,7,,,0,385,,2526,7,,,0,271,,2533,7,,,0
801,'4663',1530,,2534,7,,,0
801,'4673',1530,,2535,7,,,0
801,'4681',1530,,2536,7,,,0
801,'5214',530,,2531,7,,,0,780,,2523,7,,,0,500,,2527,7,,,0,115,,2528,7,,,0,227,,2532,7,,,0
801,'5216',530,,3906,7,,,0,780,,3903,7,,,0,500,,3904,7,,,0,115,,3905,7,,,0,227,,3907,7,,,0
