4000,'4327',744,,4742,44,,,0,264,,4739,44,,,0,192,,4737,44,,,0,138,,4751,44,,,0,110,,4743,44,,,0,110,,4740,44,,,0,75,,4748,44,,,0,75,,4747,44,,,0,35,,4754,44,,,0,75,,4738,44,,,0,35,,4749,44,,,0,74,,4744,44,,,0,75,,4753,44,,,0
4000,'4332',719,,4839,44,,,0,32,,4844,44,,,0,151,,4824,44,,,0,33,,4840,44,,,0,74,,4821,44,,,0,37,,4837,44,,,0,108,,4828,44,,,0,151,,4820,44,,,0,35,,4825,44,,,0,75,,4829,44,,,0,35,,4838,44,,,0,152,,4827,44,,,0,107,,4842,44,,,0,39,,4841,44,,,0,71,,4830,44,,,0,185,,4823,44,,,0,36,,4846,44,,,0,75,,4835,44,,,0
4000,'4480',637,,4804,44,,,0,70,,4805,44,,,0,16,,4812,44,,,0,14,,4806,44,,,0,15,,4807,44,,,0,57,,4808,44,,,0,30,,4811,44,,,0,15,,4762,44,,,0,55,,4763,44,,,0,15,,4764,44,,,0,15,,4765,44,,,0,15,,4766,44,,,0,55,,4767,44,,,0,15,,4768,44,,,0,30,,4770,44,,,0,54,,4771,44,,,0,15,,4772,44,,,0,31,,4774,44,,,0,55,,4775,44,,,0,15,,4776,44,,,0,30,,4778,44,,,0,55,,4779,44,,,0,15,,4780,44,,,0,15,,4781,44,,,0,15,,4782,44,,,0,55,,4783,44,,,0,15,,4784,44,,,0,14,,4785,44,,,0,15,,4786,44,,,0,55,,4787,44,,,0,15,,4788,44,,,0,15,,4789,44,,,0,70,,4792,44,,,0,30,,4794,44,,,0,15,,4795,44,,,0,87,,4798,44,,,0,15,,4796,44,,,0,72,,4800,44,,,0,20,,4801,44,,,0,60,,4802,44,,,0,312,,4758,44,,,0,29,,4761,44,,,0,71,,4757,44,,,0
4000,'4663',2048,,5581,44,,,0
4000,'4673',1928,,4816,44,,,0,120,,5582,44,,,0,101,,4815,44,,,0
4000,'5241',1928,,4819,44,,,0,221,,4818,44,,,0
4000,'5302',901,,4752,44,,,0,142,,4755,44,,,0,72,,4741,44,,,0,113,,4756,44,,,0,75,,4750,44,,,0,110,,4746,44,,,0,108,,4745,44,,,0
4000,'5303',824,,4809,44,,,0,215,,4769,44,,,0,100,,4773,44,,,0,100,,4777,44,,,0,314,,4790,44,,,0,70,,4793,44,,,0,87,,4797,44,,,0,15,,4791,44,,,0,85,,4799,44,,,0,138,,4803,44,,,0,70,,4760,44,,,0,30,,4817,44,,,0,72,,4759,44,,,0
4000,'5304',824,,5594,44,,,0,215,,5585,44,,,0,100,,5586,44,,,0,100,,5587,44,,,0,314,,5588,44,,,0,70,,5590,44,,,0,87,,5591,44,,,0,15,,5589,44,,,0,85,,5592,44,,,0,138,,5593,44,,,0,70,,5584,44,,,0,102,,5583,44,,,0
4000,'5306',825,,5598,44,,,0,294,,5595,44,,,0,110,,5597,44,,,0,296,,5602,44,,,0,109,,5599,44,,,0,221,,5600,44,,,0,74,,5603,44,,,0,290,,5596,44,,,0,99,,5601,44,,,0
4000,'5307',901,,5608,44,,,0,142,,5609,44,,,0,72,,5604,44,,,0,113,,5610,44,,,0,75,,5607,44,,,0,110,,5606,44,,,0,108,,5605,44,,,0
4000,'5308',2048,,5611,44,,,0
