7200,'4327',731,,3339,17,,,0,323,,3333,17,,,0,160,,3332,17,,,0,219,,3335,17,,,0,102,,3336,17,,,0,114,,3337,17,,,0,110,,3338,17,,,0,150,,3330,17,,,0
7200,'4332',712,,3363,17,,,0,95,,3340,17,,,0,48,,3348,17,,,0,149,,4947,17,,,0,110,,4948,17,,,0,110,,4949,17,,,0,110,,3352,17,,,0,110,,3354,17,,,0,84,,3355,17,,,0,26,,3356,17,,,0,188,,3358,17,,,0,72,,4950,17,,,0,35,,4951,17,,,0,108,,4952,17,,,0,156,,4953,17,,,0,102,,3346,17,,,0
7200,'4480',646,,3325,17,,,0,75,,4944,17,,,0,33,,3323,17,,,0,77,,3322,17,,,0,74,,3302,17,,,0,144,,4935,17,,,0,110,,4936,17,,,0,75,,3308,17,,,0,297,,3313,17,,,0,109,,4939,17,,,0,264,,3318,17,,,0,112,,4942,17,,,0,102,,4943,17,,,0,100,,3321,17,,,0
7200,'4661',1752,,3326,17,,,0
7200,'4663',1752,,3327,17,,,0
7200,'4673',2318,,4945,17,,,0
7200,'5241',2318,,4946,17,,,0
7200,'5302',836,,4934,17,,,0,113,,3331,17,,,0,364,,3334,17,,,0
7200,'5303',939,,3303,17,,,0,75,,3304,17,,,0,110,,3306,17,,,0,185,,4937,17,,,0,35,,3310,17,,,0,77,,4938,17,,,0,35,,3312,17,,,0,149,,3314,17,,,0,110,,4940,17,,,0,114,,4941,17,,,0
7200,'5304',939,,5656,17,,,0,75,,5657,17,,,0,110,,5658,17,,,0,185,,5659,17,,,0,35,,5660,17,,,0,77,,5661,17,,,0,35,,5662,17,,,0,149,,5663,17,,,0,110,,5664,17,,,0,114,,5665,17,,,0
7200,'5306',916,,5666,17,,,0,124,,5668,17,,,0,117,,5669,17,,,0,149,,5670,17,,,0,111,,5672,17,,,0,221,,5673,17,,,0,66,,5667,17,,,0,611,,5671,17,,,0
7200,'5307',836,,5674,17,,,0,113,,5675,17,,,0,364,,5676,17,,,0
