4000,'4327',706,,4742,1,,,0,222,,4739,1,,,0,192,,4737,1,,,0,137,,4751,1,,,0,150,,4743,1,,,0,110,,4740,1,,,0,35,,4748,1,,,0,75,,4747,1,,,0,75,,4754,1,,,0,35,,4738,1,,,0,75,,4749,1,,,0,35,,4744,1,,,0,75,,4753,1,,,0
4000,'4332',640,,4839,1,,,0,70,,4844,1,,,0,111,,4824,1,,,0,32,,4840,1,,,0,74,,4821,1,,,0,77,,4837,1,,,0,106,,4828,1,,,0,110,,4820,1,,,0,35,,4825,1,,,0,75,,4829,1,,,0,75,,4838,1,,,0,113,,4827,1,,,0,107,,4842,1,,,0,79,,4841,1,,,0,31,,4830,1,,,0,186,,4823,1,,,0,38,,4846,1,,,0,75,,4835,1,,,0
4000,'4480',600,,4804,1,,,0,29,,4805,1,,,0,14,,4812,1,,,0,13,,4806,1,,,0,55,,4807,1,,,0,13,,4808,1,,,0,16,,4810,1,0,6 7,0,12,,4811,1,,,0,57,,4762,1,,,0,15,,4763,1,,,0,16,,4764,1,,,0,15,,4765,1,,,0,55,,4766,1,,,0,17,,4767,1,,,0,15,,4768,1,,,0,70,,4770,1,,,0,13,,4771,1,,,0,14,,4772,1,,,0,71,,4774,1,,,0,15,,4775,1,,,0,14,,4776,1,,,0,70,,4778,1,,,0,15,,4779,1,,,0,15,,4780,1,,,0,14,,4781,1,,,0,54,,4782,1,,,0,15,,4783,1,,,0,15,,4784,1,,,0,13,,4785,1,,,0,55,,4786,1,,,0,14,,4787,1,,,0,16,,4788,1,,,0,15,,4789,1,,,0,69,,4792,1,,,0,32,,4794,1,,,0,53,,4795,1,,,0,50,,4798,1,,,0,56,,4796,1,,,0,32,,4800,1,,,0,60,,4801,1,,,0,20,,4802,1,,,0,319,,4758,1,,,0,70,,4761,1,,,0,32,,4757,1,,,0
4000,'4663',2007,,5581,1,,,0
4000,'4673',1844,,4816,1,,,0,163,,5582,1,,,0,102,,4815,1,,,0
4000,'5241',1844,,4819,1,,,0,265,,4818,1,,,0
4000,'5302',822,,4752,1,,,0,181,,4755,1,,,0,32,,4741,1,,,0,113,,4756,1,,,0,75,,4750,1,,,0,109,,4746,1,,,0,108,,4745,1,,,0
4000,'5303',736,,4809,1,,,0,221,,4769,1,,,0,98,,4773,1,,,0,99,,4777,1,,,0,350,,4790,1,,,0,32,,4793,1,,,0,85,,4797,1,,,0,16,,4791,1,,,0,88,,4799,1,,,0,179,,4803,1,,,0,32,,4760,1,,,0,71,,4817,1,,,0,32,,4759,1,,,0
4000,'5304',736,,5594,1,,,0,221,,5585,1,,,0,98,,5586,1,,,0,99,,5587,1,,,0,350,,5588,1,,,0,32,,5590,1,,,0,85,,5591,1,,,0,16,,5589,1,,,0,88,,5592,1,,,0,179,,5593,1,,,0,32,,5584,1,,,0,103,,5583,1,,,0
4000,'5306',744,,5598,1,,,0,292,,5595,1,,,0,109,,5597,1,,,0,295,,5602,1,,,0,110,,5599,1,,,0,261,,5600,1,,,0,35,,5603,1,,,0,292,,5596,1,,,0,100,,5601,1,,,0
4000,'5307',822,,5608,1,,,0,181,,5609,1,,,0,32,,5604,1,,,0,113,,5610,1,,,0,75,,5607,1,,,0,109,,5606,1,,,0,108,,5605,1,,,0
4000,'5308',2007,,5611,1,,,0
