500,'4528',625,,7519,15,,,0,86,,7518,15,,,0,115,,7522,15,,,0,107,,7513,15,,,0,110,,7517,15,,,0,101,,7515,15,,,0,99,,7516,15,,,0,267,,7514,15,,,0,233,,7521,15,,,0,269,,7520,15,,,0,108,,7524,15,,,0,109,,7523,15,,,0,89,,7525,15,,,0
500,'4532',813,,7527,15,,,0,196,,7528,15,,,0,110,,7529,15,,,0,116,,7530,15,,,0,117,,7531,15,,,0,149,,7532,15,,,0,110,,7533,15,,,0,108,,7534,15,,,0,112,,7535,15,,,0,109,,7536,15,,,0,105,,7537,15,,,0,107,,7538,15,,,0,149,,7539,15,,,0
500,'4623',1411,,7541,15,,,0,214,,7543,15,,,0,232,,7542,15,,,0
500,'5221',859,,7547,15,,,0,150,,7549,15,,,0,112,,7544,15,,,0,100,,7545,15,,,0,130,,7551,15,,,0,104,,7546,15,,,0,156,,7553,15,,,0,110,,7552,15,,,0,110,,7554,15,,,0,110,,7550,15,,,0
500,'5222',1411,,7555,15,,,0,214,,7557,15,,,0,232,,7556,15,,,0
1500,'4528',925,,7962,17,,,0,30,,7961,17,,,0,70,,7963,17,,,0,30,,7967,17,,,0,69,,7966,17,,,0,31,,7965,17,,,0,69,,7964,17,,,0,100,,7971,17,,,0,30,,7970,17,,,0,75,,7969,17,,,0,74,,7968,17,,,0,331,,7972,17,,,0,109,,7973,17,,,0,110,,7974,17,,,0
1500,'4532',802,,7982,17,,,0,110,,7977,17,,,0,111,,7985,17,,,0,108,,7981,17,,,0,119,,7980,17,,,0,105,,7978,17,,,0,150,,7983,17,,,0,110,,7984,17,,,0,114,,7975,17,,,0,106,,7976,17,,,0,110,,7979,17,,,0,107,,7986,17,,,0
1500,'5221',802,,7995,17,,,0,113,,7994,17,,,0,110,,7992,17,,,0,111,,7990,17,,,0,109,,7996,17,,,0,110,,7988,17,,,0,150,,7991,17,,,0,110,,7987,17,,,0,110,,7997,17,,,0,109,,7993,17,,,0,111,,7989,17,,,0
4000,'4528',631,,8346,39,,,0,70,,8347,39,,,0,30,,8348,39,,,0,70,,8349,39,,,0,31,,8350,39,,,0,70,,8325,39,,,0,30,,8326,39,,,0,71,,8327,39,,,0,30,,8328,39,,,0,69,,8329,39,,,0,31,,8330,39,,,0,70,,8331,39,,,0,30,,8332,39,,,0,99,,8333,39,,,0,69,,8334,39,,,0,29,,8336,39,,,0,70,,8335,39,,,0,30,,8337,39,,,0,70,,8338,39,,,0,30,,8339,39,,,0,72,,8340,39,,,0,31,,8341,39,,,0,70,,8342,39,,,0,37,,8343,39,,,0,71,,8344,39,,,0,30,,8345,39,,,0,70,,8321,39,,,0,30,,8322,39,,,0,72,,8320,39,,,0,30,,8323,39,,,0,70,,8319,39,,,0,29,,8324,39,,,0,71,,8318,39,,,0
4000,'4532',712,,8370,39,,,0,32,,8375,39,,,0,74,,8363,39,,,0,37,,8355,39,,,0,73,,8371,39,,,0,74,,8352,39,,,0,37,,8368,39,,,0,73,,8353,39,,,0,35,,8359,39,,,0,75,,8362,39,,,0,36,,8351,39,,,0,75,,8356,39,,,0,75,,8360,39,,,0,35,,8369,39,,,0,75,,8374,39,,,0,37,,8358,39,,,0,72,,8364,39,,,0,75,,8373,39,,,0,39,,8372,39,,,0,71,,8361,39,,,0,36,,8365,39,,,0,74,,8376,39,,,0,35,,8354,39,,,0,76,,8377,39,,,0,75,,8366,39,,,0,104,,8357,39,,,0,99,,8367,39,,,0
4000,'4623',1303,,8378,39,,,0
4000,'5221',738,,8384,39,,,0,117,,8394,39,,,0,147,,8381,39,,,0,35,,8397,39,,,0,72,,8383,39,,,0,45,,8379,39,,,0,68,,8398,39,,,0,35,,8392,39,,,0,75,,8393,39,,,0,75,,8388,39,,,0,35,,8385,39,,,0,73,,8387,39,,,0,37,,8382,39,,,0,75,,8390,39,,,0,75,,8389,39,,,0,35,,8396,39,,,0,75,,8380,39,,,0,35,,8391,39,,,0,74,,8386,39,,,0,35,,8395,39,,,0
4000,'5222',1303,,8399,39,,,0
1001500,'4528',707,,8772,22,,,0,37,,8769,22,,,0,78,,8771,22,,,0,30,,8770,22,,,0,402,,8773,22,,,0,285,,8776,22,,,0,76,,8778,22,,,0,37,,8774,22,,,0,76,,8775,22,,,0,75,,8777,22,,,0
