3001,'4327',805,,2937,9,,,0,342,,2940,9,,,0,259,,2941,9,,,0,221,,2933,9,,,0,214,,4691,9,,,0,115,,2936,9,,,0
3001,'4332',848,,2952,9,,,0,77,,4706,9,,,0,113,,2951,9,,,0,297,,2943,9,,,0,106,,2950,9,,,0,188,,4704,9,,,0,108,,4702,9,,,0,110,,2947,9,,,0,75,,2949,9,,,0,108,,4708,9,,,0
3001,'4480',629,,4698,9,,,0,85,,4697,9,,,0,37,,2922,9,,,0,58,,2924,9,,,0,17,,2921,9,,,0,18,,2925,9,,,0,91,,2900,9,,,0,75,,2901,9,,,0,35,,2902,9,,,0,75,,2903,9,,,0,35,,2904,9,,,0,75,,2906,9,,,0,75,,2907,9,,,0,35,,2908,9,,,0,75,,4695,9,,,0,36,,2909,9,,,0,77,,2910,9,,,0,109,,2911,9,,,0,109,,2913,9,,,0,110,,2915,9,,,0,75,,2917,9,,,0,407,,2919,9,,,0
3001,'4663',1602,,5524,9,,,0,539,,5525,9,,,0
3001,'4673',2141,,5526,9,,,0
3001,'5302',926,,4692,9,,,0,110,,2931,9,,,0,220,,4693,9,,,0,262,,4694,9,,,0,220,,2935,9,,,0
3001,'5303',901,,2899,9,,,0,701,,2926,9,,,0,110,,2912,9,,,0,109,,2914,9,,,0,219,,2918,9,,,0,101,,4701,9,,,0,97,,4696,9,,,0
3001,'5304',901,,5527,9,,,0,811,,5528,9,,,0,109,,5529,9,,,0,219,,5531,9,,,0,198,,5530,9,,,0
3001,'5305',1602,,5532,9,,,0
3001,'5306',740,,5541,9,,,0,261,,5537,9,,,0,112,,5538,9,,,0,35,,5534,9,,,0,76,,5543,9,,,0,35,,5544,9,,,0,151,,5535,9,,,0,108,,5540,9,,,0,35,,5539,9,,,0,149,,5546,9,,,0,110,,5545,9,,,0,327,,5533,9,,,0,100,,5542,9,,,0,102,,5536,9,,,0
3001,'5307',926,,5548,9,,,0,110,,5547,9,,,0,220,,5550,9,,,0,262,,5551,9,,,0,220,,5549,9,,,0
3001,'5308',2141,,5552,9,,,0
4001,'4327',709,,3226,17,,,0,106,,3214,17,,,0,229,,3223,17,,,0,111,,3210,17,,,0,149,,4848,17,,,0,110,,3211,17,,,0,35,,3219,17,,,0,77,,3215,17,,,0,110,,3209,17,,,0,110,,4852,17,,,0,75,,4856,17,,,0,110,,4849,17,,,0,75,,4851,17,,,0
4001,'4332',749,,3243,17,,,0,107,,3248,17,,,0,153,,4917,17,,,0,36,,4906,17,,,0,75,,4918,17,,,0,36,,4909,17,,,0,75,,3237,17,,,0,75,,3238,17,,,0,142,,3245,17,,,0,78,,3239,17,,,0,75,,4916,17,,,0,35,,4910,17,,,0,109,,4915,17,,,0,110,,4911,17,,,0,150,,3252,17,,,0,108,,4919,17,,,0,35,,4914,17,,,0,100,,4907,17,,,0
4001,'4480',637,,3199,17,,,0,72,,4898,17,,,0,31,,4902,17,,,0,16,,4899,17,,,0,55,,4900,17,,,0,18,,4901,17,,,0,16,,4865,17,,,0,69,,4869,17,,,0,15,,4870,17,,,0,15,,4866,17,,,0,15,,4867,17,,,0,70,,4872,17,,,0,15,,4873,17,,,0,15,,4874,17,,,0,55,,4875,17,,,0,15,,4876,17,,,0,15,,4877,17,,,0,15,,3172,17,,,0,57,,4878,17,,,0,85,,4879,17,,,0,30,,4880,17,,,0,15,,4881,17,,,0,55,,4882,17,,,0,30,,4884,17,,,0,15,,4885,17,,,0,55,,4886,17,,,0,15,,4887,17,,,0,15,,4888,17,,,0,15,,4889,17,,,0,70,,4890,17,,,0,15,,4891,17,,,0,15,,3191,17,,,0,70,,4903,17,,,0,15,,4895,17,,,0,15,,3196,17,,,0,69,,4894,17,,,0,15,,4896,17,,,0,92,,4864,17,,,0,20,,4860,17,,,0,108,,3151,17,,,0,100,,4859,17,,,0,69,,4862,17,,,0,29,,4858,17,,,0,70,,4861,17,,,0,30,,4857,17,,,0
4001,'4673',2021,,4904,17,,,0
4001,'5241',2021,,4905,17,,,0
4001,'5302',934,,4853,17,,,0,186,,4850,17,,,0,112,,4847,17,,,0,107,,4855,17,,,0,216,,3218,17,,,0,156,,4854,17,,,0,139,,3212,17,,,0
4001,'5303',900,,4868,17,,,0,114,,4871,17,,,0,217,,3174,17,,,0,15,,3175,17,,,0,70,,3177,17,,,0,100,,4883,17,,,0,185,,3188,17,,,0,100,,4892,17,,,0,99,,4893,17,,,0,45,,4897,17,,,0,57,,3158,17,,,0,100,,4863,17,,,0,118,,3155,17,,,0
4001,'5304',900,,5615,17,,,0,114,,5616,17,,,0,217,,5617,17,,,0,15,,5618,17,,,0,70,,5619,17,,,0,100,,5620,17,,,0,185,,5621,17,,,0,100,,5622,17,,,0,99,,5623,17,,,0,45,,5624,17,,,0,57,,5614,17,,,0,100,,5613,17,,,0,118,,5612,17,,,0
4001,'5306',706,,5634,17,,,0,117,,5633,17,,,0,109,,5630,17,,,0,410,,5632,17,,,0,75,,5625,17,,,0,293,,5631,17,,,0,111,,5627,17,,,0,109,,5626,17,,,0,109,,5628,17,,,0,310,,5629,17,,,0
4001,'5307',934,,5639,17,,,0,186,,5637,17,,,0,112,,5635,17,,,0,107,,5641,17,,,0,216,,5638,17,,,0,156,,5640,17,,,0,139,,5636,17,,,0
