7200,'4327',717,,3339,1,,,0,323,,3333,1,,,0,160,,3332,1,,,0,219,,3335,1,,,0,102,,3336,1,,,0,114,,3337,1,,,0,110,,3338,1,,,0,110,,3330,1,,,0
7200,'4332',658,,3363,1,,,0,95,,3340,1,,,0,88,,3348,1,,,0,109,,4947,1,,,0,150,,4948,1,,,0,110,,4949,1,,,0,110,,3352,1,,,0,110,,3354,1,,,0,84,,3355,1,,,0,26,,3356,1,,,0,188,,3358,1,,,0,72,,4950,1,,,0,35,,4951,1,,,0,108,,4952,1,,,0,116,,4953,1,,,0,142,,3346,1,,,0
7200,'4480',632,,3325,1,,,0,75,,4944,1,,,0,33,,3323,1,,,0,76,,3322,1,,,0,34,,3302,1,,,0,185,,4935,1,,,0,110,,4936,1,,,0,75,,3308,1,,,0,295,,3313,1,,,0,110,,4939,1,,,0,225,,3318,1,,,0,152,,4942,1,,,0,102,,4943,1,,,0,100,,3321,1,,,0
7200,'4661',1738,,3326,1,,,0
7200,'4663',1738,,3327,1,,,0
7200,'4673',2304,,4945,1,,,0
7200,'5241',2304,,4946,1,,,0
7200,'5302',822,,4934,1,,,0,113,,3331,1,,,0,324,,3334,1,,,0
7200,'5303',925,,3303,1,,,0,75,,3304,1,,,0,110,,3306,1,,,0,145,,4937,1,,,0,75,,3310,1,,,0,75,,4938,1,,,0,35,,3312,1,,,0,110,,3314,1,,,0,150,,4940,1,,,0,115,,4941,1,,,0
7200,'5304',925,,5656,1,,,0,75,,5657,1,,,0,110,,5658,1,,,0,145,,5659,1,,,0,75,,5660,1,,,0,75,,5661,1,,,0,35,,5662,1,,,0,110,,5663,1,,,0,150,,5664,1,,,0,115,,5665,1,,,0
7200,'5306',902,,5666,1,,,0,124,,5668,1,,,0,117,,5669,1,,,0,109,,5670,1,,,0,151,,5672,1,,,0,221,,5673,1,,,0,26,,5667,1,,,0,651,,5671,1,,,0
7200,'5307',822,,5674,1,,,0,113,,5675,1,,,0,324,,5676,1,,,0
