2001,'4327',904,,2784,6,,,0,227,,2786,6,,,0,219,,2785,6,,,0,209,,2787,6,,,0,265,,2788,6,,,0
2001,'4332',914,,2795,6,,,0,88,,2799,6,,,0,105,,3980,6,,,0,128,,2789,6,,,0,115,,3981,6,,,0,102,,2792,6,,,0,107,,2797,6,,,0,143,,2793,6,,,0,111,,2790,6,,,0,325,,2794,6,0,9 10 11,0,199,,3979,6,0,9 10 11,0
2001,'4480',644,,3987,6,,,0,85,,3988,6,0,9 10 11,0,71,,2777,6,0,9 10 11,0,105,,2766,6,,,0,109,,3982,6,,,0,110,,3983,6,,,0,111,,3984,6,,,0,220,,3985,6,0,9 10 11,0,150,,2771,6,,,0,110,,2772,6,,,0,219,,3986,6,,,0,404,,2774,6,0,9 10 11,0
2001,'4663',1820,,2778,6,0,9 10 11,0,319,,2779,6,0,9 10 11,0
2001,'4673',1820,,2780,6,0,9 10 11,0,319,,2781,6,0,9 10 11,0
2001,'4681',1820,,2782,6,0,9 10 11,0,319,,2783,6,0,9 10 11,0
2501,'4327',820,,3997,6,,,0,220,,3998,7,,,0,215,,2823,7,,,0,545,,2824,6,,,0,230,,2825,7,,,0
2501,'4332',820,,4000,6,,,0,220,,4002,7,,,0,215,,4001,7,,,0,545,,4003,6,,,0,230,,3999,7,,,0
2501,'4480',823,,2815,6,,,0,216,,2816,7,,,0,217,,4005,6,,,0,174,,4006,7,,,0,373,,2819,7,,,0
2501,'4673',2028,,4007,6,,,0
2501,'5135',2028,,4004,6,,,0
1002001,'4327',752,,3630,6,,,0,251,,3629,6,,,0,232,,4350,6,,,0,222,,4351,6,,,0,257,,3626,6,,,0,305,,3628,6,,,0
1002001,'4332',716,,4353,6,,,0,113,,4354,6,,,0,110,,3631,6,,,0,111,,4352,6,,,0,103,,4360,6,,,0,157,,4359,6,,,0,110,,3632,6,,,0,104,,4356,6,,,0,116,,3633,6,,,0,109,,4357,6,,,0,164,,4355,6,,,0,103,,4361,6,,,0,220,,4358,6,,,0
1002001,'4480',719,,4362,6,,,0,110,,4363,6,,,0,94,,4364,6,,,0,126,,3614,6,,,0,110,,4365,6,,,0,151,,3616,6,,,0,35,,3617,6,,,0,75,,4366,6,,,0,110,,3619,6,,,0,110,,4367,6,,,0,111,,4368,6,,,0,108,,3622,6,,,0,178,,4369,6,,,0,202,,3624,6,,,0
