2001,'4327',926,,2784,36,,,0,228,,2786,36,,,0,258,,2785,36,,,0,209,,2787,36,,,0,224,,2788,36,,,0
2001,'4332',936,,2795,36,,,0,88,,2799,36,,,0,105,,3980,36,,,0,128,,2789,36,,,0,155,,3981,36,,,0,102,,2792,36,,,0,107,,2797,36,,,0,103,,2793,36,,,0,110,,2790,36,,,0,377,,2794,53,,,0,198,,3979,53,,,0
2001,'4480',841,,2777,53,,,0,87,,2766,36,,,0,700,,2771,36,,,0,109,,2772,36,,,0,674,,2774,53,,,0
2001,'4663',1856,,2778,53,,,0,358,,2779,53,,,0
2001,'4673',1856,,2780,53,,,0,358,,2781,53,,,0
2001,'4681',1856,,2782,53,,,0,358,,2783,53,,,0
2001,'5214',704,,2775,36,,,0,105,,2776,53,,,0,228,,2767,36,,,0,110,,2768,36,,,0,111,,2769,36,,,0,280,,2770,53,,,0,417,,2773,36,,,0
2001,'5216',704,,3987,36,,,0,105,,3988,53,,,0,228,,3982,36,,,0,110,,3983,36,,,0,111,,3984,36,,,0,280,,3985,53,,,0,417,,3986,36,,,0
1002001,'4327',825,,3630,53,,,0,214,,3629,53,,,0,271,,4350,53,,,0,222,,4351,53,,,0,217,,3626,53,,,0,304,,3628,53,,,0
1002001,'4332',749,,4353,53,,,0,153,,4354,53,,,0,112,,3631,53,,,0,111,,4352,53,,,0,103,,4360,53,,,0,117,,4359,53,,,0,110,,3632,53,,,0,104,,4356,53,,,0,156,,3633,53,,,0,109,,4357,53,,,0,124,,4355,53,,,0,102,,4361,53,,,0,259,,4358,53,,,0
1002001,'4480',1111,,3614,36,,,0,221,,3616,36,,,0,95,,3617,53,,,0,182,,3619,53,,,0,311,,3622,36,,,0,392,,3624,53,,,0
1002001,'5214',740,,3611,36,,,0,111,,3612,36,,,0,150,,3613,53,,,0,220,,3615,36,,,0,282,,3618,53,,,0,215,,3620,53,,,0,95,,3621,36,,,0,299,,3623,53,,,0
1002001,'5216',740,,4362,36,,,0,111,,4363,36,,,0,150,,4364,53,,,0,220,,4365,36,,,0,282,,4366,53,,,0,215,,4367,53,,,0,95,,4368,36,,,0,299,,4369,53,,,0
