901,'4327',802,,2638,59,,,0,57,,2635,59,,,0,183,,2641,59,,,0,113,,2637,59,,,0,169,,2642,59,,,0,109,,2633,59,,,0,167,,4603,59,,,0,134,,2636,59,,,0,283,,2639,59,,,0
901,'4332',819,,4613,45,,,0,37,,2647,45,,,0,145,,2652,52,,,0,44,,2649,45,,,0,278,,2657,45,,,0,35,,2651,52,,,0,79,,4614,52,,,0,97,,4616,45,,,0,107,,2644,52,,,0,100,,4615,45,,,0,117,,2656,52,,,0,97,,2655,45,,,0,245,,2645,59,,,0
901,'4480',556,,2630,45,,,0,100,,2629,52,,,0,70,,2631,45,,,0,30,,2627,52,,,0,70,,2628,45,,,0,30,,4605,59,,,0,96,,2611,45,,,0,104,,2612,52,,,0,97,,4606,45,,,0,99,,2632,59,,,0,89,,4608,52,,,0,81,,4607,45,,,0,87,,2616,52,,,0,117,,2619,52,,,0,33,,4610,59,,,0,144,,4612,45,,,0,52,,2623,52,,,0,103,,2625,45,,,0,96,,2622,52,,,0,99,,2626,45,,,0,200,,2624,59,,,0
901,'5302',1902,,4604,59,,,0
901,'5303',1555,,4609,45,,,0,174,,4611,52,,,0
901,'5304',1555,,5406,45,,,0,174,,5407,52,,,0
901,'5306',723,,5408,59,,,0,495,,5409,52,,,0
901,'5307',1902,,5410,59,,,0
9900,'4327',1044,,3545,12,,,0,798,,3546,9,,,0
9900,'4332',1842,,3548,9,,,0
9900,'4480',1053,,3544,12,,,0
9900,'5303',1847,,3543,9,,,0
9900,'5304',1847,,5713,9,,,0
9900,'5306',1044,,5714,12,,,0
