7200,'4327',725,,3339,13,,,0,323,,3333,13,,,0,160,,3332,13,,,0,219,,3335,13,,,0,102,,3336,13,,,0,114,,3337,13,,,0,110,,3338,13,,,0,150,,3330,13,,,0
7200,'4332',706,,3363,13,,,0,95,,3340,13,,,0,48,,3348,13,,,0,109,,4947,13,,,0,150,,4948,13,,,0,110,,4949,13,,,0,110,,3352,13,,,0,110,,3354,13,,,0,84,,3355,13,,,0,26,,3356,13,,,0,188,,3358,13,,,0,72,,4950,13,,,0,35,,4951,13,,,0,108,,4952,13,,,0,156,,4953,13,,,0,102,,3346,13,,,0
7200,'4480',640,,3325,13,,,0,75,,4944,13,,,0,33,,3323,13,,,0,77,,3322,13,,,0,34,,3302,13,,,0,184,,4935,13,,,0,110,,4936,13,,,0,75,,3308,13,,,0,296,,3313,13,,,0,110,,4939,13,,,0,224,,3318,13,,,0,152,,4942,13,,,0,102,,4943,13,,,0,100,,3321,13,,,0
7200,'4661',1746,,3326,13,,,0
7200,'4663',1746,,3327,13,,,0
7200,'4673',2312,,4945,13,,,0
7200,'5241',2312,,4946,13,,,0
7200,'5302',830,,4934,13,,,0,113,,3331,13,,,0,364,,3334,13,,,0
7200,'5303',933,,3303,13,,,0,75,,3304,13,,,0,110,,3306,13,,,0,185,,4937,13,,,0,35,,3310,13,,,0,76,,4938,13,,,0,35,,3312,13,,,0,110,,3314,13,,,0,150,,4940,13,,,0,114,,4941,13,,,0
7200,'5304',933,,5656,13,,,0,75,,5657,13,,,0,110,,5658,13,,,0,185,,5659,13,,,0,35,,5660,13,,,0,76,,5661,13,,,0,35,,5662,13,,,0,110,,5663,13,,,0,150,,5664,13,,,0,114,,5665,13,,,0
7200,'5306',910,,5666,13,,,0,124,,5668,13,,,0,117,,5669,13,,,0,149,,5670,13,,,0,111,,5672,13,,,0,221,,5673,13,,,0,26,,5667,13,,,0,651,,5671,13,,,0
7200,'5307',830,,5674,13,,,0,113,,5675,13,,,0,364,,5676,13,,,0
