3001,'4327',819,,2937,26,,,0,382,,2940,26,,,0,219,,2941,26,,,0,220,,2933,26,,,0,214,,4691,26,,,0,155,,2936,26,,,0
3001,'4332',902,,2952,26,,,0,37,,4706,26,,,0,113,,2951,26,,,0,297,,2943,26,,,0,106,,2950,26,,,0,187,,4704,26,,,0,108,,4702,26,,,0,150,,2947,26,,,0,35,,2949,26,,,0,108,,4708,26,,,0
3001,'4480',642,,4698,26,,,0,86,,4697,26,,,0,78,,2922,26,,,0,18,,2924,26,,,0,16,,2921,26,,,0,18,,2925,26,,,0,91,,2900,26,,,0,75,,2901,26,,,0,35,,2902,26,,,0,75,,2903,26,,,0,76,,2904,26,,,0,35,,2906,26,,,0,75,,2907,26,,,0,36,,2908,26,,,0,75,,4695,26,,,0,76,,2909,26,,,0,37,,2910,26,,,0,108,,2911,26,,,0,148,,2913,26,,,0,110,,2915,26,,,0,35,,2917,26,,,0,406,,2919,26,,,0
3001,'4663',1618,,5524,26,,,0,536,,5525,26,,,0
3001,'4673',2154,,5526,26,,,0
3001,'5302',940,,4692,26,,,0,110,,2931,26,,,0,260,,4693,26,,,0,222,,4694,26,,,0,219,,2935,26,,,0
3001,'5303',915,,2899,26,,,0,703,,2926,26,,,0,108,,2912,26,,,0,109,,2914,26,,,0,218,,2918,26,,,0,101,,4701,26,,,0,97,,4696,26,,,0
3001,'5304',915,,5527,26,,,0,811,,5528,26,,,0,109,,5529,26,,,0,218,,5531,26,,,0,198,,5530,26,,,0
3001,'5305',1618,,5532,26,,,0
3001,'5306',754,,5541,26,,,0,261,,5537,26,,,0,112,,5538,26,,,0,75,,5534,26,,,0,36,,5543,26,,,0,75,,5544,26,,,0,111,,5535,26,,,0,108,,5540,26,,,0,75,,5539,26,,,0,108,,5546,26,,,0,110,,5545,26,,,0,327,,5533,26,,,0,100,,5542,26,,,0,101,,5536,26,,,0
3001,'5307',940,,5548,26,,,0,110,,5547,26,,,0,260,,5550,26,,,0,222,,5551,26,,,0,219,,5549,26,,,0
3001,'5308',2154,,5552,26,,,0
