3000,'4327',718,,2869,17,,,0,117,,4678,17,,,0,106,,4677,17,,,0,107,,2872,17,,,0,153,,2863,17,,,0,109,,2865,17,,,0,110,,2871,17,,,0,110,,2866,17,,,0,110,,4676,17,,,0,111,,2864,17,,,0
3000,'4332',758,,2896,17,,,0,77,,4687,17,,,0,72,,2887,17,,,0,34,,4686,17,,,0,184,,2895,17,,,0,75,,2894,17,,,0,109,,2881,17,,,0,35,,2876,17,,,0,75,,4685,17,,,0,35,,2890,17,,,0,79,,4683,17,,,0,107,,2884,17,,,0,110,,2883,17,,,0,298,,2878,17,,,0,104,,4690,17,,,0
3000,'4480',623,,4680,17,,,0,91,,2855,17,,,0,17,,2850,17,,,0,18,,2856,17,,,0,74,,2857,17,,,0,18,,2851,17,,,0,75,,2832,17,,,0,35,,2833,17,,,0,75,,2834,17,,,0,75,,2835,17,,,0,34,,2836,17,,,0,75,,2837,17,,,0,35,,2838,17,,,0,74,,2839,17,,,0,34,,2840,17,,,0,75,,2841,17,,,0,111,,2842,17,,,0,110,,2843,17,,,0,156,,2844,17,,,0,36,,2845,17,,,0,211,,4679,17,,,0,202,,2849,17,,,0
3000,'4663',1504,,5506,17,,,0,225,,5507,17,,,0
3000,'4673',1615,,4681,17,,,0
3000,'5241',1615,,4682,17,,,0
3000,'5302',1901,,2870,17,,,0
3000,'5303',658,,2854,17,,,0,148,,2853,17,,,0,698,,2858,17,,,0,225,,2859,17,,,0,221,,2846,17,,,0,203,,2848,17,,,0
3000,'5304',658,,5511,17,,,0,148,,5510,17,,,0,1144,,5508,17,,,0,203,,5509,17,,,0
3000,'5305',1504,,5512,17,,,0,225,,5513,17,,,0
3000,'5306',652,,5519,17,,,0,366,,5518,17,,,0,32,,5517,17,,,0,184,,5522,17,,,0,371,,5521,17,,,0,114,,5514,17,,,0,107,,5515,17,,,0,110,,5520,17,,,0,315,,5516,17,,,0
3000,'5307',1901,,5523,17,,,0
