701,'4327',723,2,2454,14,,,0,109,2,2460,14,,,0,121,2,2459,14,,,0,104,2,2455,14,,,0,151,2,2453,14,,,0,106,2,2452,14,,,0,109,2,2456,14,,,0,112,2,2450,14,,,0,111,2,2458,14,,,0,106,2,2457,14,,,0,150,2,2451,14,,,0,105,2,2449,14,,,0
701,'4332',722,2,2466,14,,,0,110,2,2467,14,,,0,110,2,2471,14,,,0,111,2,2461,14,,,0,152,2,2468,14,,,0,109,2,2469,14,,,0,112,2,2462,14,,,0,104,2,2464,14,,,0,120,2,2465,14,,,0,102,2,2472,14,,,0,150,2,2463,14,,,0,105,2,2473,14,,,0,105,2,2474,14,,,0,108,2,2470,14,,,0,127,2,2475,14,,,0
701,'4480',616,,2433,1,,,0,84,,2440,14,,,0,16,,2444,14,,,0,29,,2432,14,,,0,75,,2428,14,,,0,113,,2430,14,,,0,115,,2439,14,,,0,157,2,2427,14,,,0,115,2,2431,14,,,0,115,2,2435,14,,,0,105,2,2429,14,,,0,165,2,2436,14,,,0,115,2,2438,14,,,0,80,42,2443,14,,,0,35,2,2434,14,,,0,115,2,2437,14,,,0,151,42,2441,14,,,0,119,2,2442,14,,,0,33,2,2426,14,,,0
701,'4663',1746,2,2445,14,,,0
701,'4673',1630,2,2446,14,,,0,116,2,2447,14,,,0
701,'4681',1746,2,2448,14,,,0
701,'5135',1630,2,2476,14,,,0
801,'4327',711,,2541,1,,,0,110,2,2542,16,,,0,121,2,2540,16,,,0,104,2,2544,16,,,0,111,2,2543,16,,,0,157,2,2545,16,,,0,109,2,2546,16,,,0,112,2,2539,16,,,0,111,2,2537,16,,,0,106,2,2538,16,,,0,150,2,2548,16,,,0,105,2,2547,16,,,0
801,'4332',711,2,2550,16,,,0,110,2,2551,16,,,0,110,2,2552,16,,,0,111,2,2553,16,,,0,163,2,2561,16,,,0,109,2,2562,16,,,0,112,2,2554,16,,,0,104,2,2555,16,,,0,120,2,2556,16,,,0,102,2,2557,16,,,0,150,2,2549,16,,,0,105,2,2558,16,,,0,105,2,2559,16,,,0,108,2,2560,16,,,0
801,'4480',538,,2531,16,,,0,169,,2521,16,,,0,103,,2524,16,,,0,114,,2530,16,,,0,115,,2520,16,,,0,166,2,2529,16,,,0,115,2,2523,16,,,0,115,2,2522,16,,,0,270,2,2525,16,,,0,115,2,2527,16,,,0,115,2,2528,16,,,0,115,2,2526,16,,,0,151,42,2532,16,,,0,119,2,2533,16,,,0
801,'4663',1540,2,2534,16,,,0
801,'4673',1540,2,2535,16,,,0
801,'4681',1540,2,2536,16,,,0
7001,'4327',759,,3292,2,,,0,185,,3289,2,,,0,163,,3288,2,,,0,314,,3290,2,,,0,324,,3291,2,,,0
7001,'4332',659,,3300,2,,,0,100,,3296,2,,,0,185,,3298,2,,,0,163,,3294,2,,,0,314,,3295,2,,,0,134,,3293,2,,,0,190,,3297,2,,,0,189,,3299,2,,,0
7001,'4480',511,,3280,2,,,0,105,,3279,2,,,0,189,,3281,2,,,0,325,,3283,2,,,0,288,,3284,2,,,0,196,,3282,2,,,0
7001,'4663',1847,,3285,2,,,0,102,,3286,2,,,0
7001,'4673',1744,,3287,2,,,0
7001,'5135',1744,,3301,2,,,0
7801,'4480',606,,3436,2,,,0,100,,3437,2,,,0,230,,3438,2,,,0,604,,3439,2,,,0
7801,'4663',1809,,3440,2,,,0
7801,'4673',1809,,3441,2,,,0
7801,'4681',1809,,3442,2,,,0
