2000,'4327',830,,2749,28,,,0,218,,2752,28,,,0,480,,2753,28,,,0,225,,2750,28,,,0
2000,'4332',1151,,2754,28,,,0,481,,4651,28,,,0,103,,4652,28,,,0,474,,2765,45,,,0,102,,2761,45,,,0
2000,'4480',618,,4649,45,,,0,109,,2747,45,,,0,108,,4650,45,,,0,23,,4642,28,,,0,149,,2735,28,,,0,110,,4643,28,,,0,120,,4644,45,,,0,100,,4645,28,,,0,188,,4646,28,,,0,76,,4647,45,,,0,119,,2742,45,,,0,292,,2744,45,,,0,202,,4648,45,,,0
2000,'5302',1307,,2751,28,,,0
2000,'5303',1415,,2739,28,,,0,407,,2743,28,,,0
2000,'5304',1415,,5463,28,,,0,407,,5464,28,,,0
2000,'5306',821,,5470,28,,,0,112,,5469,28,,,0,100,,5471,28,,,0,226,,5465,28,,,0,151,,5466,28,,,0,111,,5467,28,,,0,430,,5468,45,,,0
2000,'5307',1307,,5472,28,,,0
1002000,'4327',944,,3594,51,,,0,483,,3598,51,,,0,494,,3596,51,,,0
1002000,'4332',1019,,3607,51,,,0,221,,3606,51,,,0,213,,3609,51,,,0,392,,3603,51,,,0
1002000,'4480',747,,4996,34,,,0,108,,4997,51,,,0,76,,4998,34,,,0,700,,3586,34,,,0,113,,3587,34,,,0,112,,3588,34,,,0,458,,3589,51,,,0
1002000,'4663',2114,,5719,51,,,0
1002000,'4673',2114,,5720,51,,,0
1002000,'5302',726,,4995,51,,,0,428,,3593,51,,,0,490,,3595,51,,,0
1002000,'5303',639,,3578,34,,,0,402,,3582,34,,,0,110,,3583,34,,,0,150,,4999,34,,,0,156,,3585,51,,,0,657,,3592,51,,,0
1002000,'5304',639,,5721,34,,,0,402,,5722,34,,,0,110,,5723,34,,,0,150,,5724,34,,,0,156,,5725,51,,,0
1002000,'5306',650,,5730,51,,,0,152,,5731,51,,,0,110,,5727,51,,,0,222,,5732,51,,,0,207,,5728,51,,,0,269,,5729,51,,,0,110,,5733,51,,,0,389,,5726,51,,,0
1002000,'5307',726,,5736,51,,,0,428,,5734,51,,,0,490,,5735,51,,,0
1002000,'5308',2114,,5737,51,,,0
