500,'4480',807,,4460,3,0,6 7,0
500,'4663',1521,,5087,3,0,6 7,0,94,,5090,3,,,0,119,,5088,3,,,0,114,,5089,3,,,0
500,'4673',1521,,5091,3,0,6 7,0,94,,5093,3,,,0,119,,5092,3,,,0
500,'5302',850,,2215,3,,,0,150,,4458,3,,,0,112,,4456,3,,,0,100,,4457,3,,,0,130,,4459,3,,,0,104,,2214,3,,,0,156,,2221,3,,,0,110,,2220,3,,,0,110,,2222,3,,,0,110,,2218,3,,,0,110,,2216,3,0,8,0
500,'5303',615,,2193,3,,,0,86,,2192,3,,,0,112,,2196,3,,,0,110,,2187,3,,,0,110,,2191,3,,,0,101,,2189,3,,,0,99,,2190,3,,,0,168,,4462,3,,,0,99,,4461,3,,,0,21,,4471,3,0,6 7,0,94,,4473,3,,,0,119,,4472,3,,,0,114,,2201,3,,,0,155,,2195,3,,,0,108,,4463,3,,,0,109,,2197,3,,,0,89,,2199,3,,,0,94,,4464,3,0,8,0
500,'5304',615,,5100,3,,,0,86,,5099,3,,,0,112,,5103,3,,,0,110,,5094,3,,,0,110,,5098,3,,,0,101,,5096,3,,,0,99,,5097,3,,,0,168,,5101,3,,,0,99,,5095,3,,,0,503,,5102,3,,,0,108,,5105,3,,,0,109,,5104,3,,,0,89,,5106,3,,,0,94,,5107,3,0,8,0
500,'5305',1848,,5108,3,,,0
500,'5306',803,,5109,3,,,0,156,,5110,3,,,0,150,,5111,3,,,0,116,,5112,3,,,0,117,,5113,3,,,0,109,,5114,3,,,0,150,,5115,3,,,0,109,,5116,3,,,0,112,,5117,3,,,0,109,,5118,3,,,0,105,,5119,3,,,0,107,,5120,3,,,0,109,,5121,3,,,0,150,,5122,3,0,8,0
500,'5307',850,,5126,3,,,0,150,,5128,3,,,0,112,,5123,3,,,0,100,,5124,3,,,0,130,,5130,3,,,0,104,,5125,3,,,0,156,,5132,3,,,0,110,,5131,3,,,0,110,,5133,3,,,0,110,,5129,3,,,0,110,,5127,3,0,8,0
500,'5308',1521,,5134,3,0,6 7,0,94,,5136,3,,,0,119,,5135,3,,,0
