2000,'4327',821,,2749,14,,,0,218,,2752,14,,,0,479,,2753,14,,,0,225,,2750,14,,,0
2000,'4332',1142,,2754,14,,,0,481,,4651,14,,,0,103,,4652,14,,,0,422,,2765,14,0,9 12 2 5,0,102,,2761,14,0,9 12 2 5,0
2000,'4480',556,,4649,14,0,9 12 2 5,0,148,,2747,14,0,9 12 2 5,0,105,,4650,14,0,9 12 2 5,0,39,,4642,14,,,0,110,,2735,14,,,0,150,,4643,14,,,0,105,,4644,14,0,9 12 2 5,0,114,,4645,14,,,0,188,,4646,14,,,0,20,,4647,14,0,9 12 2 5,0,120,,2742,14,0,9 12 2 5,0,294,,2744,14,0,9 12 2 5,0,203,,4648,14,0,9 12 2 5,0
2000,'5302',1258,,2751,14,,,0
2000,'5303',1405,,2739,14,,,0,408,,2743,14,,,0
2000,'5304',1405,,5463,14,,,0,408,,5464,14,,,0
2000,'5306',812,,5470,14,,,0,112,,5469,14,,,0,100,,5471,14,,,0,226,,5465,14,,,0,151,,5466,14,,,0,111,,5467,14,,,0,418,,5468,14,0,9 12 2 5,0
2000,'5307',1258,,5472,14,,,0
9200,'4663',1403,,5709,10,,,0,2,,5710,10,,,0
9200,'4673',1522,,4987,10,,,0,2,,4986,10,,,0
9200,'5303',1423,,4988,10,,,0,2,,3500,10,,,0
9200,'5308',1423,,5711,10,,,0,2,,5712,10,,,0
1002000,'4327',923,,3594,20,,,0,480,,3598,20,,,0,497,,3596,20,,,0
1002000,'4332',958,,3607,20,,,0,260,,3606,20,,,0,212,,3609,20,,,0,393,,3603,20,,,0
1002000,'4480',737,,4996,20,,,0,93,,4997,20,,,0,92,,4998,20,,,0,699,,3586,20,,,0,113,,3587,20,,,0,113,,3588,20,,,0,405,,3589,20,,,0
1002000,'4663',2052,,5719,20,,,0
1002000,'4673',2052,,5720,20,,,0
1002000,'5302',705,,4995,20,,,0,427,,3593,20,,,0,489,,3595,20,,,0
1002000,'5303',630,,3578,20,,,0,402,,3582,20,,,0,110,,3583,20,,,0,110,,4999,20,,,0,178,,3585,20,,,0,622,,3592,20,,,0
1002000,'5304',630,,5721,20,,,0,402,,5722,20,,,0,110,,5723,20,,,0,110,,5724,20,,,0,178,,5725,20,,,0
1002000,'5306',629,,5730,20,,,0,112,,5731,20,,,0,110,,5727,20,,,0,261,,5732,20,,,0,206,,5728,20,,,0,230,,5729,20,,,0,110,,5733,20,,,0,390,,5726,20,,,0
1002000,'5307',705,,5736,20,,,0,427,,5734,20,,,0,489,,5735,20,,,0
1002000,'5308',2052,,5737,20,,,0
