2000,'4327',843,,2749,40,,,0,259,,2752,40,,,0,440,,2753,40,,,0,265,,2750,40,,,0
2000,'4332',1208,,2754,40,,,0,440,,4651,40,,,0,103,,4652,40,,,0,470,,2765,57,,,0,102,,2761,57,,,0
2000,'4480',629,,4649,57,,,0,111,,2747,57,,,0,108,,4650,57,,,0,65,,4642,40,,,0,110,,2735,40,,,0,110,,4643,40,,,0,117,,4644,57,,,0,103,,4645,40,,,0,189,,4646,40,,,0,74,,4647,57,,,0,118,,2742,57,,,0,290,,2744,57,,,0,201,,4648,57,,,0
2000,'5302',1321,,2751,40,,,0
2000,'5303',1431,,2739,40,,,0,406,,2743,40,,,0
2000,'5304',1431,,5463,40,,,0,406,,5464,40,,,0
2000,'5306',836,,5470,40,,,0,112,,5469,40,,,0,102,,5471,40,,,0,266,,5465,40,,,0,112,,5466,40,,,0,111,,5467,40,,,0,465,,5468,57,,,0
2000,'5307',1321,,5472,40,,,0
2500,'4327',1020,,4662,22,,,0,215,,2807,22,,,0
2500,'4332',1750,,4666,22,0,5,0
2500,'4480',814,,2800,22,0,5,0,207,,2801,22,,,0,226,,2802,22,0,5,0,165,,4663,22,,,0
2500,'5302',810,,4661,22,0,5,0,940,,2808,22,0,5,0,260,,2809,22,,,0
2500,'5303',1745,,2804,22,,,0
2500,'5304',1745,,5491,22,,,0
2500,'5306',810,,5493,22,0,5,0,210,,5495,22,,,0,215,,5494,22,,,0,775,,5492,22,,,0
2500,'5307',810,,5496,22,0,5,0,940,,5497,22,0,5,0,260,,5498,22,,,0
1002000,'4327',957,,3594,63,,,0,483,,3598,63,,,0,494,,3596,63,,,0
1002000,'4332',1033,,3607,63,,,0,221,,3606,63,,,0,253,,3609,63,,,0,351,,3603,63,,,0
1002000,'4480',803,,4996,46,,,0,104,,4997,63,,,0,40,,4998,46,,,0,702,,3586,46,,,0,152,,3587,46,,,0,111,,3588,46,,,0,413,,3589,63,,,0
1002000,'4663',2125,,5719,63,,,0
1002000,'4673',2125,,5720,63,,,0
1002000,'5302',738,,4995,63,,,0,469,,3593,63,,,0,450,,3595,63,,,0
1002000,'5303',654,,3578,46,,,0,404,,3582,46,,,0,150,,3583,46,,,0,110,,4999,46,,,0,194,,3585,63,,,0,613,,3592,63,,,0
1002000,'5304',654,,5721,46,,,0,404,,5722,46,,,0,150,,5723,46,,,0,110,,5724,46,,,0,194,,5725,63,,,0
1002000,'5306',702,,5730,63,,,0,112,,5731,63,,,0,110,,5727,63,,,0,224,,5732,63,,,0,207,,5728,63,,,0,268,,5729,63,,,0,110,,5733,63,,,0,388,,5726,63,,,0
1002000,'5307',738,,5736,63,,,0,469,,5734,63,,,0,450,,5735,63,,,0
1002000,'5308',2125,,5737,63,,,0
