2001,'4327',917,,2784,19,,,0,227,,2786,19,,,0,259,,2785,19,,,0,209,,2787,19,,,0,224,,2788,19,,,0
2001,'4332',927,,2795,19,,,0,88,,2799,19,,,0,233,,2789,19,,,0,155,,3981,19,,,0,102,,2792,19,,,0,107,,2797,19,,,0,103,,2793,19,,,0,110,,2790,19,,,0,324,,2794,19,0,9 10 11,0,199,,3979,19,0,9 10 11,0
2001,'4480',655,,4658,19,,,0,87,,4659,19,0,9 10 11,0,72,,2777,19,0,9 10 11,0,103,,2766,19,,,0,109,,4653,19,,,0,110,,4654,19,,,0,111,,4655,19,,,0,261,,4656,19,0,9 10 11,0,109,,2771,19,,,0,110,,2772,19,,,0,219,,4657,19,,,0,403,,2774,19,0,9 10 11,0
2001,'4663',1832,,2778,19,0,9 10 11,0,319,,2779,19,0,9 10 11,0
2001,'4673',1832,,2780,19,0,9 10 11,0,319,,2781,19,0,9 10 11,0
2001,'4681',1832,,2782,19,0,9 10 11,0,319,,2783,19,0,9 10 11,0
2001,'5244',1120,,4660,19,,,0
1002001,'4327',803,,3630,19,,,0,212,,3629,19,,,0,232,,5002,19,,,0,262,,5003,19,,,0,217,,3626,19,,,0,305,,3628,19,,,0
1002001,'4332',727,,4353,19,,,0,224,,3631,19,,,0,151,,4352,19,,,0,220,,4359,19,,,0,110,,3632,19,,,0,104,,4356,19,,,0,116,,3633,19,,,0
1002001,'4480',730,,5004,19,,,0,111,,5005,19,,,0,95,,5006,19,,,0,165,,3614,19,,,0,110,,5007,19,,,0,111,,3616,19,,,0,36,,3617,19,,,0,75,,5008,19,,,0,110,,3619,19,,,0,110,,5009,19,,,0,150,,5010,19,,,0,108,,3622,19,,,0,138,,5011,19,,,0,201,,3624,19,,,0
1002001,'5244',840,,5012,19,,,0,365,,5016,19,,,0,596,,5014,19,,,0,124,,5013,19,,,0,103,,5017,19,,,0,219,,5015,19,,,0
