3100,'4327',954,,2983,3,,,0,160,,4712,3,,,0,130,,2984,3,,,0,165,,4711,3,,,0,130,,2990,3,,,0,465,,2988,3,,,0
3100,'4332',740,,2995,3,,,0,375,,3000,3,,,0,330,,2991,3,,,0,100,,2992,3,,,0,100,,2997,3,,,0,200,,4723,3,,,0
3100,'4480',841,,2968,3,,,0,90,,2969,3,,,0,109,,4713,3,,,0,100,,2971,3,,,0,100,,2972,3,,,0,100,,4714,3,,,0,100,,2974,3,,,0,98,,2975,3,,,0,102,,4715,3,,,0,100,,4716,3,,,0
3100,'4663',1945,,5553,3,,,0
3100,'4673',1945,,5554,3,,,0
3100,'5302',829,,2987,3,,,0,830,,2982,3,,,0,166,,2985,3,,,0
3100,'5303',635,,2966,3,,,0,94,,2967,3,,,0,1116,,4717,3,,,0,100,,4720,3,,,0
3100,'5304',635,,5555,3,,,0,94,,5556,3,,,0,1116,,5557,3,,,0
3100,'5306',845,,5561,3,,,0,98,,5562,3,,,0,302,,5558,3,,,0,100,,5560,3,,,0,400,,5559,3,,,0
3100,'5307',829,,5565,3,,,0,830,,5563,3,,,0,166,,5564,3,,,0
3100,'5308',1945,,5566,3,,,0
