3001,'4327',800,,2937,5,,,0,342,,2940,5,,,0,259,,2941,5,,,0,221,,2933,5,,,0,214,,4691,5,,,0,115,,2936,5,,,0
3001,'4332',843,,2952,5,,,0,77,,4706,5,,,0,113,,2951,5,,,0,297,,2943,5,,,0,106,,2950,5,,,0,188,,4704,5,,,0,108,,4702,5,,,0,111,,2947,5,,,0,75,,2949,5,,,0,108,,4708,5,,,0
3001,'4480',624,,4698,5,,,0,85,,4697,5,,,0,37,,2922,5,,,0,58,,2924,5,,,0,17,,2921,5,,,0,18,,2925,5,,,0,91,,2900,5,,,0,75,,2901,5,,,0,35,,2902,5,,,0,75,,2903,5,,,0,35,,2904,5,,,0,75,,2906,5,,,0,75,,2907,5,,,0,35,,2908,5,,,0,75,,4695,5,,,0,36,,2909,5,,,0,77,,2910,5,,,0,109,,2911,5,,,0,110,,2913,5,,,0,110,,2915,5,,,0,75,,2917,5,,,0,408,,2919,5,,,0
3001,'4663',1557,,5524,5,,,0,580,,5525,5,,,0
3001,'4673',2137,,5526,5,,,0
3001,'5302',921,,4692,5,,,0,110,,2931,5,,,0,220,,4693,5,,,0,262,,4694,5,,,0,220,,2935,5,,,0
3001,'5303',856,,2899,5,,,0,701,,2926,5,,,0,150,,2912,5,,,0,110,,2914,5,,,0,219,,2918,5,,,0,101,,4701,5,,,0,98,,4696,5,,,0
3001,'5304',856,,5527,5,,,0,851,,5528,5,,,0,110,,5529,5,,,0,219,,5531,5,,,0,199,,5530,5,,,0
3001,'5305',1557,,5532,5,,,0
3001,'5306',735,,5541,5,,,0,221,,5537,5,,,0,152,,5538,5,,,0,35,,5534,5,,,0,76,,5543,5,,,0,35,,5544,5,,,0,151,,5535,5,,,0,108,,5540,5,,,0,35,,5539,5,,,0,109,,5546,5,,,0,151,,5545,5,,,0,327,,5533,5,,,0,100,,5542,5,,,0,102,,5536,5,,,0
3001,'5307',921,,5548,5,,,0,110,,5547,5,,,0,220,,5550,5,,,0,262,,5551,5,,,0,220,,5549,5,,,0
3001,'5308',2137,,5552,5,,,0
