601,'4730',707,,375,24,,,0,43,,374,24,,,0,72,,370,24,,,0,83,,381,24,,,0,115,,371,24,,,0,125,,380,24,,,0,113,,373,24,,,0,155,,372,24,,,0,115,,376,24,,,0,116,,378,24,,,0,271,,377,24,,,0,116,,379,24,,,0,112,,382,24,,,0,159,,383,24,,,0,50,,384,24,,,0
601,'4737',1759,,1775,24,,,0
601,'4738',742,,394,24,,,0,185,,395,24,,,0,102,,392,24,,,0,118,,396,24,,,0,111,,393,24,,,0,150,,391,24,,,0,110,,386,24,,,0,109,,388,24,,,0,111,,389,24,,,0,109,,390,24,,,0,112,,387,24,,,0,147,,399,24,,,0,96,,400,24,,,0,104,,397,24,,,0,45,,398,24,,,0
601,'4746',1759,,401,24,,,0
601,'4781',817,,406,24,,,0,110,,412,24,,,0,110,,402,24,,,0,110,,408,24,,,0,110,,403,24,,,0,150,,405,24,,,0,110,,409,24,,,0,110,,404,24,,,0,110,,411,24,,,0,110,,410,24,,,0,110,,407,24,,,0
4001,'4730',629,,1251,10,,,0,71,,1252,10,,,0,31,,1256,10,,,0,16,,1253,10,,,0,55,,1254,10,,,0,16,,1255,10,,,0,17,,1209,10,,,0,15,,1212,10,,,0,55,,1213,10,,,0,15,,1214,10,,,0,15,,1210,10,,,0,15,,1211,10,,,0,55,,1215,10,,,0,15,,1216,10,,,0,15,,1880,10,,,0,15,,1217,10,,,0,55,,1218,10,,,0,15,,1219,10,,,0,15,,1220,10,,,0,15,,1221,10,,,0,56,,1222,10,,,0,15,,1223,10,,,0,15,,1224,10,,,0,15,,1881,10,,,0,55,,1225,10,,,0,15,,1226,10,,,0,15,,1227,10,,,0,15,,1228,10,,,0,55,,1229,10,,,0,10,,1230,10,,,0,10,,1231,10,,,0,10,,1232,10,,,0,10,,1233,10,,,0,10,,1234,10,,,0,50,,1235,10,,,0,20,,1236,10,,,0,10,,1237,10,,,0,10,,1238,10,,,0,10,,1239,10,,,0,50,,1240,10,,,0,10,,1241,10,,,0,10,,1882,10,,,0,10,,1243,10,,,0,15,,1244,10,,,0,55,,1883,10,,,0,15,,1247,10,,,0,15,,1248,10,,,0,15,,1245,10,,,0,55,,1246,10,,,0,15,,1249,10,,,0,15,,1250,10,,,0,17,,1208,10,,,0,80,,1203,10,,,0,20,,1207,10,,,0,59,,1206,10,,,0,29,,1202,10,,,0,101,,1201,10,,,0,69,,1205,10,,,0,30,,1200,10,,,0,70,,1204,10,,,0,30,,1199,10,,,0
4001,'4737',1516,,1258,10,,,0,397,,1257,10,,,0
4001,'4738',656,,1282,10,,,0,83,,1273,10,,,0,74,,1279,10,,,0,33,,1888,10,,,0,76,,1270,10,,,0,37,,1276,10,,,0,76,,1259,10,,,0,75,,1277,10,,,0,36,,1885,10,,,0,75,,1267,10,,,0,35,,1268,10,,,0,76,,1278,10,,,0,75,,1261,10,,,0,31,,1274,10,,,0,78,,1269,10,,,0,35,,1275,10,,,0,75,,1263,10,,,0,74,,1271,10,,,0,35,,1887,10,,,0,77,,1265,10,,,0,33,,1264,10,,,0,75,,1262,10,,,0,35,,1280,10,,,0,74,,1266,10,,,0,75,,1281,10,,,0,35,,1272,10,,,0,100,,1884,10,,,0,101,,1886,10,,,0
4001,'4781',700,,1300,10,,,0,106,,1289,10,,,0,118,,1295,10,,,0,110,,1297,10,,,0,76,,1291,10,,,0,35,,1285,10,,,0,77,,1283,10,,,0,32,,1889,10,,,0,75,,1298,10,,,0,75,,1286,10,,,0,35,,1890,10,,,0,77,,1290,10,,,0,29,,1293,10,,,0,81,,1284,10,,,0,75,,1296,10,,,0,36,,1294,10,,,0,75,,1299,10,,,0,29,,1287,10,,,0,81,,1288,10,,,0,35,,1292,10,,,0
4001,'4782',2111,,1301,10,,,0
4001,'4783',1516,,1303,10,,,0,397,,1302,10,,,0
4001,'4784',1516,,1306,10,,,0,397,,1305,10,,,0,198,,1304,10,,,0
