101,'4327',752,,3695,3,,,0,70,,3698,3,,,0,30,,2136,3,,,0,68,,3696,3,,,0,32,,2144,3,,,0,72,,3694,3,,,0,31,,3699,3,,,0,73,,2145,3,,,0,28,,2126,3,,,0,70,,3692,3,,,0,30,,3700,3,,,0,70,,3702,3,,,0,30,,3701,3,,,0,70,,2125,3,,,0,30,,3697,3,,,0,70,,3693,3,,,0,30,,3691,3,,,0,70,,2127,3,,,0,30,,2134,3,,,0,70,,3690,3,,,0,30,,3703,3,,,0,70,,2148,3,,,0,30,,2140,3,,,0,70,,2124,3,,,0,30,,2141,3,,,0,70,,2150,3,,,0,81,,2139,3,,,0
101,'4332',706,,2163,3,,,0,30,,3724,3,,,0,70,,2165,3,,,0,27,,3714,3,,,0,73,,3708,3,,,0,22,,3706,3,,,0,80,,3716,3,,,0,28,,3711,3,,,0,69,,2151,3,,,0,31,,2154,3,,,0,68,,3718,3,,,0,32,,2167,3,,,0,71,,3707,3,,,0,30,,2177,3,,,0,70,,3713,3,,,0,30,,2157,3,,,0,70,,3719,3,,,0,30,,2173,3,,,0,70,,3704,3,,,0,33,,3710,3,,,0,67,,3705,3,,,0,30,,2166,3,,,0,70,,3720,3,,,0,30,,3721,3,,,0,70,,3712,3,,,0,30,,3715,3,,,0,69,,2159,3,,,0,32,,3722,3,,,0,68,,2153,3,,,0,37,,2183,3,,,0,63,,3717,3,,,0,30,,2184,3,,,0,70,,3723,3,,,0,31,,3709,3,,,0,80,,2175,3,,,0
101,'4480',632,,3738,3,,,0,70,,3737,3,,,0,19,,2113,3,,,0,20,,2107,3,,,0,61,,3739,3,,,0,19,,2112,3,,,0,17,,3735,3,,,0,65,,3734,3,,,0,32,,2102,3,,,0,72,,3731,3,,,0,25,,2104,3,,,0,70,,2091,3,,,0,26,,3733,3,,,0,74,,2092,3,,,0,34,,2099,3,,,0,66,,2120,3,,,0,33,,2098,3,,,0,67,,3729,3,,,0,33,,2097,3,,,0,15,,3742,3,,,0,60,,2093,3,,,0,25,,2080,3,,,0,17,,3736,3,,,0,61,,2082,3,,,0,22,,2090,3,,,0,17,,3727,3,,,0,60,,3730,3,,,0,25,,2094,3,,,0,15,,3743,3,,,0,58,,3732,3,,,0,32,,2085,3,,,0,95,,2086,3,,,0,70,,2114,3,,,0,30,,2087,3,,,0,70,,2116,3,,,0,30,,3728,3,,,0,70,,3740,3,,,0,30,,2089,3,,,0,70,,3741,3,,,0,32,,2084,3,,,0,84,,2083,3,,,0
101,'4663',1907,,3725,3,,,0
101,'4673',1907,,3744,3,,,0
101,'4681',1907,,3726,3,,,0
2001,'4327',902,,2784,3,,,0,226,,2786,3,,,0,219,,2785,3,,,0,209,,2787,3,,,0,266,,2788,3,,,0
2001,'4332',912,,2795,3,,,0,88,,2799,3,,,0,105,,3980,3,,,0,127,,2789,3,,,0,115,,3981,3,,,0,102,,2792,3,,,0,107,,2797,3,,,0,144,,2793,3,,,0,111,,2790,3,,,0,324,,2794,3,0,9 10 11,0,200,,3979,3,0,9 10 11,0
2001,'4480',641,,3987,3,,,0,86,,3988,3,0,9 10 11,0,31,,2777,3,0,9 10 11,0,145,,2766,3,,,0,109,,3982,3,,,0,110,,3983,3,,,0,110,,3984,3,,,0,220,,3985,3,0,9 10 11,0,150,,2771,3,,,0,110,,2772,3,,,0,220,,3986,3,,,0,404,,2774,3,0,9 10 11,0
2001,'4663',1818,,2778,3,0,9 10 11,0,319,,2779,3,0,9 10 11,0
2001,'4673',1818,,2780,3,0,9 10 11,0,319,,2781,3,0,9 10 11,0
2001,'4681',1818,,2782,3,0,9 10 11,0,319,,2783,3,0,9 10 11,0
2501,'4327',817,,3997,3,,,0,220,,3998,4,,,0,215,,2823,4,,,0,505,,2824,3,,,0,270,,2825,4,,,0
2501,'4332',817,,4000,3,,,0,220,,4002,4,,,0,215,,4001,4,,,0,505,,4003,3,,,0,270,,3999,4,,,0
2501,'4480',821,,2815,3,,,0,216,,2816,4,,,0,217,,4005,3,,,0,174,,4006,4,,,0,373,,2819,4,,,0
2501,'4673',2026,,4007,3,,,0
2501,'5135',2026,,4004,3,,,0
3001,'4327',759,,2937,3,,,0,161,,4026,3,,,0,110,,2931,3,,,0,110,,2940,3,,,0,109,,4027,3,,,0,110,,2941,3,,,0,152,,4028,3,,,0,109,,2933,3,,,0,111,,2935,3,,,0,104,,4025,3,,,0,115,,2936,3,,,0
3001,'4332',734,,2960,3,,,0,107,,2952,3,,,0,77,,4033,3,,,0,36,,2954,3,,,0,77,,2951,3,,,0,75,,4034,3,,,0,35,,2945,3,,,0,76,,2962,3,,,0,35,,4037,3,,,0,76,,2943,3,,,0,75,,2946,3,,,0,31,,2950,3,,,0,77,,2959,3,,,0,35,,4035,3,,,0,76,,4031,3,,,0,33,,4039,3,,,0,75,,4029,3,,,0,76,,4038,3,,,0,35,,2947,3,,,0,75,,2949,3,,,0,108,,4036,3,,,0,110,,4030,3,,,0,100,,2961,3,,,0,102,,4032,3,,,0
3001,'4480',623,,4045,3,,,0,85,,4044,3,,,0,36,,2922,3,,,0,58,,2924,3,,,0,17,,2921,3,,,0,18,,2925,3,,,0,17,,2899,3,,,0,74,,2900,3,,,0,75,,2901,3,,,0,35,,2902,3,,,0,75,,2903,3,,,0,35,,2904,3,,,0,75,,2906,3,,,0,35,,2907,3,,,0,75,,2908,3,,,0,75,,4042,3,,,0,35,,2909,3,,,0,77,,2910,3,,,0,110,,2911,3,,,0,75,,2912,3,,,0,35,,2913,3,,,0,75,,2914,3,,,0,35,,2915,3,,,0,76,,2917,3,,,0,109,,2918,3,,,0,198,,4043,3,,,0,100,,2919,3,,,0
3001,'4661',1555,,2926,3,,,0
3001,'4663',1555,,2927,3,,,0,581,,4040,3,,,0
3001,'4673',2136,,4046,3,,,0
3001,'4681',2136,,4041,3,,,0
7201,'4327',750,,4297,3,,,0,152,,3394,3,,,0,111,,3396,3,,,0,115,,3397,3,,,0,104,,3395,3,,,0,115,,3399,3,,,0,107,,3400,3,,,0,151,,3401,3,,,0,106,,3402,3,,,0,111,,3393,3,,,0,115,,3398,3,,,0
7201,'4332',718,,3405,3,,,0,109,,3403,3,,,0,95,,4300,3,,,0,78,,4298,3,,,0,32,,4302,3,,,0,75,,3407,3,,,0,35,,4301,3,,,0,75,,3408,3,,,0,35,,3414,3,,,0,83,,3416,3,,,0,67,,3417,3,,,0,43,,3418,3,,,0,67,,3419,3,,,0,43,,3420,3,,,0,67,,3404,3,,,0,37,,3421,3,,,0,73,,4303,3,,,0,75,,4304,3,,,0,35,,3424,3,,,0,75,,4306,3,,,0,97,,4305,3,,,0,123,,3409,3,,,0,100,,4299,3,,,0,100,,3411,3,,,0
7201,'4480',712,,3387,3,,,0,35,,3385,3,,,0,75,,3386,3,,,0,34,,3365,3,,,0,77,,3366,3,,,0,75,,4310,3,,,0,35,,3370,3,,,0,75,,4309,3,,,0,35,,3371,3,,,0,75,,4311,3,,,0,75,,3372,3,,,0,35,,4312,3,,,0,75,,3374,3,,,0,35,,3375,3,,,0,75,,3376,3,,,0,35,,4313,3,,,0,75,,4314,3,,,0,110,,4315,3,,,0,75,,3380,3,,,0,36,,3382,3,,,0,75,,4316,3,,,0,105,,4317,3,,,0,100,,3381,3,,,0
7201,'4661',1708,,3388,3,,,0
7201,'4663',1708,,3389,3,,,0
7201,'4673',2233,,4318,3,,,0,100,,4319,3,,,0
7201,'5135',2233,,4307,3,,,0,100,,4308,3,,,0
1002001,'4327',749,,3630,3,,,0,251,,3629,3,,,0,232,,4350,3,,,0,222,,4351,3,,,0,258,,3626,3,,,0,305,,3628,3,,,0
1002001,'4332',713,,4353,3,,,0,113,,4354,3,,,0,111,,3631,3,,,0,111,,4352,3,,,0,103,,4360,3,,,0,156,,4359,3,,,0,110,,3632,3,,,0,104,,4356,3,,,0,117,,3633,3,,,0,109,,4357,3,,,0,164,,4355,3,,,0,103,,4361,3,,,0,219,,4358,3,,,0
1002001,'4480',716,,4362,3,,,0,111,,4363,3,,,0,94,,4364,3,,,0,126,,3614,3,,,0,110,,4365,3,,,0,150,,3616,3,,,0,35,,3617,3,,,0,75,,4366,3,,,0,110,,3619,3,,,0,110,,4367,3,,,0,112,,4368,3,,,0,108,,3622,3,,,0,178,,4369,3,,,0,201,,3624,3,,,0
