3100,'4327',1001,,2983,8,,,0,120,,4712,8,,,0,130,,2984,8,,,0,165,,4711,8,,,0,130,,2990,8,,,0,465,,2988,8,,,0
3100,'4332',747,,2995,8,,,0,375,,3000,8,,,0,330,,2991,8,,,0,100,,2992,8,,,0,100,,2997,8,,,0,200,,4723,8,,,0
3100,'4480',847,,2968,8,,,0,90,,2969,8,,,0,109,,4713,8,,,0,100,,2971,8,,,0,100,,2972,8,,,0,100,,4714,8,,,0,100,,2974,8,,,0,98,,2975,8,,,0,102,,4715,8,,,0,100,,4716,8,,,0
3100,'4663',1951,,5553,8,,,0
3100,'4673',1951,,5554,8,,,0
3100,'5302',836,,2987,8,,,0,870,,2982,8,,,0,126,,2985,8,,,0
3100,'5303',641,,2966,8,,,0,94,,2967,8,,,0,1116,,4717,8,,,0,100,,4720,8,,,0
3100,'5304',641,,5555,8,,,0,94,,5556,8,,,0,1116,,5557,8,,,0
3100,'5306',852,,5561,8,,,0,98,,5562,8,,,0,302,,5558,8,,,0,100,,5560,8,,,0,400,,5559,8,,,0
3100,'5307',836,,5565,8,,,0,870,,5563,8,,,0,126,,5564,8,,,0
3100,'5308',1951,,5566,8,,,0
