3100,'4327',959,,2983,6,,,0,160,,4712,6,,,0,130,,2984,6,,,0,165,,4711,6,,,0,130,,2990,6,,,0,465,,2988,6,,,0
3100,'4332',745,,2995,6,,,0,375,,3000,6,,,0,330,,2991,6,,,0,100,,2992,6,,,0,100,,2997,6,,,0,200,,4723,6,,,0
3100,'4480',845,,2968,6,,,0,90,,2969,6,,,0,109,,4713,6,,,0,100,,2971,6,,,0,100,,2972,6,,,0,100,,4714,6,,,0,100,,2974,6,,,0,98,,2975,6,,,0,102,,4715,6,,,0,100,,4716,6,,,0
3100,'4663',1949,,5553,6,,,0
3100,'4673',1949,,5554,6,,,0
3100,'5302',834,,2987,6,,,0,870,,2982,6,,,0,126,,2985,6,,,0
3100,'5303',639,,2966,6,,,0,94,,2967,6,,,0,1116,,4717,6,,,0,100,,4720,6,,,0
3100,'5304',639,,5555,6,,,0,94,,5556,6,,,0,1116,,5557,6,,,0
3100,'5306',850,,5561,6,,,0,98,,5562,6,,,0,302,,5558,6,,,0,100,,5560,6,,,0,400,,5559,6,,,0
3100,'5307',834,,5565,6,,,0,870,,5563,6,,,0,126,,5564,6,,,0
3100,'5308',1949,,5566,6,,,0
