500,'4327',855,,2215,10,,,0,150,,3747,10,,,0,112,,3745,10,,,0,100,,3746,10,,,0,130,,3748,10,,,0,104,,2214,10,,,0,156,,2221,10,,,0,110,,2220,10,,,0,110,,2222,10,,,0,110,,2218,10,,,0
500,'4332',809,,3749,10,,,0,196,,3750,10,,,0,110,,3751,10,,,0,116,,3752,10,,,0,117,,3753,10,,,0,109,,3754,10,,,0,150,,3755,10,,,0,108,,3756,10,,,0,112,,3757,10,,,0,109,,3758,10,,,0,105,,3759,10,,,0,107,,3760,10,,,0,109,,3761,10,,,0
500,'4480',621,,2193,10,,,0,86,,2192,10,,,0,113,,2196,10,,,0,109,,2187,10,,,0,110,,2191,10,,,0,101,,2189,10,,,0,99,,2190,10,,,0,769,,2195,10,,,0,217,,2197,10,,,0,89,,2199,10,,,0
500,'4661',1853,,2201,10,,,0
500,'4663',1527,,3762,10,0,6 7,0,94,,3764,10,,,0,118,,3763,10,,,0,114,,2204,10,,,0
500,'4681',1527,,3765,10,0,6 7,0,94,,3767,10,,,0,118,,3766,10,,,0
500,'5214',814,,2186,10,0,6 7,0,593,,2194,10,,,0,99,,2188,10,,,0,21,,2206,10,0,6 7,0,94,,2208,10,,,0,118,,2207,10,,,0,377,,2198,10,,,0
500,'5216',814,,3768,10,0,6 7,0,593,,3770,10,,,0,99,,3769,10,,,0,610,,3771,10,,,0
500,'5219',1527,,3773,10,0,6 7,0,94,,3775,10,,,0,118,,3774,10,,,0
1500,'4327',759,,2682,12,,,0,153,,2681,12,,,0,110,,2679,12,,,0,111,,2677,12,,,0,109,,2683,12,,,0,109,,2675,12,,,0,150,,2678,12,,,0,110,,2674,12,,,0,110,,2684,12,,,0,109,,2680,12,,,0,111,,2676,12,,,0
1500,'4332',759,,2692,12,,,0,150,,2687,12,,,0,110,,2695,12,,,0,108,,2691,12,,,0,119,,3941,12,,,0,105,,2688,12,,,0,150,,3942,12,,,0,110,,2694,12,,,0,114,,3938,12,,,0,106,,3939,12,,,0,110,,3940,12,,,0,107,,3943,12,,,0
1500,'4480',921,,2659,12,,,0,30,,2658,12,,,0,70,,2660,12,,,0,299,,2668,12,,,0,30,,2667,12,,,0,75,,2666,12,,,0,33,,2665,12,,,0
1500,'4663',1939,,2671,12,,,0
1500,'4673',1939,,2672,12,,,0
1500,'4681',1939,,2673,12,,,0
1500,'5214',1051,,2664,12,,,0,69,,2663,12,,,0,31,,2662,12,,,0,69,,2661,12,,,0,610,,2669,12,,,0,219,,2670,12,,,0
1500,'5216',1051,,3947,12,,,0,69,,3946,12,,,0,31,,3945,12,,,0,69,,3944,12,,,0,610,,3948,12,,,0,219,,3949,12,,,0
1001500,'4480',703,,3558,17,,,0,35,,3555,17,,,0,77,,3557,17,,,0,33,,3556,17,,,0,686,,3562,17,,,0,76,,3563,17,,,0,37,,3560,17,,,0,76,,3561,17,,,0
1001500,'5135',1758,,4334,17,,,0
1001500,'5214',1249,,3559,17,,,0,509,,3564,17,,,0
1001500,'5216',1249,,4335,17,,,0
1001500,'5219',1758,,4336,17,,,0
