7200,'4327',723,,3339,11,,,0,323,,3333,11,,,0,160,,3332,11,,,0,219,,3335,11,,,0,102,,3336,11,,,0,114,,3337,11,,,0,110,,3338,11,,,0,150,,3330,11,,,0
7200,'4332',704,,3363,11,,,0,55,,3340,11,,,0,88,,3348,11,,,0,109,,4947,11,,,0,150,,4948,11,,,0,110,,4949,11,,,0,110,,3352,11,,,0,110,,3354,11,,,0,84,,3355,11,,,0,26,,3356,11,,,0,188,,3358,11,,,0,72,,4950,11,,,0,35,,4951,11,,,0,108,,4952,11,,,0,156,,4953,11,,,0,102,,3346,11,,,0
7200,'4480',638,,3325,11,,,0,75,,4944,11,,,0,33,,3323,11,,,0,77,,3322,11,,,0,34,,3302,11,,,0,184,,4935,11,,,0,110,,4936,11,,,0,75,,3308,11,,,0,296,,3313,11,,,0,110,,4939,11,,,0,224,,3318,11,,,0,152,,4942,11,,,0,102,,4943,11,,,0,100,,3321,11,,,0
7200,'4661',1744,,3326,11,,,0
7200,'4663',1744,,3327,11,,,0
7200,'4673',2310,,4945,11,,,0
7200,'5241',2310,,4946,11,,,0
7200,'5302',828,,4934,11,,,0,113,,3331,11,,,0,364,,3334,11,,,0
7200,'5303',931,,3303,11,,,0,75,,3304,11,,,0,110,,3306,11,,,0,185,,4937,11,,,0,35,,3310,11,,,0,76,,4938,11,,,0,35,,3312,11,,,0,110,,3314,11,,,0,150,,4940,11,,,0,114,,4941,11,,,0
7200,'5304',931,,5656,11,,,0,75,,5657,11,,,0,110,,5658,11,,,0,185,,5659,11,,,0,35,,5660,11,,,0,76,,5661,11,,,0,35,,5662,11,,,0,110,,5663,11,,,0,150,,5664,11,,,0,114,,5665,11,,,0
7200,'5306',908,,5666,11,,,0,124,,5668,11,,,0,117,,5669,11,,,0,109,,5670,11,,,0,151,,5672,11,,,0,221,,5673,11,,,0,26,,5667,11,,,0,651,,5671,11,,,0
7200,'5307',828,,5674,11,,,0,113,,5675,11,,,0,364,,5676,11,,,0
