3100,'4327',827,,5565,1,,,0,125,,2983,1,,,0,160,,4712,1,,,0,130,,2984,1,,,0,165,,4711,1,,,0,130,,2990,1,,,0,120,,5563,1,,,0,166,,5564,1,,,0,179,,2988,1,,,0
3100,'4332',738,,2995,1,,,0,105,,5561,1,,,0,98,,5562,1,,,0,172,,3000,1,,,0,130,,5558,1,,,0,100,,5560,1,,,0,100,,2991,1,,,0,100,,2992,1,,,0,100,,2997,1,,,0,100,,5559,1,,,0,100,,4723,1,,,0
3100,'4480',633,,5555,1,,,0,94,,5556,1,,,0,112,,2968,1,,,0,90,,2969,1,,,0,109,,4713,1,,,0,100,,2971,1,,,0,100,,2972,1,,,0,100,,4714,1,,,0,100,,2974,1,,,0,98,,2975,1,,,0,102,,4715,1,,,0,100,,4716,1,,,0,105,,5557,1,,,0
3100,'4663',1943,,5553,1,,,0
3100,'4673',1943,,5554,1,,,0
3100,'4681',1943,,5566,1,,,0
3101,'4327',827,,5579,11,4,,0,125,,3019,11,4,,0,160,,4725,11,4,,0,130,,3020,11,4,,0,165,,4724,11,4,,0,130,,3026,11,4,,0,120,,5577,11,4,,0,166,,5578,11,4,,0,179,,3024,11,4,,0
3101,'4332',738,,3031,11,4,,0,105,,5575,11,4,,0,98,,5576,11,4,,0,172,,3036,11,4,,0,130,,5572,11,4,,0,100,,5574,11,4,,0,100,,3027,11,4,,0,100,,3028,11,4,,0,100,,3033,11,4,,0,100,,5573,11,4,,0,100,,4736,11,4,,0
3101,'4480',633,,5569,11,4,,0,94,,5570,11,4,,0,112,,3004,11,4,,0,90,,3005,11,4,,0,109,,4726,11,4,,0,100,,3008,11,4,,0,100,,3009,11,4,,0,100,,4727,11,4,,0,100,,3007,11,4,,0,98,,3011,11,4,,0,102,,4728,11,4,,0,100,,4729,11,4,,0,105,,5571,11,4,,0
3101,'4663',1943,,5567,11,4,,0
3101,'4673',1943,,5568,11,4,,0
3101,'4681',1943,,5580,11,4,,0
