4001,'4327',732,,3226,44,,,0,107,,3214,44,,,0,271,,3223,44,,,0,111,,3210,44,,,0,110,,4848,44,,,0,110,,3211,44,,,0,75,,3219,44,,,0,37,,3215,44,,,0,148,,3209,44,,,0,110,,4852,44,,,0,33,,4856,44,,,0,109,,4849,44,,,0,75,,4851,44,,,0
4001,'4332',814,,3243,44,,,0,108,,3248,44,,,0,114,,4917,44,,,0,76,,4906,44,,,0,35,,4918,44,,,0,76,,4909,44,,,0,36,,3237,44,,,0,75,,3238,44,,,0,182,,3245,44,,,0,37,,3239,44,,,0,75,,4916,44,,,0,75,,4910,44,,,0,108,,4915,44,,,0,109,,4911,44,,,0,109,,3252,44,,,0,108,,4919,44,,,0,75,,4914,44,,,0,100,,4907,44,,,0
4001,'4480',701,,3199,44,,,0,32,,4898,44,,,0,75,,4902,44,,,0,16,,4899,44,,,0,14,,4900,44,,,0,18,,4901,44,,,0,55,,4865,44,,,0,28,,4869,44,,,0,14,,4870,44,,,0,55,,4866,44,,,0,15,,4867,44,,,0,30,,4872,44,,,0,55,,4873,44,,,0,16,,4874,44,,,0,15,,4875,44,,,0,15,,4876,44,,,0,56,,4877,44,,,0,15,,3172,44,,,0,17,,4878,44,,,0,85,,4879,44,,,0,30,,4880,44,,,0,56,,4881,44,,,0,16,,4882,44,,,0,30,,4884,44,,,0,55,,4885,44,,,0,15,,4886,44,,,0,15,,4887,44,,,0,14,,4888,44,,,0,55,,4889,44,,,0,30,,4890,44,,,0,15,,4891,44,,,0,54,,3191,44,,,0,29,,4903,44,,,0,15,,4895,44,,,0,54,,3196,44,,,0,29,,4894,44,,,0,15,,4896,44,,,0,91,,4864,44,,,0,60,,4860,44,,,0,108,,3151,44,,,0,100,,4859,44,,,0,26,,4862,44,,,0,69,,4858,44,,,0,30,,4861,44,,,0,70,,4857,44,,,0
4001,'4673',2044,,4904,44,,,0
4001,'5241',2044,,4905,44,,,0
4001,'5302',1000,,4853,44,,,0,146,,4850,44,,,0,113,,4847,44,,,0,147,,4855,44,,,0,215,,3218,44,,,0,115,,4854,44,,,0,177,,3212,44,,,0
4001,'5303',925,,4868,44,,,0,113,,4871,44,,,0,219,,3174,44,,,0,55,,3175,44,,,0,30,,3177,44,,,0,102,,4883,44,,,0,184,,3188,44,,,0,98,,4892,44,,,0,98,,4893,44,,,0,85,,4897,44,,,0,16,,3158,44,,,0,100,,4863,44,,,0,118,,3155,44,,,0
4001,'5304',925,,5615,44,,,0,113,,5616,44,,,0,219,,5617,44,,,0,55,,5618,44,,,0,30,,5619,44,,,0,102,,5620,44,,,0,184,,5621,44,,,0,98,,5622,44,,,0,98,,5623,44,,,0,85,,5624,44,,,0,16,,5614,44,,,0,100,,5613,44,,,0,118,,5612,44,,,0
4001,'5306',730,,5634,44,,,0,118,,5633,44,,,0,111,,5630,44,,,0,451,,5632,44,,,0,35,,5625,44,,,0,291,,5631,44,,,0,110,,5627,44,,,0,109,,5626,44,,,0,148,,5628,44,,,0,309,,5629,44,,,0
4001,'5307',1000,,5639,44,,,0,146,,5637,44,,,0,113,,5635,44,,,0,147,,5641,44,,,0,215,,5638,44,,,0,115,,5640,44,,,0,177,,5636,44,,,0
