701,'4327',726,,2454,17,,,0,109,,4547,17,,,0,265,,2455,17,,,0,111,,4546,17,,,0,106,,2452,17,,,0,221,,2450,17,,,0,217,,2457,17,,,0,255,,2449,17,,,0
701,'4332',835,,4565,17,,,0,110,,2471,17,,,0,111,,4561,17,,,0,477,,4563,17,,,0,120,,4564,17,,,0,697,,2475,17,,,0
701,'4480',619,,4552,4,,,0,84,,4557,17,,,0,45,,4551,17,,,0,188,,4549,17,,,0,115,,4556,17,,,0,157,,4548,17,,,0,115,,4550,17,,,0,115,,2435,17,,,0,105,,2429,17,,,0,280,,2438,17,,,0,115,,4553,17,,,0,115,,4555,17,,,0,151,,2441,17,,,0,152,,2426,17,,,0
701,'4663',1749,,5296,17,,,0
701,'4673',1633,,4559,17,,,0,116,,5297,17,,,0
701,'5241',1633,,4560,17,,,0
701,'5302',956,,2459,17,,,0,470,,2456,17,,,0,223,,2458,17,,,0,256,,2451,17,,,0
701,'5303',719,,2444,17,,,0,104,,2428,17,,,0,885,,4554,17,,,0,41,,2448,17,,,0,154,,2443,17,,,0,420,,4558,17,,,0
701,'5304',719,,5302,17,,,0,104,,5298,17,,,0,885,,5299,17,,,0,195,,5301,17,,,0,420,,5300,17,,,0
701,'5306',725,,5305,17,,,0,483,,5306,17,,,0,109,,5307,17,,,0,112,,5303,17,,,0,326,,5309,17,,,0,150,,5304,17,,,0,105,,5310,17,,,0,105,,5311,17,,,0,108,,5308,17,,,0
701,'5307',956,,5315,17,,,0,470,,5313,17,,,0,223,,5314,17,,,0,256,,5312,17,,,0
701,'5308',1749,,5316,17,,,0
