101,'4327',802,,3695,7,,,0,30,,3698,7,,,0,70,,2136,7,,,0,28,,3696,7,,,0,73,,2144,7,,,0,32,,3694,7,,,0,71,,3699,7,,,0,33,,2145,7,,,0,68,,2126,7,,,0,30,,3692,7,,,0,70,,3700,7,,,0,30,,3702,7,,,0,70,,3701,7,,,0,30,,2125,7,,,0,70,,3697,7,,,0,30,,3693,7,,,0,70,,3691,7,,,0,30,,2127,7,,,0,70,,2134,7,,,0,29,,3690,7,,,0,70,,3703,7,,,0,30,,2148,7,,,0,70,,2140,7,,,0,29,,2124,7,,,0,70,,2141,7,,,0,30,,2150,7,,,0,81,,2139,7,,,0
101,'4332',716,,2163,7,,,0,30,,3724,7,,,0,71,,2165,7,,,0,27,,3714,7,,,0,73,,3708,7,,,0,22,,3706,7,,,0,81,,3716,7,,,0,28,,3711,7,,,0,68,,2151,7,,,0,31,,2154,7,,,0,68,,3718,7,,,0,33,,2167,7,,,0,71,,3707,7,,,0,30,,2177,7,,,0,70,,3713,7,,,0,30,,2157,7,,,0,70,,3719,7,,,0,30,,2173,7,,,0,69,,3704,7,,,0,32,,3710,7,,,0,67,,3705,7,,,0,30,,2166,7,,,0,70,,3720,7,,,0,30,,3721,7,,,0,70,,3712,7,,,0,30,,3715,7,,,0,69,,2159,7,,,0,32,,3722,7,,,0,68,,2153,7,,,0,37,,2183,7,,,0,63,,3717,7,,,0,30,,2184,7,,,0,69,,3723,7,,,0,31,,3709,7,,,0,80,,2175,7,,,0
101,'4480',731,,2113,7,,,0,20,,2107,7,,,0,80,,2112,7,,,0,115,,2102,7,,,0,97,,2104,7,,,0,71,,2091,7,,,0,100,,2092,7,,,0,34,,2099,7,,,0,66,,2120,7,,,0,33,,2098,7,,,0,100,,2097,7,,,0,77,,2093,7,,,0,23,,2080,7,,,0,78,,2082,7,,,0,22,,2090,7,,,0,101,,2094,7,,,0,104,,2085,7,,,0,95,,2086,7,,,0,70,,2114,7,,,0,30,,2087,7,,,0,70,,2116,7,,,0,130,,2089,7,,,0,101,,2084,7,,,0,83,,2083,7,,,0
101,'4663',1917,,3725,7,,,0
101,'4681',1917,,3726,7,,,0
101,'5214',641,,2110,7,,,0,71,,2109,7,,,0,100,,2111,7,,,0,36,,2106,7,,,0,65,,2105,7,,,0,105,,2100,7,,,0,122,,2103,7,,,0,274,,2095,7,,,0,89,,2118,7,,,0,101,,2108,7,,,0,100,,2081,7,,,0,20,,2096,7,,,0,79,,2119,7,,,0,17,,2101,7,,,0,97,,2122,7,,,0,230,,2088,7,,,0,70,,2115,7,,,0,99,,2117,7,,,0
101,'5216',641,,3738,7,,,0,71,,3737,7,,,0,100,,3739,7,,,0,36,,3735,7,,,0,65,,3734,7,,,0,105,,3731,7,,,0,122,,3733,7,,,0,274,,3729,7,,,0,89,,3742,7,,,0,101,,3736,7,,,0,100,,3727,7,,,0,20,,3730,7,,,0,79,,3743,7,,,0,17,,3732,7,,,0,327,,3728,7,,,0,70,,3740,7,,,0,99,,3741,7,,,0
101,'5219',1917,,3744,7,,,0
2501,'4327',841,,3997,23,,,0,260,,3998,24,,,0,215,,2823,24,,,0,505,,2824,23,,,0,230,,2825,24,,,0
2501,'4332',841,,4000,23,,,0,260,,4002,24,,,0,215,,4001,24,,,0,505,,4003,23,,,0,230,,3999,24,,,0
2501,'4480',846,,2815,23,,,0,256,,2816,24,,,0,722,,2819,24,,,0
2501,'5135',2049,,4004,23,,,0
2501,'5214',1319,,2817,23,,,0,135,,2818,24,,,0,595,,2820,23,,,0
2501,'5216',1319,,4005,23,,,0,135,,4006,24,,,0
2501,'5219',2049,,4007,23,,,0
9200,'4663',1419,,4330,30,4,,0,2,,3496,30,4,,0
9200,'4681',1440,,4331,30,4,,0,2,,3500,30,4,,0
9200,'5214',1538,,3498,30,4,,0,2,,3497,30,4,,0
9200,'5219',1538,,4333,30,4,,0,2,,4332,30,4,,0
