3000,'4327',734,,2869,37,,,0,117,,4678,37,,,0,106,,4677,37,,,0,148,,2872,37,,,0,114,,2863,37,,,0,110,,2865,37,,,0,110,,2871,37,,,0,109,,2866,37,,,0,110,,4676,37,,,0,150,,2864,37,,,0
3000,'4332',814,,2896,37,,,0,37,,4687,37,,,0,72,,2887,37,,,0,34,,4686,37,,,0,185,,2895,37,,,0,76,,2894,37,,,0,110,,2881,37,,,0,75,,2876,37,,,0,35,,4685,37,,,0,75,,2890,37,,,0,38,,4683,37,,,0,106,,2884,37,,,0,149,,2883,37,,,0,298,,2878,37,,,0,104,,4690,37,,,0
3000,'4480',639,,4680,37,,,0,93,,2855,37,,,0,18,,2850,37,,,0,58,,2856,37,,,0,34,,2857,37,,,0,58,,2851,37,,,0,34,,2832,37,,,0,75,,2833,37,,,0,35,,2834,37,,,0,75,,2835,37,,,0,35,,2836,37,,,0,75,,2837,37,,,0,75,,2838,37,,,0,34,,2839,37,,,0,74,,2840,37,,,0,36,,2841,37,,,0,111,,2842,37,,,0,150,,2843,37,,,0,114,,2844,37,,,0,35,,2845,37,,,0,251,,4679,37,,,0,201,,2849,37,,,0
3000,'4663',1524,,5506,37,,,0,224,,5507,37,,,0
3000,'4673',1634,,4681,37,,,0
3000,'5241',1634,,4682,37,,,0
3000,'5302',1917,,2870,37,,,0
3000,'5303',715,,2854,37,,,0,110,,2853,37,,,0,699,,2858,37,,,0,224,,2859,37,,,0,259,,2846,37,,,0,202,,2848,37,,,0
3000,'5304',715,,5511,37,,,0,110,,5510,37,,,0,1182,,5508,37,,,0,202,,5509,37,,,0
3000,'5305',1524,,5512,37,,,0,224,,5513,37,,,0
3000,'5306',708,,5519,37,,,0,326,,5518,37,,,0,73,,5517,37,,,0,146,,5522,37,,,0,369,,5521,37,,,0,114,,5514,37,,,0,106,,5515,37,,,0,110,,5520,37,,,0,355,,5516,37,,,0
3000,'5307',1917,,5523,37,,,0
