3001,'4327',800,,2937,4,,,0,342,,2940,4,,,0,259,,2941,4,,,0,221,,2933,4,,,0,214,,4691,4,,,0,115,,2936,4,,,0
3001,'4332',843,,2952,4,,,0,77,,4706,4,,,0,113,,2951,4,,,0,297,,2943,4,,,0,106,,2950,4,,,0,188,,4704,4,,,0,108,,4702,4,,,0,111,,2947,4,,,0,75,,2949,4,,,0,108,,4708,4,,,0
3001,'4480',624,,4698,4,,,0,85,,4697,4,,,0,37,,2922,4,,,0,58,,2924,4,,,0,17,,2921,4,,,0,18,,2925,4,,,0,91,,2900,4,,,0,75,,2901,4,,,0,35,,2902,4,,,0,75,,2903,4,,,0,35,,2904,4,,,0,75,,2906,4,,,0,75,,2907,4,,,0,35,,2908,4,,,0,75,,4695,4,,,0,35,,2909,4,,,0,77,,2910,4,,,0,110,,2911,4,,,0,110,,2913,4,,,0,110,,2915,4,,,0,75,,2917,4,,,0,407,,2919,4,,,0
3001,'4663',1557,,5524,4,,,0,580,,5525,4,,,0
3001,'4673',2137,,5526,4,,,0
3001,'5302',921,,4692,4,,,0,110,,2931,4,,,0,220,,4693,4,,,0,262,,4694,4,,,0,220,,2935,4,,,0
3001,'5303',856,,2899,4,,,0,701,,2926,4,,,0,150,,2912,4,,,0,110,,2914,4,,,0,219,,2918,4,,,0,101,,4701,4,,,0,97,,4696,4,,,0
3001,'5304',856,,5527,4,,,0,851,,5528,4,,,0,110,,5529,4,,,0,219,,5531,4,,,0,198,,5530,4,,,0
3001,'5305',1557,,5532,4,,,0
3001,'5306',735,,5541,4,,,0,221,,5537,4,,,0,152,,5538,4,,,0,35,,5534,4,,,0,76,,5543,4,,,0,35,,5544,4,,,0,151,,5535,4,,,0,108,,5540,4,,,0,35,,5539,4,,,0,109,,5546,4,,,0,151,,5545,4,,,0,327,,5533,4,,,0,100,,5542,4,,,0,102,,5536,4,,,0
3001,'5307',921,,5548,4,,,0,110,,5547,4,,,0,220,,5550,4,,,0,262,,5551,4,,,0,220,,5549,4,,,0
3001,'5308',2137,,5552,4,,,0
