4001,'4327',725,,3226,35,,,0,107,,3214,35,,,0,271,,3223,35,,,0,111,,3210,35,,,0,110,,4848,35,,,0,110,,3211,35,,,0,75,,3219,35,,,0,37,,3215,35,,,0,108,,3209,35,,,0,150,,4852,35,,,0,34,,4856,35,,,0,109,,4849,35,,,0,75,,4851,35,,,0
4001,'4332',807,,3243,35,,,0,108,,3248,35,,,0,114,,4917,35,,,0,76,,4906,35,,,0,35,,4918,35,,,0,76,,4909,35,,,0,36,,3237,35,,,0,75,,3238,35,,,0,182,,3245,35,,,0,37,,3239,35,,,0,75,,4916,35,,,0,35,,4910,35,,,0,148,,4915,35,,,0,109,,4911,35,,,0,109,,3252,35,,,0,108,,4919,35,,,0,75,,4914,35,,,0,100,,4907,35,,,0
4001,'4480',654,,3199,35,,,0,72,,4898,35,,,0,74,,4902,35,,,0,16,,4899,35,,,0,15,,4900,35,,,0,18,,4901,35,,,0,55,,4865,35,,,0,28,,4869,35,,,0,14,,4870,35,,,0,55,,4866,35,,,0,15,,4867,35,,,0,30,,4872,35,,,0,55,,4873,35,,,0,16,,4874,35,,,0,15,,4875,35,,,0,15,,4876,35,,,0,56,,4877,35,,,0,15,,3172,35,,,0,17,,4878,35,,,0,85,,4879,35,,,0,30,,4880,35,,,0,56,,4881,35,,,0,16,,4882,35,,,0,30,,4884,35,,,0,55,,4885,35,,,0,15,,4886,35,,,0,15,,4887,35,,,0,14,,4888,35,,,0,55,,4889,35,,,0,30,,4890,35,,,0,15,,4891,35,,,0,54,,3191,35,,,0,29,,4903,35,,,0,15,,4895,35,,,0,54,,3196,35,,,0,29,,4894,35,,,0,15,,4896,35,,,0,91,,4864,35,,,0,20,,4860,35,,,0,148,,3151,35,,,0,100,,4859,35,,,0,28,,4862,35,,,0,69,,4858,35,,,0,30,,4861,35,,,0,70,,4857,35,,,0
4001,'4673',2037,,4904,35,,,0
4001,'5241',2037,,4905,35,,,0
4001,'5302',953,,4853,35,,,0,186,,4850,35,,,0,113,,4847,35,,,0,107,,4855,35,,,0,255,,3218,35,,,0,115,,4854,35,,,0,178,,3212,35,,,0
4001,'5303',918,,4868,35,,,0,113,,4871,35,,,0,219,,3174,35,,,0,55,,3175,35,,,0,30,,3177,35,,,0,102,,4883,35,,,0,184,,3188,35,,,0,98,,4892,35,,,0,98,,4893,35,,,0,85,,4897,35,,,0,16,,3158,35,,,0,100,,4863,35,,,0,118,,3155,35,,,0
4001,'5304',918,,5615,35,,,0,113,,5616,35,,,0,219,,5617,35,,,0,55,,5618,35,,,0,30,,5619,35,,,0,102,,5620,35,,,0,184,,5621,35,,,0,98,,5622,35,,,0,98,,5623,35,,,0,85,,5624,35,,,0,16,,5614,35,,,0,100,,5613,35,,,0,118,,5612,35,,,0
4001,'5306',723,,5634,35,,,0,118,,5633,35,,,0,111,,5630,35,,,0,451,,5632,35,,,0,35,,5625,35,,,0,291,,5631,35,,,0,110,,5627,35,,,0,109,,5626,35,,,0,108,,5628,35,,,0,350,,5629,35,,,0
4001,'5307',953,,5639,35,,,0,186,,5637,35,,,0,113,,5635,35,,,0,107,,5641,35,,,0,255,,5638,35,,,0,115,,5640,35,,,0,178,,5636,35,,,0
