4001,'4327',711,,3226,20,,,0,106,,3214,20,,,0,229,,3223,20,,,0,111,,3210,20,,,0,150,,4848,20,,,0,110,,3211,20,,,0,35,,3219,20,,,0,77,,3215,20,,,0,109,,3209,20,,,0,110,,4852,20,,,0,75,,4856,20,,,0,110,,4849,20,,,0,75,,4851,20,,,0
4001,'4332',751,,3243,20,,,0,107,,3248,20,,,0,154,,4917,20,,,0,36,,4906,20,,,0,75,,4918,20,,,0,36,,4909,20,,,0,75,,3237,20,,,0,75,,3238,20,,,0,142,,3245,20,,,0,78,,3239,20,,,0,75,,4916,20,,,0,35,,4910,20,,,0,109,,4915,20,,,0,109,,4911,20,,,0,150,,3252,20,,,0,108,,4919,20,,,0,35,,4914,20,,,0,100,,4907,20,,,0
4001,'4480',639,,3199,20,,,0,72,,4898,20,,,0,32,,4902,20,,,0,16,,4899,20,,,0,55,,4900,20,,,0,18,,4901,20,,,0,16,,4865,20,,,0,69,,4869,20,,,0,14,,4870,20,,,0,15,,4866,20,,,0,55,,4867,20,,,0,30,,4872,20,,,0,15,,4873,20,,,0,55,,4874,20,,,0,15,,4875,20,,,0,15,,4876,20,,,0,16,,4877,20,,,0,55,,3172,20,,,0,17,,4878,20,,,0,85,,4879,20,,,0,30,,4880,20,,,0,15,,4881,20,,,0,55,,4882,20,,,0,30,,4884,20,,,0,15,,4885,20,,,0,55,,4886,20,,,0,15,,4887,20,,,0,15,,4888,20,,,0,15,,4889,20,,,0,70,,4890,20,,,0,15,,4891,20,,,0,15,,3191,20,,,0,69,,4903,20,,,0,15,,4895,20,,,0,15,,3196,20,,,0,69,,4894,20,,,0,15,,4896,20,,,0,92,,4864,20,,,0,20,,4860,20,,,0,108,,3151,20,,,0,100,,4859,20,,,0,69,,4862,20,,,0,29,,4858,20,,,0,70,,4861,20,,,0,30,,4857,20,,,0
4001,'4673',2023,,4904,20,,,0
4001,'5241',2023,,4905,20,,,0
4001,'5302',936,,4853,20,,,0,186,,4850,20,,,0,113,,4847,20,,,0,107,,4855,20,,,0,215,,3218,20,,,0,156,,4854,20,,,0,139,,3212,20,,,0
4001,'5303',903,,4868,20,,,0,113,,4871,20,,,0,218,,3174,20,,,0,15,,3175,20,,,0,70,,3177,20,,,0,100,,4883,20,,,0,185,,3188,20,,,0,99,,4892,20,,,0,99,,4893,20,,,0,45,,4897,20,,,0,57,,3158,20,,,0,100,,4863,20,,,0,118,,3155,20,,,0
4001,'5304',903,,5615,20,,,0,113,,5616,20,,,0,218,,5617,20,,,0,15,,5618,20,,,0,70,,5619,20,,,0,100,,5620,20,,,0,185,,5621,20,,,0,99,,5622,20,,,0,99,,5623,20,,,0,45,,5624,20,,,0,57,,5614,20,,,0,100,,5613,20,,,0,118,,5612,20,,,0
4001,'5306',708,,5634,20,,,0,117,,5633,20,,,0,110,,5630,20,,,0,410,,5632,20,,,0,75,,5625,20,,,0,293,,5631,20,,,0,110,,5627,20,,,0,109,,5626,20,,,0,109,,5628,20,,,0,310,,5629,20,,,0
4001,'5307',936,,5639,20,,,0,186,,5637,20,,,0,113,,5635,20,,,0,107,,5641,20,,,0,215,,5638,20,,,0,156,,5640,20,,,0,139,,5636,20,,,0
