700,'4327',746,,2403,25,,,0,110,,4524,25,,,0,266,,2404,25,,,0,111,,4523,25,,,0,106,,2401,25,,,0,261,,2399,25,,,0,216,,2406,25,,,0,215,,2398,25,,,0
700,'4332',856,,4542,25,,,0,151,,2420,25,,,0,111,,4538,25,,,0,437,,4540,25,,,0,160,,4541,25,,,0,694,,2424,25,,,0
700,'4480',642,,4528,25,,,0,85,,4533,25,,,0,87,,4529,25,,,0,187,,4527,25,,,0,115,,4532,25,,,0,115,,4525,25,,,0,115,,4526,25,,,0,155,,2384,25,,,0,105,,2385,25,,,0,236,,2382,25,,,0,115,,4531,25,,,0,155,,4534,25,,,0,111,,2389,25,,,0,192,,2375,25,,,0
700,'4663',1809,,5275,25,,,0
700,'4673',1654,,4536,25,,,0,155,,5276,25,,,0
700,'5241',1654,,4537,25,,,0
700,'5302',1018,,2408,25,,,0,430,,2405,25,,,0,262,,2407,25,,,0,216,,2400,25,,,0
700,'5303',745,,2393,25,,,0,103,,2377,25,,,0,881,,4530,25,,,0,80,,2397,25,,,0,113,,2392,25,,,0,420,,4535,25,,,0
700,'5304',745,,5281,25,,,0,103,,5277,25,,,0,881,,5278,25,,,0,193,,5280,25,,,0,420,,5279,25,,,0
700,'5306',746,,5284,25,,,0,484,,5285,25,,,0,109,,5286,25,,,0,112,,5282,25,,,0,365,,5288,25,,,0,110,,5283,25,,,0,105,,5289,25,,,0,105,,5290,25,,,0,107,,5287,25,,,0
700,'5307',1018,,5294,25,,,0,430,,5292,25,,,0,262,,5293,25,,,0,216,,5291,25,,,0
700,'5308',1809,,5295,25,,,0
