2000,'4327',824,,2749,20,,,0,218,,2752,20,,,0,259,,2751,20,,,0,221,,2753,20,,,0,225,,2750,20,,,0
2000,'4332',815,,2763,20,,,0,112,,2762,20,,,0,100,,2764,20,,,0,118,,2754,20,,,0,108,,2755,20,,,0,151,,3968,20,,,0,111,,2758,20,,,0,111,,3967,20,,,0,103,,3969,20,,,0,204,,2759,20,0,9 12 2 5,0,218,,2765,20,0,9 12 2 5,0,102,,2761,20,0,9 12 2 5,0
2000,'4480',707,,2747,20,0,9 12 2 5,0,294,,2735,20,,,0,408,,2739,20,,,0,250,,2742,20,0,9 12 2 5,0,157,,2743,20,,,0,136,,2744,20,0,9 12 2 5,0
2000,'5214',559,,2746,20,0,9 12 2 5,0,254,,2748,20,0,9 12 2 5,0,39,,2734,20,,,0,259,,2736,20,,,0,105,,2737,20,0,9 12 2 5,0,115,,2738,20,,,0,188,,2740,20,,,0,20,,2741,20,0,9 12 2 5,0,616,,2745,20,0,9 12 2 5,0
2000,'5216',559,,3977,20,0,9 12 2 5,0,254,,3978,20,0,9 12 2 5,0,39,,3970,20,,,0,259,,3971,20,,,0,105,,3972,20,0,9 12 2 5,0,115,,3973,20,,,0,188,,3974,20,,,0,20,,3975,20,0,9 12 2 5,0,616,,3976,20,0,9 12 2 5,0
9200,'4663',1407,,4330,16,,,0,2,,3496,16,,,0
9200,'4681',1427,,4331,16,,,0,2,,3500,16,,,0
9200,'5214',1526,,3498,16,,,0,2,,3497,16,,,0
9200,'5219',1526,,4333,16,,,0,2,,4332,16,,,0
1002000,'4327',708,,4340,26,,,0,218,,3594,26,,,0,209,,3593,26,,,0,272,,3598,26,,,0,218,,3595,26,,,0,278,,3596,26,,,0
1002000,'4332',632,,4344,26,,,0,112,,3605,26,,,0,110,,3600,26,,,0,147,,3607,26,,,0,114,,3608,26,,,0,106,,3606,26,,,0,100,,4342,26,,,0,112,,3609,26,,,0,118,,4343,26,,,0,150,,4345,26,,,0,125,,3603,26,,,0,225,,4341,26,,,0
1002000,'4480',633,,3578,26,,,0,402,,3582,26,,,0,110,,3583,26,,,0,289,,3585,26,,,0,191,,3586,26,,,0,113,,3587,26,,,0,112,,3588,26,,,0,405,,3589,26,,,0
1002000,'4663',2055,,3590,26,,,0
1002000,'4673',2055,,3591,26,,,0
1002000,'4681',2055,,3592,26,,,0
1002000,'5214',741,,3579,26,,,0,93,,3580,26,,,0,91,,3581,26,,,0,330,,3584,26,,,0
1002000,'5216',741,,4346,26,,,0,93,,4347,26,,,0,91,,4348,26,,,0,330,,4349,26,,,0
