7200,'4327',734,,3339,21,,,0,323,,3333,21,,,0,160,,3332,21,,,0,219,,3335,21,,,0,102,,3336,21,,,0,114,,3337,21,,,0,150,,3338,21,,,0,110,,3330,21,,,0
7200,'4332',715,,3363,21,,,0,95,,3340,21,,,0,48,,3348,21,,,0,149,,4947,21,,,0,110,,4948,21,,,0,110,,4949,21,,,0,110,,3352,21,,,0,110,,3354,21,,,0,84,,3355,21,,,0,26,,3356,21,,,0,188,,3358,21,,,0,72,,4950,21,,,0,35,,4951,21,,,0,148,,4952,21,,,0,116,,4953,21,,,0,102,,3346,21,,,0
7200,'4480',649,,3325,21,,,0,75,,4944,21,,,0,33,,3323,21,,,0,77,,3322,21,,,0,74,,3302,21,,,0,144,,4935,21,,,0,150,,4936,21,,,0,35,,3308,21,,,0,298,,3313,21,,,0,108,,4939,21,,,0,264,,3318,21,,,0,112,,4942,21,,,0,102,,4943,21,,,0,100,,3321,21,,,0
7200,'4661',1755,,3326,21,,,0
7200,'4663',1755,,3327,21,,,0
7200,'4673',2321,,4945,21,,,0
7200,'5241',2321,,4946,21,,,0
7200,'5302',839,,4934,21,,,0,113,,3331,21,,,0,364,,3334,21,,,0
7200,'5303',942,,3303,21,,,0,75,,3304,21,,,0,110,,3306,21,,,0,185,,4937,21,,,0,35,,3310,21,,,0,78,,4938,21,,,0,75,,3312,21,,,0,108,,3314,21,,,0,110,,4940,21,,,0,114,,4941,21,,,0
7200,'5304',942,,5656,21,,,0,75,,5657,21,,,0,110,,5658,21,,,0,185,,5659,21,,,0,35,,5660,21,,,0,78,,5661,21,,,0,75,,5662,21,,,0,108,,5663,21,,,0,110,,5664,21,,,0,114,,5665,21,,,0
7200,'5306',919,,5666,21,,,0,124,,5668,21,,,0,157,,5669,21,,,0,109,,5670,21,,,0,111,,5672,21,,,0,221,,5673,21,,,0,66,,5667,21,,,0,611,,5671,21,,,0
7200,'5307',839,,5674,21,,,0,113,,5675,21,,,0,364,,5676,21,,,0
