7201,'4327',1031,,3396,25,,,0,116,,3397,25,,,0,259,,3399,25,,,0,107,,3400,25,,,0,111,,3401,25,,,0,106,,3402,25,,,0,110,,3393,25,,,0
7201,'4332',734,,3405,25,,,0,206,,4968,25,,,0,112,,4970,25,,,0,150,,4969,25,,,0,110,,3414,25,,,0,110,,3417,25,,,0,83,,3418,25,,,0,27,,3419,25,,,0,186,,3421,25,,,0,32,,4971,25,,,0,75,,4972,25,,,0,110,,4974,25,,,0,96,,4973,25,,,0,122,,3409,25,,,0,199,,3411,25,,,0
7201,'4480',729,,3387,25,,,0,78,,3385,25,,,0,34,,3386,25,,,0,185,,4956,25,,,0,111,,4955,25,,,0,75,,3371,25,,,0,295,,3375,25,,,0,110,,4959,25,,,0,218,,3380,25,,,0,110,,4962,25,,,0,105,,4963,25,,,0,100,,3381,25,,,0
7201,'4661',1727,,3388,25,,,0
7201,'4663',1727,,3389,25,,,0
7201,'4673',2249,,4964,25,,,0,99,,4965,25,,,0
7201,'5241',2249,,4966,25,,,0,99,,4967,25,,,0
7201,'5302',807,,4954,25,,,0,113,,3394,25,,,0,331,,3395,25,,,0,704,,3398,25,,,0
7201,'5303',916,,3365,25,,,0,35,,3366,25,,,0,151,,3370,25,,,0,145,,4957,25,,,0,75,,3372,25,,,0,35,,4958,25,,,0,75,,3374,25,,,0,110,,3376,25,,,0,110,,4960,25,,,0,149,,4961,25,,,0,109,,3382,25,,,0
7201,'5304',916,,5677,25,,,0,35,,5678,25,,,0,151,,5680,25,,,0,145,,5679,25,,,0,75,,5681,25,,,0,35,,5682,25,,,0,75,,5683,25,,,0,110,,5684,25,,,0,110,,5685,25,,,0,149,,5686,25,,,0,109,,5687,25,,,0
7201,'5306',844,,5688,25,,,0,174,,5690,25,,,0,109,,5691,25,,,0,110,,5692,25,,,0,118,,5694,25,,,0,259,,5695,25,,,0,27,,5689,25,,,0,259,,5696,25,,,0,353,,5693,25,,,0
7201,'5307',807,,5697,25,,,0,113,,5698,25,,,0,331,,5699,25,,,0,704,,5700,25,,,0
