2000,'4327',816,,2749,7,,,0,218,,2752,7,,,0,477,,2753,7,,,0,226,,2750,7,,,0
2000,'4332',1136,,2754,7,,,0,480,,4651,7,,,0,104,,4652,7,,,0,423,,2765,7,0,9 12 2 5,0,102,,2761,7,0,9 12 2 5,0
2000,'4480',551,,4649,7,0,9 12 2 5,0,108,,2747,7,0,9 12 2 5,0,145,,4650,7,0,9 12 2 5,0,39,,4642,7,,,0,110,,2735,7,,,0,149,,4643,7,,,0,105,,4644,7,0,9 12 2 5,0,114,,4645,7,,,0,187,,4646,7,,,0,20,,4647,7,0,9 12 2 5,0,120,,2742,7,0,9 12 2 5,0,295,,2744,7,0,9 12 2 5,0,204,,4648,7,0,9 12 2 5,0
2000,'5302',1251,,2751,7,,,0
2000,'5303',1358,,2739,7,,,0,449,,2743,7,,,0
2000,'5304',1358,,5463,7,,,0,449,,5464,7,,,0
2000,'5306',807,,5470,7,,,0,112,,5469,7,,,0,100,,5471,7,,,0,224,,5465,7,,,0,111,,5466,7,,,0,151,,5467,7,,,0,419,,5468,7,0,9 12 2 5,0
2000,'5307',1251,,5472,7,,,0
9200,'4663',1356,,5709,3,,,0,2,,5710,3,,,0
9200,'4673',1516,,4987,3,,,0,2,,4986,3,,,0
9200,'5303',1416,,4988,3,,,0,2,,3500,3,,,0
9200,'5308',1416,,5711,3,,,0,2,,5712,3,,,0
1002000,'4327',918,,3594,13,,,0,440,,3598,13,,,0,497,,3596,13,,,0
1002000,'4332',953,,3607,13,,,0,260,,3606,13,,,0,212,,3609,13,,,0,393,,3603,13,,,0
1002000,'4480',732,,4996,13,,,0,91,,4997,13,,,0,94,,4998,13,,,0,698,,3586,13,,,0,113,,3587,13,,,0,113,,3588,13,,,0,406,,3589,13,,,0
1002000,'4663',2047,,5719,13,,,0
1002000,'4673',2047,,5720,13,,,0
1002000,'5302',700,,4995,13,,,0,427,,3593,13,,,0,488,,3595,13,,,0
1002000,'5303',625,,3578,13,,,0,402,,3582,13,,,0,109,,3583,13,,,0,110,,4999,13,,,0,178,,3585,13,,,0,623,,3592,13,,,0
1002000,'5304',625,,5721,13,,,0,402,,5722,13,,,0,109,,5723,13,,,0,110,,5724,13,,,0,178,,5725,13,,,0
1002000,'5306',624,,5730,13,,,0,112,,5731,13,,,0,110,,5727,13,,,0,261,,5732,13,,,0,206,,5728,13,,,0,230,,5729,13,,,0,110,,5733,13,,,0,390,,5726,13,,,0
1002000,'5307',700,,5736,13,,,0,427,,5734,13,,,0,488,,5735,13,,,0
1002000,'5308',2047,,5737,13,,,0
