700,'4327',735,,2403,15,,,0,109,,4524,15,,,0,265,,2404,15,,,0,111,,4523,15,,,0,106,,2401,15,,,0,221,,2399,15,,,0,257,,2406,15,,,0,215,,2398,15,,,0
700,'4332',844,,4542,15,,,0,110,,2420,15,,,0,151,,4538,15,,,0,437,,4540,15,,,0,160,,4541,15,,,0,657,,2424,15,,,0
700,'4480',629,,4528,15,,,0,85,,4533,15,,,0,86,,4529,15,,,0,147,,4527,15,,,0,155,,4532,15,,,0,117,,4525,15,,,0,115,,4526,15,,,0,115,,2384,15,,,0,105,,2385,15,,,0,278,,2382,15,,,0,115,,4531,15,,,0,155,,4534,15,,,0,111,,2389,15,,,0,192,,2375,15,,,0
700,'4663',1758,,5275,15,,,0
700,'4673',1643,,4536,15,,,0,115,,5276,15,,,0
700,'5241',1643,,4537,15,,,0
700,'5302',1005,,2408,15,,,0,430,,2405,15,,,0,223,,2407,15,,,0,256,,2400,15,,,0
700,'5303',731,,2393,15,,,0,103,,2377,15,,,0,884,,4530,15,,,0,40,,2397,15,,,0,154,,2392,15,,,0,420,,4535,15,,,0
700,'5304',731,,5281,15,,,0,103,,5277,15,,,0,884,,5278,15,,,0,194,,5280,15,,,0,420,,5279,15,,,0
700,'5306',734,,5284,15,,,0,483,,5285,15,,,0,109,,5286,15,,,0,112,,5282,15,,,0,366,,5288,15,,,0,110,,5283,15,,,0,105,,5289,15,,,0,105,,5290,15,,,0,108,,5287,15,,,0
700,'5307',1005,,5294,15,,,0,430,,5292,15,,,0,223,,5293,15,,,0,256,,5291,15,,,0
700,'5308',1758,,5295,15,,,0
