3000,'4327',729,,2869,29,,,0,117,,4678,29,,,0,106,,4677,29,,,0,148,,2872,29,,,0,114,,2863,29,,,0,110,,2865,29,,,0,110,,2871,29,,,0,109,,2866,29,,,0,110,,4676,29,,,0,150,,2864,29,,,0
3000,'4332',809,,2896,29,,,0,37,,4687,29,,,0,72,,2887,29,,,0,34,,4686,29,,,0,185,,2895,29,,,0,76,,2894,29,,,0,110,,2881,29,,,0,35,,2876,29,,,0,75,,4685,29,,,0,75,,2890,29,,,0,38,,4683,29,,,0,106,,2884,29,,,0,149,,2883,29,,,0,258,,2878,29,,,0,144,,4690,29,,,0
3000,'4480',634,,4680,29,,,0,92,,2855,29,,,0,18,,2850,29,,,0,58,,2856,29,,,0,34,,2857,29,,,0,18,,2851,29,,,0,75,,2832,29,,,0,75,,2833,29,,,0,35,,2834,29,,,0,75,,2835,29,,,0,34,,2836,29,,,0,75,,2837,29,,,0,35,,2838,29,,,0,74,,2839,29,,,0,74,,2840,29,,,0,35,,2841,29,,,0,111,,2842,29,,,0,151,,2843,29,,,0,115,,2844,29,,,0,35,,2845,29,,,0,251,,4679,29,,,0,201,,2849,29,,,0
3000,'4663',1517,,5506,29,,,0,225,,5507,29,,,0
3000,'4673',1628,,4681,29,,,0
3000,'5241',1628,,4682,29,,,0
3000,'5302',1912,,2870,29,,,0
3000,'5303',710,,2854,29,,,0,109,,2853,29,,,0,698,,2858,29,,,0,225,,2859,29,,,0,260,,2846,29,,,0,202,,2848,29,,,0
3000,'5304',710,,5511,29,,,0,109,,5510,29,,,0,1183,,5508,29,,,0,202,,5509,29,,,0
3000,'5305',1517,,5512,29,,,0,225,,5513,29,,,0
3000,'5306',703,,5519,29,,,0,326,,5518,29,,,0,73,,5517,29,,,0,146,,5522,29,,,0,369,,5521,29,,,0,114,,5514,29,,,0,106,,5515,29,,,0,110,,5520,29,,,0,355,,5516,29,,,0
3000,'5307',1912,,5523,29,,,0
