2000,'4332',2159,,2765,31,0,9 12 2 5,0,142,,2761,31,0,9 12 2 5,0
2000,'4480',607,,4649,31,0,9 12 2 5,0,108,,2747,31,0,9 12 2 5,0,108,,4650,31,0,9 12 2 5,0,402,,4644,31,0,9 12 2 5,0,323,,4647,31,0,9 12 2 5,0,160,,2742,31,0,9 12 2 5,0,292,,2744,31,0,9 12 2 5,0,203,,4648,31,0,9 12 2 5,0
2000,'5306',1941,,5468,31,0,9 12 2 5,0
2001,'4332',2153,,2794,23,0,9 10 11,0
2001,'4480',745,,4659,23,0,9 10 11,0,73,,2777,23,0,9 10 11,0
2001,'4663',1836,,5473,23,0,9 10 11,0,319,,5474,23,0,9 10 11,0
2001,'4673',1836,,5475,23,0,9 10 11,0,319,,5476,23,0,9 10 11,0
2001,'5303',1513,,4656,23,0,9 10 11,0,323,,2782,23,0,9 10 11,0,319,,2783,23,0,9 10 11,0,197,,2774,23,0,9 10 11,0
2001,'5304',1513,,5477,23,0,9 10 11,0,839,,5479,23,0,9 10 11,0
2001,'5306',2352,,5482,23,0,9 10 11,0
2001,'5308',1836,,5489,23,0,9 10 11,0,319,,5490,23,0,9 10 11,0
7201,'4327',1032,,3396,26,,,0,116,,3397,26,,,0,259,,3399,26,,,0,107,,3400,26,,,0,111,,3401,26,,,0,106,,3402,26,,,0,110,,3393,26,,,0
7201,'4332',735,,3405,26,,,0,206,,4968,26,,,0,111,,4970,26,,,0,150,,4969,26,,,0,110,,3414,26,,,0,110,,3417,26,,,0,83,,3418,26,,,0,27,,3419,26,,,0,187,,3421,26,,,0,32,,4971,26,,,0,75,,4972,26,,,0,109,,4974,26,,,0,96,,4973,26,,,0,122,,3409,26,,,0,199,,3411,26,,,0
7201,'4480',730,,3387,26,,,0,78,,3385,26,,,0,34,,3386,26,,,0,184,,4956,26,,,0,111,,4955,26,,,0,75,,3371,26,,,0,295,,3375,26,,,0,110,,4959,26,,,0,219,,3380,26,,,0,110,,4962,26,,,0,105,,4963,26,,,0,100,,3381,26,,,0
7201,'4661',1727,,3388,26,,,0
7201,'4663',1727,,3389,26,,,0
7201,'4673',2249,,4964,26,,,0,99,,4965,26,,,0
7201,'5241',2249,,4966,26,,,0,99,,4967,26,,,0
7201,'5302',808,,4954,26,,,0,113,,3394,26,,,0,331,,3395,26,,,0,703,,3398,26,,,0
7201,'5303',916,,3365,26,,,0,35,,3366,26,,,0,151,,3370,26,,,0,145,,4957,26,,,0,75,,3372,26,,,0,35,,4958,26,,,0,75,,3374,26,,,0,110,,3376,26,,,0,110,,4960,26,,,0,149,,4961,26,,,0,110,,3382,26,,,0
7201,'5304',916,,5677,26,,,0,35,,5678,26,,,0,151,,5680,26,,,0,145,,5679,26,,,0,75,,5681,26,,,0,35,,5682,26,,,0,75,,5683,26,,,0,110,,5684,26,,,0,110,,5685,26,,,0,149,,5686,26,,,0,110,,5687,26,,,0
7201,'5306',845,,5688,26,,,0,174,,5690,26,,,0,108,,5691,26,,,0,110,,5692,26,,,0,118,,5694,26,,,0,260,,5695,26,,,0,27,,5689,26,,,0,258,,5696,26,,,0,353,,5693,26,,,0
7201,'5307',808,,5697,26,,,0,113,,5698,26,,,0,331,,5699,26,,,0,703,,5700,26,,,0
9200,'4663',1416,,5709,27,,,0,2,,5710,27,,,0
9200,'4673',1535,,4987,27,,,0,2,,4986,27,,,0
9200,'5303',1437,,4988,27,,,0,2,,3500,27,,,0
9200,'5308',1437,,5711,27,,,0,2,,5712,27,,,0
1002000,'4327',934,,3594,37,,,0,481,,3598,37,,,0,496,,3596,37,,,0
1002000,'4332',1009,,3607,37,,,0,220,,3606,37,,,0,212,,3609,37,,,0,393,,3603,37,,,0
1002000,'4480',843,,4997,37,,,0,1460,,3589,37,,,0
1002000,'4663',2103,,5719,37,,,0
1002000,'4673',2103,,5720,37,,,0
1002000,'5302',716,,4995,37,,,0,427,,3593,37,,,0,490,,3595,37,,,0
1002000,'5303',1444,,3585,37,,,0,659,,3592,37,,,0
1002000,'5304',1444,,5725,37,,,0
1002000,'5306',640,,5730,37,,,0,112,,5731,37,,,0,150,,5727,37,,,0,221,,5732,37,,,0,206,,5728,37,,,0,230,,5729,37,,,0,150,,5733,37,,,0,350,,5726,37,,,0
1002000,'5307',716,,5736,37,,,0,427,,5734,37,,,0,490,,5735,37,,,0
1002000,'5308',2103,,5737,37,,,0
1002001,'4327',807,,3630,23,,,0,444,,5002,23,,,0,262,,5003,23,,,0,217,,3626,23,,,0
1002001,'4332',1209,,5016,23,,,0,227,,3632,23,,,0,220,,3633,23,,,0,273,,5013,23,,,0,322,,5015,23,,,0
1002001,'4480',939,,5006,23,,,0,499,,5008,23,,,0,218,,5009,23,,,0,397,,5011,23,,,0,200,,3624,23,,,0
1002001,'5302',1019,,3629,23,,,0,1016,,3628,23,,,0
1002001,'5303',1403,,3617,23,,,0,144,,3619,23,,,0
1002001,'5304',1403,,5740,23,,,0,144,,5741,23,,,0
1002001,'5306',731,,5745,23,,,0,113,,5746,23,,,0,111,,5743,23,,,0,151,,5744,23,,,0,220,,5749,23,,,0,214,,5747,23,,,0,265,,5748,23,,,0,227,,5750,23,,,0
1002001,'5307',1019,,5752,23,,,0,1016,,5751,23,,,0
