2001,'4480',645,,2775,8,,,0,85,,2776,8,0,9 10 11,0,71,,2777,8,0,9 10 11,0,105,,2766,8,,,0,109,,2767,8,,,0,110,,2768,8,,,0,111,,2769,8,,,0,220,,2770,8,0,9 10 11,0,150,,2771,8,,,0,110,,2772,8,,,0,219,,2773,8,,,0,404,,2774,8,0,9 10 11,0
2001,'4663',1821,,2778,8,0,9 10 11,0,319,,2779,8,0,9 10 11,0
2001,'4673',1821,,2780,8,0,9 10 11,0,319,,2781,8,0,9 10 11,0
2001,'4681',1821,,2782,8,0,9 10 11,0,319,,2783,8,0,9 10 11,0
2001,'4970',905,,2784,8,,,0,227,,2786,8,,,0,219,,2785,8,,,0,249,,2787,8,,,0,225,,2788,8,,,0
2001,'5131',915,,2795,8,,,0,88,,2799,8,,,0,105,,2796,8,,,0,128,,2789,8,,,0,115,,2798,8,,,0,102,,2792,8,,,0,147,,2797,8,,,0,103,,2793,8,,,0,111,,2790,8,,,0,325,,2794,8,0,9 10 11,0,199,,2791,8,0,9 10 11,0
2501,'4480',825,,2815,8,,,0,216,,2816,9,,,0,217,,2817,8,,,0,174,,2818,9,,,0,373,,2819,9,,,0
2501,'4673',2030,,2820,8,,,0
2501,'4970',821,,2821,8,,,0,220,,2822,9,,,0,215,,2823,9,,,0,545,,2824,8,,,0,230,,2825,9,,,0
2501,'5131',821,,2827,8,,,0,220,,2829,9,,,0,215,,2828,9,,,0,545,,2830,8,,,0,230,,2826,9,,,0
2501,'5135',2030,,2831,8,,,0
1002001,'4480',720,,3611,8,,,0,110,,3612,8,,,0,94,,3613,8,,,0,126,,3614,8,,,0,150,,3615,8,,,0,111,,3616,8,,,0,35,,3617,8,,,0,75,,3618,8,,,0,110,,3619,8,,,0,110,,3620,8,,,0,111,,3621,8,,,0,148,,3622,8,,,0,138,,3623,8,,,0,202,,3624,8,,,0
1002001,'4970',753,,3630,8,,,0,251,,3629,8,,,0,232,,3625,8,,,0,222,,3627,8,,,0,257,,3626,8,,,0,305,,3628,8,,,0
1002001,'5131',717,,3635,8,,,0,113,,3636,8,,,0,110,,3631,8,,,0,111,,3634,8,,,0,103,,3642,8,,,0,157,,3641,8,,,0,110,,3632,8,,,0,104,,3638,8,,,0,116,,3633,8,,,0,109,,3639,8,,,0,164,,3637,8,,,0,103,,3643,8,,,0,220,,3640,8,,,0
