500,'4480',809,,4460,6,0,6 7,0
500,'4663',1523,,5087,6,0,6 7,0,94,,5090,6,,,0,119,,5088,6,,,0,114,,5089,6,,,0
500,'4673',1523,,5091,6,0,6 7,0,94,,5093,6,,,0,119,,5092,6,,,0
500,'5302',852,,2215,6,,,0,150,,4458,6,,,0,112,,4456,6,,,0,100,,4457,6,,,0,130,,4459,6,,,0,104,,2214,6,,,0,156,,2221,6,,,0,110,,2220,6,,,0,110,,2222,6,,,0,110,,2218,6,,,0,110,,2216,6,0,8,0
500,'5303',617,,2193,6,,,0,86,,2192,6,,,0,112,,2196,6,,,0,110,,2187,6,,,0,110,,2191,6,,,0,101,,2189,6,,,0,99,,2190,6,,,0,168,,4462,6,,,0,99,,4461,6,,,0,21,,4471,6,0,6 7,0,94,,4473,6,,,0,119,,4472,6,,,0,114,,2201,6,,,0,155,,2195,6,,,0,108,,4463,6,,,0,109,,2197,6,,,0,89,,2199,6,,,0,94,,4464,6,0,8,0
500,'5304',617,,5100,6,,,0,86,,5099,6,,,0,112,,5103,6,,,0,110,,5094,6,,,0,110,,5098,6,,,0,101,,5096,6,,,0,99,,5097,6,,,0,168,,5101,6,,,0,99,,5095,6,,,0,503,,5102,6,,,0,108,,5105,6,,,0,109,,5104,6,,,0,89,,5106,6,,,0,94,,5107,6,0,8,0
500,'5305',1850,,5108,6,,,0
500,'5306',805,,5109,6,,,0,196,,5110,6,,,0,110,,5111,6,,,0,116,,5112,6,,,0,117,,5113,6,,,0,109,,5114,6,,,0,150,,5115,6,,,0,109,,5116,6,,,0,112,,5117,6,,,0,109,,5118,6,,,0,105,,5119,6,,,0,107,,5120,6,,,0,109,,5121,6,,,0,150,,5122,6,0,8,0
500,'5307',852,,5126,6,,,0,150,,5128,6,,,0,112,,5123,6,,,0,100,,5124,6,,,0,130,,5130,6,,,0,104,,5125,6,,,0,156,,5132,6,,,0,110,,5131,6,,,0,110,,5133,6,,,0,110,,5129,6,,,0,110,,5127,6,0,8,0
500,'5308',1523,,5134,6,0,6 7,0,94,,5136,6,,,0,119,,5135,6,,,0
