2001,'4327',911,,2784,13,,,0,227,,2786,13,,,0,693,,2788,13,,,0
2001,'4332',1009,,2799,13,,,0,105,,4660,13,,,0,492,,2797,13,,,0,214,,2790,13,,,0,324,,2794,13,0,9 10 11,0
2001,'4480',736,,4659,13,0,9 10 11,0,72,,2777,13,0,9 10 11,0,104,,2766,13,,,0,109,,4653,13,,,0,110,,4654,13,,,0,111,,4655,13,,,0,370,,2771,13,,,0,110,,2772,13,,,0
2001,'4663',1827,,5473,13,0,9 10 11,0,319,,5474,13,0,9 10 11,0
2001,'4673',1827,,5475,13,0,9 10 11,0,319,,5476,13,0,9 10 11,0
2001,'5302',1357,,2785,13,,,0,249,,2787,13,,,0
2001,'5303',650,,4658,13,,,0,852,,4656,13,0,9 10 11,0,325,,2782,13,0,9 10 11,0,114,,4657,13,,,0,205,,2783,13,0,9 10 11,0,198,,2774,13,0,9 10 11,0
2001,'5304',650,,5480,13,,,0,852,,5477,13,0,9 10 11,0,439,,5478,13,,,0,403,,5479,13,0,9 10 11,0
2001,'5306',921,,5485,13,,,0,321,,5481,13,,,0,115,,5486,13,,,0,102,,5483,13,,,0,250,,5484,13,,,0,634,,5482,13,0,9 10 11,0
2001,'5307',1357,,5487,13,,,0,249,,5488,13,,,0
2001,'5308',1827,,5489,13,0,9 10 11,0,319,,5490,13,0,9 10 11,0
2501,'4327',1052,,4668,14,,,0,255,,2823,14,,,0
2501,'4332',832,,4673,13,,,0,980,,4675,13,,,0
2501,'4480',835,,2815,13,,,0,216,,2816,14,,,0,257,,4669,13,,,0,135,,4670,14,,,0
2501,'4673',2040,,4671,13,,,0
2501,'5241',2040,,4672,13,,,0
2501,'5302',832,,4667,13,,,0,980,,2824,13,,,0,230,,2825,14,,,0
2501,'5303',1815,,2819,14,,,0
2501,'5304',1815,,5499,14,,,0
2501,'5306',1052,,5502,14,,,0,255,,5501,14,,,0,735,,5500,14,,,0
2501,'5307',832,,5503,13,,,0,980,,5504,13,,,0,230,,5505,14,,,0
1002001,'4327',758,,3630,13,,,0,484,,5002,13,,,0,262,,5003,13,,,0,217,,3626,13,,,0
1002001,'4332',1200,,5016,13,,,0,227,,3632,13,,,0,220,,3633,13,,,0,273,,5013,13,,,0,322,,5015,13,,,0
1002001,'4480',725,,5004,13,,,0,111,,5005,13,,,0,94,,5006,13,,,0,387,,3616,13,,,0,110,,5008,13,,,0,220,,5009,13,,,0,259,,3622,13,,,0,138,,5011,13,,,0,201,,3624,13,,,0
1002001,'5302',1010,,3629,13,,,0,1016,,3628,13,,,0
1002001,'5303',1056,,3614,13,,,0,150,,5007,13,,,0,146,,3617,13,,,0,185,,3619,13,,,0,221,,5010,13,,,0
1002001,'5304',1056,,5738,13,,,0,150,,5739,13,,,0,146,,5740,13,,,0,185,,5741,13,,,0,221,,5742,13,,,0
1002001,'5306',722,,5745,13,,,0,113,,5746,13,,,0,111,,5743,13,,,0,111,,5744,13,,,0,260,,5749,13,,,0,214,,5747,13,,,0,225,,5748,13,,,0,267,,5750,13,,,0
1002001,'5307',1010,,5752,13,,,0,1016,,5751,13,,,0
