2000,'4327',836,,2749,35,,,0,219,,2752,35,,,0,259,,2751,35,,,0,221,,2753,35,,,0,265,,2750,35,,,0
2000,'4332',829,,2763,35,,,0,112,,2762,35,,,0,101,,2764,35,,,0,158,,2754,35,,,0,108,,2755,35,,,0,112,,3968,35,,,0,111,,2758,35,,,0,110,,3967,35,,,0,103,,3969,35,,,0,213,,2759,52,,,0,257,,2765,52,,,0,102,,2761,52,,,0
2000,'4480',623,,3977,52,,,0,110,,2747,52,,,0,107,,3978,52,,,0,66,,3970,35,,,0,110,,2735,35,,,0,110,,3971,35,,,0,117,,3972,52,,,0,103,,3973,35,,,0,78,,2739,35,,,0,110,,3974,35,,,0,74,,3975,52,,,0,119,,2742,52,,,0,104,,2743,35,,,0,187,,2744,52,,,0,201,,3976,52,,,0
2500,'4327',759,,3989,17,0,5,0,250,,3990,17,,,0,215,,2807,17,,,0,515,,2808,17,0,5,0,220,,2809,17,,,0
2500,'4332',759,,3992,17,0,5,0,250,,3994,17,,,0,215,,3993,17,,,0,515,,3995,17,0,5,0,220,,3991,17,,,0
2500,'4480',802,,2800,17,0,5,0,207,,2801,17,,,0,226,,2802,17,0,5,0,165,,3996,17,,,0,333,,2804,17,,,0
1002000,'4327',731,,4340,58,,,0,219,,3594,58,,,0,250,,3593,58,,,0,233,,3598,58,,,0,217,,3595,58,,,0,277,,3596,58,,,0
1002000,'4332',655,,4344,58,,,0,152,,3605,58,,,0,110,,3600,58,,,0,108,,3607,58,,,0,115,,3608,58,,,0,106,,3606,58,,,0,101,,4342,58,,,0,112,,3609,58,,,0,157,,4343,58,,,0,110,,4345,58,,,0,125,,3603,58,,,0,263,,4341,58,,,0
1002000,'4480',647,,3578,41,,,0,109,,4346,41,,,0,144,,4347,58,,,0,40,,4348,41,,,0,111,,3582,41,,,0,150,,3583,41,,,0,110,,4349,41,,,0,193,,3585,58,,,0,137,,3586,41,,,0,113,,3587,41,,,0,152,,3588,41,,,0,413,,3589,58,,,0
1002000,'4663',2119,,3590,58,,,0
1002000,'4673',2119,,3591,58,,,0
1002000,'4681',2119,,3592,58,,,0
