9200,'4663',1355,,5709,1,,,0,2,,5710,1,,,0
9200,'4673',1515,,4987,1,,,0,2,,4986,1,,,0
9200,'5303',1415,,4988,1,,,0,2,,3500,1,,,0
9200,'5308',1415,,5711,1,,,0,2,,5712,1,,,0
1002000,'4327',917,,3594,11,,,0,440,,3598,11,,,0,497,,3596,11,,,0
1002000,'4332',952,,3607,11,,,0,260,,3606,11,,,0,212,,3609,11,,,0,393,,3603,11,,,0
1002000,'4480',731,,4996,11,,,0,91,,4997,11,,,0,94,,4998,11,,,0,698,,3586,11,,,0,113,,3587,11,,,0,113,,3588,11,,,0,406,,3589,11,,,0
1002000,'4663',2046,,5719,11,,,0
1002000,'4673',2046,,5720,11,,,0
1002000,'5302',659,,4995,11,,,0,467,,3593,11,,,0,488,,3595,11,,,0
1002000,'5303',624,,3578,11,,,0,402,,3582,11,,,0,109,,3583,11,,,0,110,,4999,11,,,0,178,,3585,11,,,0,623,,3592,11,,,0
1002000,'5304',624,,5721,11,,,0,402,,5722,11,,,0,109,,5723,11,,,0,110,,5724,11,,,0,178,,5725,11,,,0
1002000,'5306',623,,5730,11,,,0,112,,5731,11,,,0,110,,5727,11,,,0,261,,5732,11,,,0,206,,5728,11,,,0,230,,5729,11,,,0,110,,5733,11,,,0,390,,5726,11,,,0
1002000,'5307',659,,5736,11,,,0,467,,5734,11,,,0,488,,5735,11,,,0
1002000,'5308',2046,,5737,11,,,0
