700,'4327',731,,2403,9,,,0,109,,4524,9,,,0,265,,2404,9,,,0,111,,4523,9,,,0,106,,2401,9,,,0,221,,2399,9,,,0,257,,2406,9,,,0,215,,2398,9,,,0
700,'4332',840,,4542,9,,,0,110,,2420,9,,,0,151,,4538,9,,,0,437,,4540,9,,,0,120,,4541,9,,,0,697,,2424,9,,,0
700,'4480',625,,4528,9,,,0,84,,4533,9,,,0,46,,4529,9,,,0,187,,4527,9,,,0,115,,4532,9,,,0,158,,4525,9,,,0,115,,4526,9,,,0,115,,2384,9,,,0,105,,2385,9,,,0,278,,2382,9,,,0,115,,4531,9,,,0,115,,4534,9,,,0,151,,2389,9,,,0,192,,2375,9,,,0
700,'4663',1754,,5275,9,,,0
700,'4673',1639,,4536,9,,,0,115,,5276,9,,,0
700,'5241',1639,,4537,9,,,0
700,'5302',1001,,2408,9,,,0,430,,2405,9,,,0,223,,2407,9,,,0,256,,2400,9,,,0
700,'5303',726,,2393,9,,,0,103,,2377,9,,,0,885,,4530,9,,,0,40,,2397,9,,,0,154,,2392,9,,,0,420,,4535,9,,,0
700,'5304',726,,5281,9,,,0,103,,5277,9,,,0,885,,5278,9,,,0,194,,5280,9,,,0,420,,5279,9,,,0
700,'5306',730,,5284,9,,,0,483,,5285,9,,,0,109,,5286,9,,,0,112,,5282,9,,,0,366,,5288,9,,,0,110,,5283,9,,,0,105,,5289,9,,,0,105,,5290,9,,,0,108,,5287,9,,,0
700,'5307',1001,,5294,9,,,0,430,,5292,9,,,0,223,,5293,9,,,0,256,,5291,9,,,0
700,'5308',1754,,5295,9,,,0
