3101,'4327',945,,3019,4,,,0,160,,4725,4,,,0,130,,3020,4,,,0,165,,4724,4,,,0,130,,3026,4,,,0,425,,3024,4,,,0
3101,'4332',731,,3031,4,,,0,375,,3036,4,,,0,330,,3027,4,,,0,100,,3028,4,,,0,100,,3033,4,,,0,200,,4736,4,,,0
3101,'4480',832,,3004,4,,,0,90,,3005,4,,,0,109,,4726,4,,,0,100,,3008,4,,,0,100,,3009,4,,,0,100,,4727,4,,,0,100,,3007,4,,,0,98,,3011,4,,,0,102,,4728,4,,,0,100,,4729,4,,,0
3101,'4663',1936,,5567,4,,,0
3101,'4673',1936,,5568,4,,,0
3101,'5302',820,,3023,4,,,0,830,,3018,4,,,0,166,,3021,4,,,0
3101,'5303',626,,3002,4,,,0,94,,3003,4,,,0,1116,,4730,4,,,0,100,,4733,4,,,0
3101,'5304',626,,5569,4,,,0,94,,5570,4,,,0,1116,,5571,4,,,0
3101,'5306',836,,5575,4,,,0,98,,5576,4,,,0,302,,5572,4,,,0,100,,5574,4,,,0,400,,5573,4,,,0
3101,'5307',820,,5579,4,,,0,830,,5577,4,,,0,166,,5578,4,,,0
3101,'5308',1936,,5580,4,,,0
