500,'4327',903,,2215,18,,,0,110,,4458,18,,,0,112,,4456,18,,,0,100,,4457,18,,,0,130,,4459,18,,,0,104,,2214,18,,,0,156,,2221,18,,,0,110,,2220,18,,,0,110,,2222,18,,,0,110,,2218,18,,,0
500,'4332',817,,3749,18,,,0,196,,3750,18,,,0,110,,3751,18,,,0,116,,3752,18,,,0,266,,3754,18,,,0,218,,3756,18,,,0,112,,3757,18,,,0,321,,3760,18,,,0,149,,3761,18,,,0
500,'4480',629,,2193,18,,,0,86,,2192,18,,,0,116,,2196,18,,,0,106,,2187,18,,,0,110,,2191,18,,,0,101,,2189,18,,,0,99,,2190,18,,,0,168,,4462,18,,,0,99,,4461,18,,,0,502,,2195,18,,,0,108,,4463,18,,,0,109,,2197,18,,,0,89,,2199,18,,,0
500,'4661',1901,,2201,18,,,0
500,'4663',1629,,4467,18,,,0,118,,4466,18,,,0,154,,2204,18,,,0
500,'4673',1629,,4470,18,,,0,118,,4469,18,,,0
500,'4681',1629,,4473,18,,,0,118,,4472,18,,,0
500,'5244',1356,,4474,18,,,0,259,,4475,18,,,0,329,,4476,18,,,0,105,,4477,18,,,0
801,'4327',809,,2542,3,,,0,121,,2540,3,,,0,104,,2544,3,,,0,111,,2543,3,,,0,156,,2545,3,,,0,109,,2546,3,,,0,112,,2539,3,,,0,111,,2537,3,,,0,106,,2538,3,,,0,110,,2548,3,,,0,106,,2547,3,,,0
801,'4332',659,,2550,3,,,0,150,,2551,3,,,0,110,,2552,3,,,0,111,,2553,3,,,0,123,,2561,3,,,0,260,,2554,3,,,0,224,,2556,3,,,0,317,,3899,3,,,0,105,,3900,3,,,0
801,'4480',527,,4582,3,,,0,129,,2521,3,,,0,102,,2524,3,,,0,154,,2530,3,,,0,115,,2520,3,,,0,125,,2529,3,,,0,154,,4579,3,,,0,115,,2522,3,,,0,230,,2525,3,,,0,155,,4580,3,,,0,115,,4581,3,,,0,116,,2526,3,,,0,112,,4583,3,,,0,159,,2533,3,,,0
801,'4663',1526,,2534,3,,,0
801,'4673',1526,,2535,3,,,0
801,'4681',1526,,2536,3,,,0
801,'5244',1301,,4588,3,,,0,216,,4585,3,,,0,222,,4586,3,,,0,110,,4584,3,,,0,359,,4587,3,,,0
