3000,'4327',714,,2869,13,,,0,117,,4678,13,,,0,105,,4677,13,,,0,107,,2872,13,,,0,113,,2863,13,,,0,149,,2865,13,,,0,110,,2871,13,,,0,110,,2866,13,,,0,110,,4676,13,,,0,111,,2864,13,,,0
3000,'4332',754,,2896,13,,,0,77,,4687,13,,,0,72,,2887,13,,,0,33,,4686,13,,,0,184,,2895,13,,,0,35,,2894,13,,,0,149,,2881,13,,,0,35,,2876,13,,,0,75,,4685,13,,,0,35,,2890,13,,,0,79,,4683,13,,,0,107,,2884,13,,,0,110,,2883,13,,,0,299,,2878,13,,,0,104,,4690,13,,,0
3000,'4480',619,,4680,13,,,0,91,,2855,13,,,0,17,,2850,13,,,0,17,,2856,13,,,0,74,,2857,13,,,0,18,,2851,13,,,0,76,,2832,13,,,0,35,,2833,13,,,0,74,,2834,13,,,0,35,,2835,13,,,0,74,,2836,13,,,0,75,,2837,13,,,0,35,,2838,13,,,0,74,,2839,13,,,0,34,,2840,13,,,0,75,,2841,13,,,0,111,,2842,13,,,0,110,,2843,13,,,0,156,,2844,13,,,0,36,,2845,13,,,0,212,,4679,13,,,0,203,,2849,13,,,0
3000,'4663',1459,,5506,13,,,0,265,,5507,13,,,0
3000,'4673',1610,,4681,13,,,0
3000,'5241',1610,,4682,13,,,0
3000,'5302',1857,,2870,13,,,0
3000,'5303',654,,2854,13,,,0,147,,2853,13,,,0,658,,2858,13,,,0,265,,2859,13,,,0,222,,2846,13,,,0,203,,2848,13,,,0
3000,'5304',654,,5511,13,,,0,147,,5510,13,,,0,1145,,5508,13,,,0,203,,5509,13,,,0
3000,'5305',1459,,5512,13,,,0,265,,5513,13,,,0
3000,'5306',649,,5519,13,,,0,364,,5518,13,,,0,32,,5517,13,,,0,184,,5522,13,,,0,371,,5521,13,,,0,114,,5514,13,,,0,107,,5515,13,,,0,111,,5520,13,,,0,315,,5516,13,,,0
3000,'5307',1857,,5523,13,,,0
