600,'4327',707,,3806,11,,,0,110,,2315,11,,,0,110,,2314,11,,,0,110,,2312,11,,,0,111,,2309,11,,,0,109,,2316,11,,,0,150,,2306,11,,,0,111,,2313,11,,,0,111,,2311,11,,,0,111,,2317,11,,,0,107,,2310,11,,,0,111,,2308,11,,,0
600,'4332',707,,2323,11,,,0,110,,2326,11,,,0,109,,2320,11,,,0,110,,2330,11,,,0,108,,2321,11,,,0,159,,2324,11,,,0,105,,3809,11,,,0,112,,2327,11,,,0,108,,3810,11,,,0,116,,2318,11,,,0,104,,3808,11,,,0,109,,3807,11,,,0,150,,3811,11,,,0,110,,3812,11,,,0,100,,2328,11,,,0
600,'4480',631,,3817,11,,,0,88,,2293,11,,,0,28,,2288,11,,,0,73,,2286,11,,,0,85,,2292,11,,,0,113,,2297,11,,,0,119,,3813,11,,,0,122,,2298,11,,,0,157,,3814,11,,,0,94,,2291,11,,,0,23,,2290,11,,,0,268,,2295,11,,,0,112,,3815,11,,,0,114,,3816,11,,,0,113,,2300,11,,,0,111,,3818,11,,,0,91,,2302,11,,,0
600,'4663',1647,,2303,11,,,0
600,'4673',1647,,2304,11,,,0
600,'4681',1647,,2305,11,,,0
801,'4327',813,,2542,9,,,0,121,,2540,9,,,0,104,,2544,9,,,0,111,,2543,9,,,0,156,,2545,9,,,0,109,,2546,9,,,0,112,,2539,9,,,0,111,,2537,9,,,0,106,,2538,9,,,0,110,,2548,9,,,0,106,,2547,9,,,0
801,'4332',703,,2550,9,,,0,110,,2551,9,,,0,110,,2552,9,,,0,111,,2553,9,,,0,123,,2561,9,,,0,148,,3902,9,,,0,112,,2554,9,,,0,104,,3897,9,,,0,120,,2556,9,,,0,102,,3898,9,,,0,110,,3896,9,,,0,105,,3899,9,,,0,145,,3900,9,,,0,109,,3901,9,,,0
801,'4480',531,,3906,9,,,0,169,,2521,9,,,0,102,,2524,9,,,0,114,,2530,9,,,0,115,,2520,9,,,0,125,,2529,9,,,0,154,,3903,9,,,0,115,,2522,9,,,0,230,,2525,9,,,0,155,,3904,9,,,0,115,,3905,9,,,0,116,,2526,9,,,0,111,,3907,9,,,0,159,,2533,9,,,0
801,'4663',1530,,2534,9,,,0
801,'4673',1530,,2535,9,,,0
801,'4681',1530,,2536,9,,,0
