4000,'4528',633,,8346,40,,,0,70,,8347,40,,,0,30,,8348,40,,,0,71,,8349,40,,,0,31,,8350,40,,,0,70,,8325,40,,,0,30,,8326,40,,,0,70,,8327,40,,,0,30,,8328,40,,,0,69,,8329,40,,,0,31,,8330,40,,,0,70,,8331,40,,,0,30,,8332,40,,,0,99,,8333,40,,,0,70,,8334,40,,,0,29,,8336,40,,,0,70,,8335,40,,,0,30,,8337,40,,,0,70,,8338,40,,,0,30,,8339,40,,,0,72,,8340,40,,,0,30,,8341,40,,,0,70,,8342,40,,,0,37,,8343,40,,,0,71,,8344,40,,,0,30,,8345,40,,,0,70,,8321,40,,,0,30,,8322,40,,,0,72,,8320,40,,,0,30,,8323,40,,,0,70,,8319,40,,,0,29,,8324,40,,,0,71,,8318,40,,,0
4000,'4532',714,,8370,40,,,0,32,,8375,40,,,0,74,,8363,40,,,0,37,,8355,40,,,0,73,,8371,40,,,0,74,,8352,40,,,0,37,,8368,40,,,0,73,,8353,40,,,0,35,,8359,40,,,0,75,,8362,40,,,0,76,,8351,40,,,0,35,,8356,40,,,0,75,,8360,40,,,0,35,,8369,40,,,0,75,,8374,40,,,0,37,,8358,40,,,0,72,,8364,40,,,0,75,,8373,40,,,0,39,,8372,40,,,0,71,,8361,40,,,0,36,,8365,40,,,0,74,,8376,40,,,0,35,,8354,40,,,0,76,,8377,40,,,0,75,,8366,40,,,0,104,,8357,40,,,0,99,,8367,40,,,0
4000,'4623',1305,,8378,40,,,0
4000,'5221',740,,8384,40,,,0,117,,8394,40,,,0,147,,8381,40,,,0,35,,8397,40,,,0,72,,8383,40,,,0,45,,8379,40,,,0,68,,8398,40,,,0,35,,8392,40,,,0,75,,8393,40,,,0,75,,8388,40,,,0,35,,8385,40,,,0,73,,8387,40,,,0,37,,8382,40,,,0,75,,8390,40,,,0,75,,8389,40,,,0,35,,8396,40,,,0,75,,8380,40,,,0,35,,8391,40,,,0,74,,8386,40,,,0,35,,8395,40,,,0
4000,'5222',1305,,8399,40,,,0
4001,'4528',631,,8429,11,,,0,102,,8431,11,,,0,71,,8430,11,,,0,34,,8410,11,,,0,69,,8412,11,,,0,30,,8411,11,,,0,70,,8413,11,,,0,30,,8414,11,,,0,70,,8415,11,,,0,102,,8416,11,,,0,30,,8417,11,,,0,70,,8418,11,,,0,30,,8419,11,,,0,70,,8420,11,,,0,30,,8421,11,,,0,70,,8422,11,,,0,30,,8424,11,,,0,70,,8423,11,,,0,30,,8425,11,,,0,70,,8432,11,,,0,30,,8427,11,,,0,69,,8426,11,,,0,30,,8428,11,,,0,77,,8409,11,,,0,30,,8408,11,,,0,69,,8407,11,,,0,29,,8403,11,,,0,70,,8406,11,,,0,31,,8402,11,,,0,69,,8405,11,,,0,30,,8401,11,,,0,70,,8404,11,,,0,30,,8400,11,,,0
4001,'4532',659,,8460,11,,,0,83,,8449,11,,,0,74,,8457,11,,,0,33,,8454,11,,,0,76,,8446,11,,,0,77,,8453,11,,,0,36,,8433,11,,,0,75,,8455,11,,,0,36,,8437,11,,,0,75,,8443,11,,,0,35,,8444,11,,,0,76,,8456,11,,,0,75,,8435,11,,,0,31,,8451,11,,,0,78,,8445,11,,,0,35,,8452,11,,,0,75,,8438,11,,,0,74,,8447,11,,,0,35,,8450,11,,,0,76,,8440,11,,,0,34,,8439,11,,,0,75,,8436,11,,,0,35,,8458,11,,,0,74,,8441,11,,,0,75,,8459,11,,,0,35,,8448,11,,,0,100,,8434,11,,,0,101,,8442,11,,,0
4001,'4623',702,,8462,11,,,0,435,,8461,11,,,0
4001,'5221',703,,8482,11,,,0,106,,8470,11,,,0,118,,8477,11,,,0,110,,8479,11,,,0,76,,8472,11,,,0,35,,8466,11,,,0,77,,8463,11,,,0,32,,8464,11,,,0,75,,8480,11,,,0,75,,8467,11,,,0,35,,8475,11,,,0,77,,8471,11,,,0,29,,8474,11,,,0,81,,8465,11,,,0,75,,8478,11,,,0,36,,8476,11,,,0,75,,8481,11,,,0,29,,8468,11,,,0,81,,8469,11,,,0,75,,8473,11,,,0
4001,'5222',702,,8484,11,,,0,435,,8483,11,,,0
