2001,'4332',2158,2,2794,29,,,0
2001,'4480',751,2,4659,29,,,0,73,2,2777,29,,,0
2001,'4663',1841,2,5473,29,,,0,359,42,5474,29,,,0
2001,'4673',1841,2,5475,29,,,0,359,42,5476,29,,,0
2001,'5303',1519,2,4656,29,,,0,322,2,2782,29,,,0,359,42,2783,29,,,0,157,2,2774,29,,,0
2001,'5304',1519,2,5477,29,,,0,838,2,5479,29,,,0
2001,'5306',2357,2,5482,29,,,0
2001,'5308',1841,2,5489,29,,,0,359,42,5490,29,,,0
1002001,'4327',812,2,3630,29,,,0,444,2,5002,29,,,0,262,2,5003,29,,,0,217,2,3626,29,,,0
1002001,'4332',1214,2,5016,29,,,0,227,2,3632,29,,,0,260,42,3633,29,,,0,233,2,5013,29,,,0,322,2,5015,29,,,0
1002001,'4480',945,2,5006,29,,,0,499,2,5008,29,,,0,258,2,5009,29,,,0,356,2,5011,29,,,0,200,2,3624,29,,,0
1002001,'5302',1024,2,3629,29,,,0,1016,2,3628,29,,,0
1002001,'5303',1409,2,3617,29,,,0,144,2,3619,29,,,0
1002001,'5304',1409,2,5740,29,,,0,144,2,5741,29,,,0
1002001,'5306',736,2,5745,29,,,0,113,2,5746,29,,,0,151,42,5743,29,,,0,111,2,5744,29,,,0,220,2,5749,29,,,0,214,2,5747,29,,,0,265,2,5748,29,,,0,227,2,5750,29,,,0
1002001,'5307',1024,2,5752,29,,,0,1016,2,5751,29,,,0
