3000,'4327',738,,2869,41,,,0,117,,4678,41,,,0,146,,4677,41,,,0,108,,2872,41,,,0,114,,2863,41,,,0,110,,2865,41,,,0,110,,2871,41,,,0,109,,2866,41,,,0,150,,4676,41,,,0,110,,2864,41,,,0
3000,'4332',819,,2896,41,,,0,37,,4687,41,,,0,72,,2887,41,,,0,74,,4686,41,,,0,145,,2895,41,,,0,76,,2894,41,,,0,110,,2881,41,,,0,75,,2876,41,,,0,35,,4685,41,,,0,75,,2890,41,,,0,38,,4683,41,,,0,146,,2884,41,,,0,109,,2883,41,,,0,298,,2878,41,,,0,104,,4690,41,,,0
3000,'4480',643,,4680,41,,,0,93,,2855,41,,,0,19,,2850,41,,,0,58,,2856,41,,,0,34,,2857,41,,,0,58,,2851,41,,,0,34,,2832,41,,,0,75,,2833,41,,,0,35,,2834,41,,,0,75,,2835,41,,,0,35,,2836,41,,,0,75,,2837,41,,,0,75,,2838,41,,,0,35,,2839,41,,,0,74,,2840,41,,,0,36,,2841,41,,,0,150,,2842,41,,,0,110,,2843,41,,,0,113,,2844,41,,,0,75,,2845,41,,,0,211,,4679,41,,,0,201,,2849,41,,,0
3000,'4663',1529,,5506,41,,,0,223,,5507,41,,,0
3000,'4673',1639,,4681,41,,,0
3000,'5241',1639,,4682,41,,,0
3000,'5302',1921,,2870,41,,,0
3000,'5303',719,,2854,41,,,0,111,,2853,41,,,0,699,,2858,41,,,0,223,,2859,41,,,0,259,,2846,41,,,0,202,,2848,41,,,0
3000,'5304',719,,5511,41,,,0,111,,5510,41,,,0,1181,,5508,41,,,0,202,,5509,41,,,0
3000,'5305',1529,,5512,41,,,0,223,,5513,41,,,0
3000,'5306',713,,5519,41,,,0,326,,5518,41,,,0,73,,5517,41,,,0,146,,5522,41,,,0,369,,5521,41,,,0,114,,5514,41,,,0,106,,5515,41,,,0,110,,5520,41,,,0,355,,5516,41,,,0
3000,'5307',1921,,5523,41,,,0
