3000,'4327',743,,2869,48,,,0,158,,4678,48,,,0,106,,4677,48,,,0,108,,2872,48,,,0,114,,2863,48,,,0,110,,2865,48,,,0,110,,2871,48,,,0,109,,2866,48,,,0,150,,4676,48,,,0,110,,2864,48,,,0
3000,'4332',825,,2896,48,,,0,77,,4687,48,,,0,32,,2887,48,,,0,74,,4686,48,,,0,145,,2895,48,,,0,76,,2894,48,,,0,110,,2881,48,,,0,75,,2876,48,,,0,35,,4685,48,,,0,75,,2890,48,,,0,78,,4683,48,,,0,106,,2884,48,,,0,109,,2883,48,,,0,298,,2878,48,,,0,103,,4690,48,,,0
3000,'4480',649,,4680,48,,,0,93,,2855,48,,,0,59,,2850,48,,,0,18,,2856,48,,,0,34,,2857,48,,,0,58,,2851,48,,,0,34,,2832,48,,,0,75,,2833,48,,,0,35,,2834,48,,,0,75,,2835,48,,,0,75,,2836,48,,,0,35,,2837,48,,,0,75,,2838,48,,,0,35,,2839,48,,,0,74,,2840,48,,,0,76,,2841,48,,,0,110,,2842,48,,,0,110,,2843,48,,,0,113,,2844,48,,,0,75,,2845,48,,,0,210,,4679,48,,,0,200,,2849,48,,,0
3000,'4663',1535,,5506,48,,,0,223,,5507,48,,,0
3000,'4673',1645,,4681,48,,,0
3000,'5241',1645,,4682,48,,,0
3000,'5302',1927,,2870,48,,,0
3000,'5303',725,,2854,48,,,0,111,,2853,48,,,0,699,,2858,48,,,0,223,,2859,48,,,0,259,,2846,48,,,0,200,,2848,48,,,0
3000,'5304',725,,5511,48,,,0,111,,5510,48,,,0,1181,,5508,48,,,0,200,,5509,48,,,0
3000,'5305',1535,,5512,48,,,0,223,,5513,48,,,0
3000,'5306',718,,5519,48,,,0,327,,5518,48,,,0,73,,5517,48,,,0,186,,5522,48,,,0,329,,5521,48,,,0,114,,5514,48,,,0,106,,5515,48,,,0,150,,5520,48,,,0,314,,5516,48,,,0
3000,'5307',1927,,5523,48,,,0
4000,'4327',734,,4742,35,,,0,224,,4739,35,,,0,192,,4737,35,,,0,178,,4751,35,,,0,110,,4743,35,,,0,110,,4740,35,,,0,75,,4748,35,,,0,35,,4747,35,,,0,75,,4754,35,,,0,75,,4738,35,,,0,35,,4749,35,,,0,74,,4744,35,,,0,35,,4753,35,,,0
4000,'4332',708,,4839,35,,,0,32,,4844,35,,,0,111,,4824,35,,,0,73,,4840,35,,,0,34,,4821,35,,,0,77,,4837,35,,,0,108,,4828,35,,,0,110,,4820,35,,,0,75,,4825,35,,,0,75,,4829,35,,,0,35,,4838,35,,,0,112,,4827,35,,,0,107,,4842,35,,,0,79,,4841,35,,,0,71,,4830,35,,,0,145,,4823,35,,,0,77,,4846,35,,,0,75,,4835,35,,,0
4000,'4480',626,,4804,35,,,0,30,,4805,35,,,0,56,,4812,35,,,0,14,,4806,35,,,0,15,,4807,35,,,0,15,,4808,35,,,0,59,,4810,35,0,6 7,0,12,,4811,35,,,0,15,,4762,35,,,0,15,,4763,35,,,0,55,,4764,35,,,0,15,,4765,35,,,0,15,,4766,35,,,0,16,,4767,35,,,0,55,,4768,35,,,0,30,,4770,35,,,0,14,,4771,35,,,0,55,,4772,35,,,0,31,,4774,35,,,0,15,,4775,35,,,0,55,,4776,35,,,0,30,,4778,35,,,0,15,,4779,35,,,0,55,,4780,35,,,0,14,,4781,35,,,0,14,,4782,35,,,0,15,,4783,35,,,0,55,,4784,35,,,0,14,,4785,35,,,0,15,,4786,35,,,0,15,,4787,35,,,0,55,,4788,35,,,0,15,,4789,35,,,0,30,,4792,35,,,0,70,,4794,35,,,0,15,,4795,35,,,0,88,,4798,35,,,0,15,,4796,35,,,0,72,,4800,35,,,0,20,,4801,35,,,0,20,,4802,35,,,0,353,,4758,35,,,0,30,,4761,35,,,0,71,,4757,35,,,0
4000,'4663',2036,,5581,35,,,0
4000,'4673',1916,,4816,35,,,0,120,,5582,35,,,0,102,,4815,35,,,0
4000,'5241',1916,,4819,35,,,0,222,,4818,35,,,0
4000,'5302',851,,4752,35,,,0,182,,4755,35,,,0,72,,4741,35,,,0,113,,4756,35,,,0,35,,4750,35,,,0,150,,4746,35,,,0,108,,4745,35,,,0
4000,'5303',810,,4809,35,,,0,218,,4769,35,,,0,100,,4773,35,,,0,100,,4777,35,,,0,312,,4790,35,,,0,70,,4793,35,,,0,47,,4797,35,,,0,56,,4791,35,,,0,45,,4799,35,,,0,178,,4803,35,,,0,70,,4760,35,,,0,30,,4817,35,,,0,72,,4759,35,,,0
4000,'5304',810,,5594,35,,,0,218,,5585,35,,,0,100,,5586,35,,,0,100,,5587,35,,,0,312,,5588,35,,,0,70,,5590,35,,,0,47,,5591,35,,,0,56,,5589,35,,,0,45,,5592,35,,,0,178,,5593,35,,,0,70,,5584,35,,,0,102,,5583,35,,,0
4000,'5306',814,,5598,35,,,0,294,,5595,35,,,0,110,,5597,35,,,0,295,,5602,35,,,0,109,,5599,35,,,0,221,,5600,35,,,0,74,,5603,35,,,0,291,,5596,35,,,0,99,,5601,35,,,0
4000,'5307',851,,5608,35,,,0,182,,5609,35,,,0,72,,5604,35,,,0,113,,5610,35,,,0,35,,5607,35,,,0,150,,5606,35,,,0,108,,5605,35,,,0
4000,'5308',2036,,5611,35,,,0
