3001,'4327',822,,2937,31,,,0,11,,2937,42,,,0,371,,2940,31,,,0,11,,2940,42,,,0,208,,2941,31,,,0,12,,2941,42,,,0,208,,2933,31,,,0,11,,2933,42,,,0,203,,4691,31,,,0,50,,4691,42,,,0,105,,2936,31,,,0,10,,2936,42,,,0
3001,'4332',905,,2952,31,,,0,10,,2952,42,,,0,27,,4706,31,,,0,10,,4706,42,,,0,103,,2951,31,,,0,50,,2951,42,,,0,247,,2943,31,,,0,52,,2943,42,,,0,54,,2950,31,,,0,52,,2950,42,,,0,135,,4704,31,,,0,11,,4704,42,,,0,97,,4702,31,,,0,51,,4702,42,,,0,99,,2947,31,,,0,10,,2947,42,,,0,25,,2949,31,,,0,10,,2949,42,,,0,98,,4708,31,,,0,10,,4708,42,,,0
3001,'4480',645,,4698,31,,,0,10,,4698,42,,,0,76,,4697,31,,,0,11,,4697,42,,,0,68,,2922,31,,,0,11,,2922,42,,,0,7,,2924,31,,,0,11,,2924,42,,,0,5,,2921,31,,,0,11,,2921,42,,,0,47,,2925,31,,,0,10,,2925,42,,,0,41,,2900,31,,,0,51,,2900,42,,,0,24,,2901,31,,,0,11,,2901,42,,,0,64,,2902,31,,,0,11,,2902,42,,,0,24,,2903,31,,,0,11,,2903,42,,,0,65,,2904,31,,,0,11,,2904,42,,,0,24,,2906,31,,,0,51,,2906,42,,,0,24,,2907,31,,,0,11,,2907,42,,,0,65,,2908,31,,,0,11,,2908,42,,,0,24,,4695,31,,,0,11,,4695,42,,,0,65,,2909,31,,,0,11,,2909,42,,,0,26,,2910,31,,,0,11,,2910,42,,,0,97,,2911,31,,,0,51,,2911,42,,,0,97,,2913,31,,,0,11,,2913,42,,,0,98,,2915,31,,,0,10,,2915,42,,,0,25,,2917,31,,,0,10,,2917,42,,,0,396,,2919,31,,,0,49,,2919,42,,,0
3001,'4663',1622,,5524,31,,,0,11,,5524,42,,,0,524,,5525,31,,,0,49,,5525,42,,,0
3001,'4673',2157,,5526,31,,,0,49,,5526,42,,,0
3001,'5302',943,,4692,31,,,0,11,,4692,42,,,0,99,,2931,31,,,0,51,,2931,42,,,0,209,,4693,31,,,0,12,,4693,42,,,0,210,,4694,31,,,0,12,,4694,42,,,0,207,,2935,31,,,0,50,,2935,42,,,0
3001,'5303',919,,2899,31,,,0,10,,2899,42,,,0,693,,2926,31,,,0,11,,2926,42,,,0,97,,2912,31,,,0,11,,2912,42,,,0,97,,2914,31,,,0,11,,2914,42,,,0,207,,2918,31,,,0,50,,2918,42,,,0,51,,4701,31,,,0,49,,4701,42,,,0,48,,4696,31,,,0,49,,4696,42,,,0
3001,'5304',919,,5527,31,,,0,10,,5527,42,,,0,801,,5528,31,,,0,11,,5528,42,,,0,97,,5529,31,,,0,11,,5529,42,,,0,207,,5531,31,,,0,50,,5531,42,,,0,148,,5530,31,,,0,49,,5530,42,,,0
3001,'5305',1622,,5532,31,,,0,11,,5532,42,,,0
3001,'5306',757,,5541,31,,,0,50,,5541,42,,,0,211,,5537,31,,,0,10,,5537,42,,,0,102,,5538,31,,,0,10,,5538,42,,,0,65,,5534,31,,,0,12,,5534,42,,,0,24,,5543,31,,,0,12,,5543,42,,,0,63,,5544,31,,,0,12,,5544,42,,,0,99,,5535,31,,,0,12,,5535,42,,,0,96,,5540,31,,,0,12,,5540,42,,,0,63,,5539,31,,,0,12,,5539,42,,,0,96,,5546,31,,,0,11,,5546,42,,,0,99,,5545,31,,,0,11,,5545,42,,,0,316,,5533,31,,,0,50,,5533,42,,,0,50,,5542,31,,,0,50,,5542,42,,,0,51,,5536,31,,,0,50,,5536,42,,,0
3001,'5307',943,,5548,31,,,0,11,,5548,42,,,0,99,,5547,31,,,0,51,,5547,42,,,0,209,,5550,31,,,0,12,,5550,42,,,0,210,,5551,31,,,0,12,,5551,42,,,0,207,,5549,31,,,0,50,,5549,42,,,0
3001,'5308',2157,,5552,31,,,0,49,,5552,42,,,0
