4000,'4327',714,,4742,12,,,0,223,,4739,12,,,0,192,,4737,12,,,0,177,,4751,12,,,0,110,,4743,12,,,0,110,,4740,12,,,0,75,,4748,12,,,0,35,,4747,12,,,0,75,,4754,12,,,0,35,,4738,12,,,0,75,,4749,12,,,0,35,,4744,12,,,0,75,,4753,12,,,0
4000,'4332',648,,4839,12,,,0,71,,4844,12,,,0,111,,4824,12,,,0,72,,4840,12,,,0,34,,4821,12,,,0,77,,4837,12,,,0,107,,4828,12,,,0,110,,4820,12,,,0,75,,4825,12,,,0,35,,4829,12,,,0,75,,4838,12,,,0,113,,4827,12,,,0,107,,4842,12,,,0,79,,4841,12,,,0,31,,4830,12,,,0,186,,4823,12,,,0,77,,4846,12,,,0,35,,4835,12,,,0
4000,'4480',607,,4804,12,,,0,29,,4805,12,,,0,15,,4812,12,,,0,53,,4806,12,,,0,15,,4807,12,,,0,14,,4808,12,,,0,16,,4810,12,0,6 7,0,52,,4811,12,,,0,17,,4762,12,,,0,15,,4763,12,,,0,16,,4764,12,,,0,55,,4765,12,,,0,15,,4766,12,,,0,17,,4767,12,,,0,15,,4768,12,,,0,70,,4770,12,,,0,13,,4771,12,,,0,14,,4772,12,,,0,71,,4774,12,,,0,15,,4775,12,,,0,14,,4776,12,,,0,70,,4778,12,,,0,15,,4779,12,,,0,15,,4780,12,,,0,54,,4781,12,,,0,14,,4782,12,,,0,15,,4783,12,,,0,15,,4784,12,,,0,54,,4785,12,,,0,15,,4786,12,,,0,14,,4787,12,,,0,16,,4788,12,,,0,55,,4789,12,,,0,29,,4792,12,,,0,72,,4794,12,,,0,13,,4795,12,,,0,90,,4798,12,,,0,16,,4796,12,,,0,32,,4800,12,,,0,60,,4801,12,,,0,20,,4802,12,,,0,317,,4758,12,,,0,70,,4761,12,,,0,31,,4757,12,,,0
4000,'4663',2016,,5581,12,,,0
4000,'4673',1854,,4816,12,,,0,162,,5582,12,,,0,102,,4815,12,,,0
4000,'5241',1854,,4819,12,,,0,264,,4818,12,,,0
4000,'5302',831,,4752,12,,,0,181,,4755,12,,,0,32,,4741,12,,,0,113,,4756,12,,,0,75,,4750,12,,,0,109,,4746,12,,,0,108,,4745,12,,,0
4000,'5303',745,,4809,12,,,0,261,,4769,12,,,0,98,,4773,12,,,0,99,,4777,12,,,0,311,,4790,12,,,0,32,,4793,12,,,0,85,,4797,12,,,0,16,,4791,12,,,0,88,,4799,12,,,0,179,,4803,12,,,0,31,,4760,12,,,0,71,,4817,12,,,0,32,,4759,12,,,0
4000,'5304',745,,5594,12,,,0,261,,5585,12,,,0,98,,5586,12,,,0,99,,5587,12,,,0,311,,5588,12,,,0,32,,5590,12,,,0,85,,5591,12,,,0,16,,5589,12,,,0,88,,5592,12,,,0,179,,5593,12,,,0,31,,5584,12,,,0,103,,5583,12,,,0
4000,'5306',753,,5598,12,,,0,292,,5595,12,,,0,110,,5597,12,,,0,295,,5602,12,,,0,150,,5599,12,,,0,221,,5600,12,,,0,35,,5603,12,,,0,291,,5596,12,,,0,99,,5601,12,,,0
4000,'5307',831,,5608,12,,,0,181,,5609,12,,,0,32,,5604,12,,,0,113,,5610,12,,,0,75,,5607,12,,,0,109,,5606,12,,,0,108,,5605,12,,,0
4000,'5308',2016,,5611,12,,,0
