3101,'4327',947,,3019,7,,,0,160,,4725,7,,,0,130,,3020,7,,,0,165,,4724,7,,,0,130,,3026,7,,,0,425,,3024,7,,,0
3101,'4332',733,,3031,7,,,0,375,,3036,7,,,0,330,,3027,7,,,0,100,,3028,7,,,0,100,,3033,7,,,0,200,,4736,7,,,0
3101,'4480',834,,3004,7,,,0,90,,3005,7,,,0,109,,4726,7,,,0,100,,3008,7,,,0,100,,3009,7,,,0,100,,4727,7,,,0,100,,3007,7,,,0,98,,3011,7,,,0,102,,4728,7,,,0,100,,4729,7,,,0
3101,'4663',1938,,5567,7,,,0
3101,'4673',1938,,5568,7,,,0
3101,'5302',822,,3023,7,,,0,830,,3018,7,,,0,166,,3021,7,,,0
3101,'5303',628,,3002,7,,,0,94,,3003,7,,,0,1116,,4730,7,,,0,100,,4733,7,,,0
3101,'5304',628,,5569,7,,,0,94,,5570,7,,,0,1116,,5571,7,,,0
3101,'5306',838,,5575,7,,,0,98,,5576,7,,,0,302,,5572,7,,,0,100,,5574,7,,,0,400,,5573,7,,,0
3101,'5307',822,,5579,7,,,0,830,,5577,7,,,0,166,,5578,7,,,0
3101,'5308',1938,,5580,7,,,0
