701,'4327',725,,2454,16,,,0,109,,3860,16,,,0,121,,2459,16,,,0,104,,2455,16,,,0,151,,3859,16,,,0,106,,2452,16,,,0,109,,2456,16,,,0,112,,2450,16,,,0,111,,2458,16,,,0,106,,2457,16,,,0,150,,2451,16,,,0,105,,2449,16,,,0
701,'4332',724,,2466,16,,,0,110,,3866,16,,,0,110,,2471,16,,,0,111,,3861,16,,,0,152,,3867,16,,,0,109,,3868,16,,,0,112,,3862,16,,,0,104,,3864,16,,,0,120,,3865,16,,,0,102,,2472,16,,,0,150,,3863,16,,,0,105,,3869,16,,,0,105,,3870,16,,,0,108,,2470,16,,,0,127,,2475,16,,,0
701,'4480',718,,2444,16,,,0,104,,2428,16,,,0,615,,2435,16,,,0,105,,2429,16,,,0,280,,2438,16,,,0,80,,2443,16,,,0,301,,2441,16,,,0,152,,2426,16,,,0
701,'4663',1748,,2445,16,,,0
701,'4673',1748,,2447,16,,,0
701,'4681',1748,,2448,16,,,0
701,'5135',1632,,3871,16,,,0
701,'5214',618,,2433,3,,,0,84,,2440,16,,,0,45,,2432,16,,,0,188,,2430,16,,,0,115,,2439,16,,,0,157,,2427,16,,,0,115,,2431,16,,,0,310,,2446,16,,,0,75,,2436,16,,,0,230,,2434,16,,,0,115,,2437,16,,,0,270,,2442,16,,,0
701,'5216',618,,3876,3,,,0,84,,3881,16,,,0,45,,3875,16,,,0,188,,3873,16,,,0,115,,3880,16,,,0,157,,3872,16,,,0,115,,3874,16,,,0,385,,3878,16,,,0,230,,3877,16,,,0,115,,3879,16,,,0,270,,3882,16,,,0
701,'5219',1632,,3883,16,,,0
