700,'4327',745,,2403,23,,,0,110,,4524,23,,,0,266,,2404,23,,,0,111,,4523,23,,,0,106,,2401,23,,,0,221,,2399,23,,,0,256,,2406,23,,,0,215,,2398,23,,,0
700,'4332',855,,4542,23,,,0,151,,2420,23,,,0,111,,4538,23,,,0,437,,4540,23,,,0,160,,4541,23,,,0,695,,2424,23,,,0
700,'4480',641,,4528,23,,,0,85,,4533,23,,,0,87,,4529,23,,,0,187,,4527,23,,,0,115,,4532,23,,,0,115,,4525,23,,,0,115,,4526,23,,,0,155,,2384,23,,,0,105,,2385,23,,,0,236,,2382,23,,,0,115,,4531,23,,,0,155,,4534,23,,,0,111,,2389,23,,,0,192,,2375,23,,,0
700,'4663',1808,,5275,23,,,0
700,'4673',1653,,4536,23,,,0,155,,5276,23,,,0
700,'5241',1653,,4537,23,,,0
700,'5302',1017,,2408,23,,,0,430,,2405,23,,,0,262,,2407,23,,,0,216,,2400,23,,,0
700,'5303',744,,2393,23,,,0,103,,2377,23,,,0,881,,4530,23,,,0,80,,2397,23,,,0,113,,2392,23,,,0,420,,4535,23,,,0
700,'5304',744,,5281,23,,,0,103,,5277,23,,,0,881,,5278,23,,,0,193,,5280,23,,,0,420,,5279,23,,,0
700,'5306',745,,5284,23,,,0,484,,5285,23,,,0,109,,5286,23,,,0,112,,5282,23,,,0,365,,5288,23,,,0,110,,5283,23,,,0,105,,5289,23,,,0,105,,5290,23,,,0,108,,5287,23,,,0
700,'5307',1017,,5294,23,,,0,430,,5292,23,,,0,262,,5293,23,,,0,216,,5291,23,,,0
700,'5308',1808,,5295,23,,,0
