4001,'4327',735,,3226,48,,,0,107,,3214,48,,,0,161,,4191,48,,,0,110,,3223,48,,,0,36,,4188,48,,,0,75,,3210,48,,,0,78,,4185,48,,,0,32,,4186,48,,,0,75,,4193,48,,,0,35,,3211,48,,,0,75,,3219,48,,,0,37,,3215,48,,,0,67,,3218,48,,,0,80,,3209,48,,,0,35,,4192,48,,,0,75,,4190,48,,,0,33,,4194,48,,,0,69,,3212,48,,,0,40,,4187,48,,,0,75,,4189,48,,,0
4001,'4332',733,,3254,48,,,0,84,,3243,48,,,0,34,,3251,48,,,0,74,,3248,48,,,0,77,,3240,48,,,0,37,,4207,48,,,0,76,,4195,48,,,0,35,,4208,48,,,0,76,,4198,48,,,0,76,,3237,48,,,0,35,,3238,48,,,0,76,,3250,48,,,0,35,,3229,48,,,0,71,,3245,48,,,0,37,,3239,48,,,0,75,,4206,48,,,0,75,,4199,48,,,0,32,,4203,48,,,0,75,,4205,48,,,0,35,,4201,48,,,0,74,,4200,48,,,0,35,,4197,48,,,0,74,,3252,48,,,0,74,,4202,48,,,0,34,,4209,48,,,0,75,,4204,48,,,0,100,,4196,48,,,0,100,,3236,48,,,0
4001,'4480',703,,3199,48,,,0,524,,3172,48,,,0,73,,3174,48,,,0,15,,3175,48,,,0,30,,3177,48,,,0,286,,3188,48,,,0,84,,3191,48,,,0,97,,3196,48,,,0,115,,3158,48,,,0,188,,3151,48,,,0,30,,3155,48,,,0
4001,'5135',2046,,4210,48,,,0
4001,'5214',736,,3200,48,,,0,75,,3204,48,,,0,16,,3201,48,,,0,14,,3202,48,,,0,17,,3203,48,,,0,55,,3159,48,,,0,14,,3162,48,,,0,14,,3163,48,,,0,14,,3164,48,,,0,55,,3160,48,,,0,15,,3161,48,,,0,15,,3165,48,,,0,15,,3166,48,,,0,55,,3167,48,,,0,16,,3168,48,,,0,15,,3169,48,,,0,15,,3170,48,,,0,56,,3171,48,,,0,33,,3173,48,,,0,85,,3176,48,,,0,70,,3178,48,,,0,16,,3179,48,,,0,16,,3180,48,,,0,15,,3181,48,,,0,55,,3182,48,,,0,15,,3183,48,,,0,15,,3184,48,,,0,15,,3185,48,,,0,54,,3186,48,,,0,15,,3187,48,,,0,30,,3189,48,,,0,55,,3190,48,,,0,27,,3192,48,,,0,15,,3205,48,,,0,15,,3195,48,,,0,68,,3193,48,,,0,15,,3194,48,,,0,15,,3197,48,,,0,55,,3198,48,,,0,36,,3157,48,,,0,60,,3152,48,,,0,20,,3156,48,,,0,19,,3206,48,,,0,169,,3150,48,,,0,26,,3154,48,,,0,69,,3149,48,,,0,30,,3153,48,,,0,70,,3148,48,,,0
4001,'5216',736,,4252,48,,,0,75,,4256,48,,,0,16,,4253,48,,,0,14,,4254,48,,,0,17,,4255,48,,,0,55,,4219,48,,,0,14,,4222,48,,,0,14,,4223,48,,,0,14,,4224,48,,,0,55,,4220,48,,,0,15,,4221,48,,,0,15,,4225,48,,,0,15,,4226,48,,,0,55,,4227,48,,,0,16,,4228,48,,,0,15,,4229,48,,,0,15,,4230,48,,,0,56,,4231,48,,,0,33,,4232,48,,,0,85,,4233,48,,,0,70,,4234,48,,,0,16,,4235,48,,,0,16,,4236,48,,,0,15,,4237,48,,,0,55,,4238,48,,,0,15,,4239,48,,,0,15,,4240,48,,,0,15,,4241,48,,,0,54,,4242,48,,,0,15,,4243,48,,,0,30,,4244,48,,,0,55,,4245,48,,,0,27,,4246,48,,,0,15,,4257,48,,,0,15,,4249,48,,,0,68,,4247,48,,,0,15,,4248,48,,,0,15,,4250,48,,,0,55,,4251,48,,,0,36,,4218,48,,,0,60,,4214,48,,,0,20,,4217,48,,,0,188,,4213,48,,,0,26,,4216,48,,,0,69,,4212,48,,,0,30,,4215,48,,,0,70,,4211,48,,,0
4001,'5219',2046,,4258,48,,,0
1002001,'4327',833,,3630,63,,,0,214,,3629,63,,,0,271,,4350,63,,,0,222,,4351,63,,,0,216,,3626,63,,,0,344,,3628,63,,,0
1002001,'4332',756,,4353,63,,,0,154,,4354,63,,,0,112,,3631,63,,,0,111,,4352,63,,,0,103,,4360,63,,,0,117,,4359,63,,,0,150,,3632,63,,,0,104,,4356,63,,,0,115,,3633,63,,,0,109,,4357,63,,,0,124,,4355,63,,,0,102,,4361,63,,,0,259,,4358,63,,,0
1002001,'4480',1118,,3614,46,,,0,221,,3616,46,,,0,97,,3617,63,,,0,182,,3619,63,,,0,309,,3622,46,,,0,392,,3624,63,,,0
1002001,'5214',748,,3611,46,,,0,111,,3612,46,,,0,149,,3613,63,,,0,220,,3615,46,,,0,284,,3618,63,,,0,213,,3620,63,,,0,95,,3621,46,,,0,299,,3623,63,,,0
1002001,'5216',748,,4362,46,,,0,111,,4363,46,,,0,149,,4364,63,,,0,220,,4365,46,,,0,284,,4366,63,,,0,213,,4367,63,,,0,95,,4368,46,,,0,299,,4369,63,,,0
