1501,'4327',1319,,4628,14,,,0,329,,4627,14,,,0
1501,'4480',850,,2698,14,,,0,69,,2699,14,,,0,30,,2700,14,,,0,70,,2697,14,,,0,30,,4634,14,,,0,70,,4635,14,,,0,29,,4636,14,,,0,71,,4637,14,,,0,130,,2705,14,,,0,768,,4639,14,,,0
1501,'4663',2007,,5438,14,,,0
1501,'4673',2007,,5439,14,,,0
1501,'5302',838,,4629,14,,,0,111,,4633,14,,,0,110,,2712,14,,,0,150,,4630,14,,,0,220,,2715,14,,,0,110,,2718,14,,,0,218,,4632,14,,,0,150,,4631,14,,,0
1501,'5303',1322,,2706,14,,,0,535,,4638,14,,,0,150,,2711,14,,,0
1501,'5304',1322,,5440,14,,,0,535,,5441,14,,,0
1501,'5306',804,,5450,14,,,0,145,,5451,14,,,0,102,,5448,14,,,0,158,,5452,14,,,0,112,,5449,14,,,0,109,,5447,14,,,0,110,,5442,14,,,0,109,,5444,14,,,0,151,,5445,14,,,0,107,,5446,14,,,0,112,,5443,14,,,0,107,,5453,14,,,0
1501,'5307',838,,5456,14,,,0,111,,5461,14,,,0,110,,5454,14,,,0,150,,5457,14,,,0,220,,5455,14,,,0,110,,5458,14,,,0,218,,5460,14,,,0,150,,5459,14,,,0
1501,'5308',2007,,5462,14,,,0
3001,'4327',842,,2937,52,,,0,383,,2940,52,,,0,220,,2941,52,,,0,259,,2933,52,,,0,212,,4691,52,,,0,115,,2936,52,,,0
3001,'4332',925,,2952,52,,,0,77,,4706,52,,,0,113,,2951,52,,,0,299,,2943,52,,,0,106,,2950,52,,,0,186,,4704,52,,,0,108,,4702,52,,,0,109,,2947,52,,,0,35,,2949,52,,,0,148,,4708,52,,,0
3001,'4480',704,,4698,52,,,0,48,,4697,52,,,0,79,,2922,52,,,0,18,,2924,52,,,0,56,,2921,52,,,0,17,,2925,52,,,0,92,,2900,52,,,0,35,,2901,52,,,0,75,,2902,52,,,0,35,,2903,52,,,0,76,,2904,52,,,0,75,,2906,52,,,0,35,,2907,52,,,0,77,,2908,52,,,0,36,,4695,52,,,0,76,,2909,52,,,0,76,,2910,52,,,0,107,,2911,52,,,0,108,,2913,52,,,0,108,,2915,52,,,0,75,,2917,52,,,0,403,,2919,52,,,0
3001,'4663',1644,,5524,52,,,0,571,,5525,52,,,0
3001,'4673',2215,,5526,52,,,0
3001,'5302',1004,,4692,52,,,0,110,,2931,52,,,0,221,,4693,52,,,0,222,,4694,52,,,0,257,,2935,52,,,0
3001,'5303',939,,2899,52,,,0,705,,2926,52,,,0,107,,2912,52,,,0,108,,2914,52,,,0,256,,2918,52,,,0,100,,4701,52,,,0,96,,4696,52,,,0
3001,'5304',939,,5527,52,,,0,812,,5528,52,,,0,108,,5529,52,,,0,256,,5531,52,,,0,196,,5530,52,,,0
3001,'5305',1644,,5532,52,,,0
3001,'5306',817,,5541,52,,,0,221,,5537,52,,,0,112,,5538,52,,,0,77,,5534,52,,,0,76,,5543,52,,,0,35,,5544,52,,,0,111,,5535,52,,,0,108,,5540,52,,,0,75,,5539,52,,,0,107,,5546,52,,,0,110,,5545,52,,,0,365,,5533,52,,,0,100,,5542,52,,,0,101,,5536,52,,,0
3001,'5307',1004,,5548,52,,,0,110,,5547,52,,,0,221,,5550,52,,,0,222,,5551,52,,,0,257,,5549,52,,,0
3001,'5308',2215,,5552,52,,,0
1001501,'4480',738,,3567,19,,,0,78,,3566,19,,,0,439,,4992,19,,,0,248,,3569,19,,,0,36,,3572,19,,,0,77,,3575,19,,,0,37,,3574,19,,,0,72,,3571,19,,,0,75,,3573,19,,,0
1001501,'4673',1834,,4993,19,,,0
1001501,'5241',1834,,4994,19,,,0
1001501,'5303',1427,,3568,19,,,0
1001501,'5304',1427,,5718,19,,,0
