1500,'4332',749,,5422,8,,,0,110,,5417,8,,,0,150,,5425,8,,,0,108,,5421,8,,,0,119,,5420,8,,,0,105,,5418,8,,,0,110,,5423,8,,,0,150,,5424,8,,,0,114,,5415,8,,,0,106,,5416,8,,,0,110,,5419,8,,,0,107,,5426,8,,,0
1500,'4480',910,,2659,8,,,0,30,,2658,8,,,0,70,,2660,8,,,0,30,,4620,8,,,0,69,,4619,8,,,0,31,,4618,8,,,0,69,,4617,8,,,0,100,,2668,8,,,0,30,,5413,8,,,0,75,,2666,8,,,0,33,,2665,8,,,0,372,,5414,8,,,0,219,,4622,8,,,0
1500,'4661',1928,,5412,8,,,0
1500,'4663',1928,,5411,8,,,0
3000,'4332',645,,5519,9,,,0,105,,2896,9,,,0,77,,4687,9,,,0,32,,2887,9,,,0,73,,4686,9,,,0,77,,5518,9,,,0,32,,5517,9,,,0,75,,2895,9,,,0,35,,2894,9,,,0,74,,5522,9,,,0,34,,2881,9,,,0,75,,2876,9,,,0,75,,4685,9,,,0,35,,2890,9,,,0,79,,4683,9,,,0,32,,5521,9,,,0,75,,2884,9,,,0,80,,5514,9,,,0,31,,2883,9,,,0,76,,5515,9,,,0,111,,5520,9,,,0,112,,2878,9,,,0,104,,4690,9,,,0,99,,5516,9,,,0
3000,'4480',615,,4680,9,,,0,35,,5511,9,,,0,56,,2855,9,,,0,17,,2850,9,,,0,17,,2856,9,,,0,17,,5510,9,,,0,57,,2857,9,,,0,18,,2851,9,,,0,76,,2832,9,,,0,35,,2833,9,,,0,74,,2834,9,,,0,35,,2835,9,,,0,74,,2836,9,,,0,74,,2837,9,,,0,35,,2838,9,,,0,74,,2839,9,,,0,34,,2840,9,,,0,75,,2841,9,,,0,111,,2842,9,,,0,110,,2843,9,,,0,116,,2844,9,,,0,76,,2845,9,,,0,110,,5508,9,,,0,103,,4679,9,,,0,101,,5509,9,,,0,102,,2849,9,,,0
3000,'4661',1454,,5512,9,,,0,151,,4681,9,,,0,114,,5513,9,,,0
3000,'4663',1454,,5506,9,,,0,151,,4682,9,,,0,114,,5507,9,,,0
1001500,'4480',648,,3558,8,,,0,75,,3555,8,,,0,34,,3557,8,,,0,75,,3556,8,,,0,401,,5717,8,,,0,285,,3562,8,,,0,36,,3563,8,,,0,77,,3560,8,,,0,76,,3561,8,,,0
1001500,'4661',1742,,4990,8,,,0
1001500,'4663',1742,,4991,8,,,0
