2001,'4327',920,,2784,25,,,0,227,,2786,25,,,0,259,,2785,25,,,0,209,,2787,25,,,0,224,,2788,25,,,0
2001,'4332',930,,2795,25,,,0,88,,2799,25,,,0,105,,3980,25,,,0,128,,2789,25,,,0,155,,3981,25,,,0,102,,2792,25,,,0,107,,2797,25,,,0,103,,2793,25,,,0,110,,2790,25,,,0,377,,2794,42,,,0,199,,3979,42,,,0
2001,'4480',833,,2777,42,,,0,87,,2766,25,,,0,700,,2771,25,,,0,110,,2772,25,,,0,675,,2774,42,,,0
2001,'4663',1850,,2778,42,,,0,358,,2779,42,,,0
2001,'4673',1850,,2780,42,,,0,358,,2781,42,,,0
2001,'4681',1850,,2782,42,,,0,358,,2783,42,,,0
2001,'5214',658,,2775,25,,,0,143,,2776,42,,,0,228,,2767,25,,,0,110,,2768,25,,,0,111,,2769,25,,,0,280,,2770,42,,,0,419,,2773,25,,,0
2001,'5216',658,,3987,25,,,0,143,,3988,42,,,0,228,,3982,25,,,0,110,,3983,25,,,0,111,,3984,25,,,0,280,,3985,42,,,0,419,,3986,25,,,0
1002001,'4327',819,,3630,42,,,0,213,,3629,42,,,0,272,,4350,42,,,0,222,,4351,42,,,0,217,,3626,42,,,0,304,,3628,42,,,0
1002001,'4332',743,,4353,42,,,0,113,,4354,42,,,0,152,,3631,42,,,0,111,,4352,42,,,0,103,,4360,42,,,0,117,,4359,42,,,0,110,,3632,42,,,0,104,,4356,42,,,0,156,,3633,42,,,0,109,,4357,42,,,0,124,,4355,42,,,0,102,,4361,42,,,0,259,,4358,42,,,0
1002001,'4480',1104,,3614,25,,,0,221,,3616,25,,,0,95,,3617,42,,,0,182,,3619,42,,,0,312,,3622,25,,,0,392,,3624,42,,,0
1002001,'5214',733,,3611,25,,,0,111,,3612,25,,,0,110,,3613,42,,,0,260,,3615,25,,,0,242,,3618,42,,,0,255,,3620,42,,,0,95,,3621,25,,,0,300,,3623,42,,,0
1002001,'5216',733,,4362,25,,,0,111,,4363,25,,,0,110,,4364,42,,,0,260,,4365,25,,,0,242,,4366,42,,,0,255,,4367,42,,,0,95,,4368,25,,,0,300,,4369,42,,,0
