700,'4327',727,,2403,1,,,0,109,,4524,1,,,0,265,,2404,1,,,0,111,,4523,1,,,0,106,,2401,1,,,0,221,,2399,1,,,0,217,,2406,1,,,0,255,,2398,1,,,0
700,'4332',836,,4542,1,,,0,110,,2420,1,,,0,111,,4538,1,,,0,477,,4540,1,,,0,120,,4541,1,,,0,697,,2424,1,,,0
700,'4480',620,,4528,1,,,0,84,,4533,1,,,0,45,,4529,1,,,0,188,,4527,1,,,0,115,,4532,1,,,0,158,,4525,1,,,0,115,,4526,1,,,0,115,,2384,1,,,0,105,,2385,1,,,0,279,,2382,1,,,0,115,,4531,1,,,0,115,,4534,1,,,0,151,,2389,1,,,0,152,,2375,1,,,0
700,'4663',1750,,5275,1,,,0
700,'4673',1635,,4536,1,,,0,115,,5276,1,,,0
700,'5241',1635,,4537,1,,,0
700,'5302',957,,2408,1,,,0,470,,2405,1,,,0,223,,2407,1,,,0,256,,2400,1,,,0
700,'5303',720,,2393,1,,,0,104,,2377,1,,,0,886,,4530,1,,,0,40,,2397,1,,,0,154,,2392,1,,,0,420,,4535,1,,,0
700,'5304',720,,5281,1,,,0,104,,5277,1,,,0,886,,5278,1,,,0,194,,5280,1,,,0,420,,5279,1,,,0
700,'5306',726,,5284,1,,,0,483,,5285,1,,,0,109,,5286,1,,,0,112,,5282,1,,,0,326,,5288,1,,,0,150,,5283,1,,,0,105,,5289,1,,,0,105,,5290,1,,,0,108,,5287,1,,,0
700,'5307',957,,5294,1,,,0,470,,5292,1,,,0,223,,5293,1,,,0,256,,5291,1,,,0
700,'5308',1750,,5295,1,,,0
701,'4327',727,,2454,19,4,,0,109,,4547,19,4,,0,265,,2455,19,4,,0,111,,4546,19,4,,0,106,,2452,19,4,,0,221,,2450,19,4,,0,217,,2457,19,4,,0,255,,2449,19,4,,0
701,'4332',836,,4565,19,4,,0,110,,2471,19,4,,0,111,,4561,19,4,,0,477,,4563,19,4,,0,120,,4564,19,4,,0,697,,2475,19,4,,0
701,'4480',620,,4552,6,4,,0,84,,4557,19,4,,0,45,,4551,19,4,,0,188,,4549,19,4,,0,115,,4556,19,4,,0,158,,4548,19,4,,0,115,,4550,19,4,,0,115,,2435,19,4,,0,105,,2429,19,4,,0,279,,2438,19,4,,0,115,,4553,19,4,,0,115,,4555,19,4,,0,151,,2441,19,4,,0,152,,2426,19,4,,0
701,'4663',1750,,5296,19,4,,0
701,'4673',1635,,4559,19,4,,0,115,,5297,19,4,,0
701,'5241',1635,,4560,19,4,,0
701,'5302',957,,2459,19,4,,0,470,,2456,19,4,,0,223,,2458,19,4,,0,256,,2451,19,4,,0
701,'5303',720,,2444,19,4,,0,104,,2428,19,4,,0,886,,4554,19,4,,0,40,,2448,19,4,,0,154,,2443,19,4,,0,420,,4558,19,4,,0
701,'5304',720,,5302,19,4,,0,104,,5298,19,4,,0,886,,5299,19,4,,0,194,,5301,19,4,,0,420,,5300,19,4,,0
701,'5306',726,,5305,19,4,,0,483,,5306,19,4,,0,109,,5307,19,4,,0,112,,5303,19,4,,0,326,,5309,19,4,,0,150,,5304,19,4,,0,105,,5310,19,4,,0,105,,5311,19,4,,0,108,,5308,19,4,,0
701,'5307',957,,5315,19,4,,0,470,,5313,19,4,,0,223,,5314,19,4,,0,256,,5312,19,4,,0
701,'5308',1750,,5316,19,4,,0
