2001,'4730',710,,812,41,,,0,105,,813,58,,,0,32,,814,58,,,0,87,,838,41,,,0,109,,804,41,,,0,110,,805,41,,,0,151,,806,41,,,0,240,,807,58,,,0,90,,808,41,,,0,109,,809,41,,,0,257,,810,41,,,0,416,,811,58,,,0
2001,'4737',1901,,815,58,,,0,318,,816,58,,,0
2001,'4738',942,,823,41,,,0,88,,827,41,,,0,105,,824,41,,,0,168,,817,41,,,0,115,,826,41,,,0,102,,820,41,,,0,106,,825,41,,,0,103,,821,41,,,0,110,,818,41,,,0,377,,822,58,,,0,197,,819,58,,,0
2001,'4781',932,,828,41,,,0,268,,830,41,,,0,218,,829,41,,,0,208,,831,41,,,0,224,,839,41,,,0
2001,'4783',1901,,832,58,,,0,318,,833,58,,,0
2001,'4784',1901,,834,58,,,0,318,,835,58,,,0
1002001,'4730',744,,1701,41,,,0,111,,1702,41,,,0,150,,1703,58,,,0,110,,1733,41,,,0,110,,1704,41,,,0,111,,1705,41,,,0,96,,1734,58,,,0,76,,1735,58,,,0,106,,1706,58,,,0,108,,1707,58,,,0,95,,1708,41,,,0,107,,1709,41,,,0,192,,1710,58,,,0
1002001,'4738',753,,1713,58,,,0,153,,1714,58,,,0,112,,1711,58,,,0,111,,1738,58,,,0,103,,1720,58,,,0,117,,1719,58,,,0,110,,1737,58,,,0,144,,1716,58,,,0,116,,1712,58,,,0,109,,1717,58,,,0,124,,1715,58,,,0,102,,1721,58,,,0,259,,1718,58,,,0
1002001,'4781',829,,1727,58,,,0,214,,1726,58,,,0,271,,1722,58,,,0,222,,1724,58,,,0,217,,1723,58,,,0,304,,1725,58,,,0
1002001,'4782',2316,,1736,58,,,0
1002001,'4784',2316,,1728,58,,,0
