1500,'4327',1929,,2676,5,,,0
1500,'4480',908,,2659,5,,,0,30,,2658,5,,,0,70,,2660,5,,,0,30,,4620,5,,,0,69,,4619,5,,,0,31,,4618,5,,,0,69,,4617,5,,,0,100,,2668,5,,,0,104,,2666,5,,,0,33,,2665,5,,,0,592,,4622,5,,,0
1500,'4663',1926,,5411,5,,,0
1500,'4673',1926,,5412,5,,,0
1500,'5302',747,,2682,5,,,0,153,,2681,5,,,0,110,,2679,5,,,0,111,,2677,5,,,0,108,,2683,5,,,0,109,,2675,5,,,0,110,,2678,5,,,0,110,,2674,5,,,0,150,,2684,5,,,0,109,,2680,5,,,0
1500,'5303',1337,,2667,5,,,0,479,,4621,5,,,0,110,,2673,5,,,0
1500,'5304',1337,,5413,5,,,0,479,,5414,5,,,0
1500,'5306',747,,5422,5,,,0,110,,5417,5,,,0,150,,5425,5,,,0,107,,5421,5,,,0,119,,5420,5,,,0,105,,5418,5,,,0,110,,5423,5,,,0,110,,5424,5,,,0,154,,5415,5,,,0,106,,5416,5,,,0,111,,5419,5,,,0,107,,5426,5,,,0
1500,'5307',747,,5434,5,,,0,153,,5433,5,,,0,110,,5431,5,,,0,111,,5429,5,,,0,108,,5435,5,,,0,109,,5428,5,,,0,110,,5430,5,,,0,110,,5427,5,,,0,150,,5436,5,,,0,109,,5432,5,,,0
1500,'5308',1926,,5437,5,,,0
3000,'4327',708,,2869,6,,,0,117,,4678,6,,,0,105,,4677,6,,,0,106,,2872,6,,,0,113,,2863,6,,,0,109,,2865,6,,,0,150,,2871,6,,,0,110,,2866,6,,,0,110,,4676,6,,,0,111,,2864,6,,,0
3000,'4332',748,,2896,6,,,0,77,,4687,6,,,0,32,,2887,6,,,0,73,,4686,6,,,0,183,,2895,6,,,0,35,,2894,6,,,0,109,,2881,6,,,0,75,,2876,6,,,0,75,,4685,6,,,0,35,,2890,6,,,0,79,,4683,6,,,0,107,,2884,6,,,0,110,,2883,6,,,0,300,,2878,6,,,0,104,,4690,6,,,0
3000,'4480',613,,4680,6,,,0,91,,2855,6,,,0,16,,2850,6,,,0,17,,2856,6,,,0,74,,2857,6,,,0,18,,2851,6,,,0,76,,2832,6,,,0,35,,2833,6,,,0,74,,2834,6,,,0,35,,2835,6,,,0,74,,2836,6,,,0,35,,2837,6,,,0,75,,2838,6,,,0,74,,2839,6,,,0,34,,2840,6,,,0,74,,2841,6,,,0,111,,2842,6,,,0,110,,2843,6,,,0,116,,2844,6,,,0,77,,2845,6,,,0,212,,4679,6,,,0,204,,2849,6,,,0
3000,'4663',1451,,5506,6,,,0,265,,5507,6,,,0
3000,'4673',1602,,4681,6,,,0
3000,'5241',1602,,4682,6,,,0
3000,'5302',1850,,2870,6,,,0
3000,'5303',648,,2854,6,,,0,106,,2853,6,,,0,697,,2858,6,,,0,265,,2859,6,,,0,223,,2846,6,,,0,204,,2848,6,,,0
3000,'5304',648,,5511,6,,,0,106,,5510,6,,,0,1185,,5508,6,,,0,204,,5509,6,,,0
3000,'5305',1451,,5512,6,,,0,265,,5513,6,,,0
3000,'5306',643,,5519,6,,,0,364,,5518,6,,,0,31,,5517,6,,,0,184,,5522,6,,,0,331,,5521,6,,,0,154,,5514,6,,,0,107,,5515,6,,,0,111,,5520,6,,,0,316,,5516,6,,,0
3000,'5307',1850,,5523,6,,,0
1001500,'4480',645,,3558,5,,,0,75,,3555,5,,,0,35,,3557,5,,,0,75,,3556,5,,,0,685,,3562,5,,,0,36,,3563,5,,,0,77,,3560,5,,,0,76,,3561,5,,,0
1001500,'4673',1739,,4990,5,,,0
1001500,'5241',1739,,4991,5,,,0
1001500,'5303',1231,,4989,5,,,0
1001500,'5304',1231,,5717,5,,,0
