7200,'4327',724,,3339,12,,,0,323,,3333,12,,,0,160,,3332,12,,,0,219,,3335,12,,,0,102,,3336,12,,,0,114,,3337,12,,,0,110,,3338,12,,,0,150,,3330,12,,,0
7200,'4332',705,,3363,12,,,0,95,,3340,12,,,0,48,,3348,12,,,0,109,,4947,12,,,0,150,,4948,12,,,0,110,,4949,12,,,0,110,,3352,12,,,0,110,,3354,12,,,0,84,,3355,12,,,0,26,,3356,12,,,0,188,,3358,12,,,0,72,,4950,12,,,0,35,,4951,12,,,0,108,,4952,12,,,0,156,,4953,12,,,0,102,,3346,12,,,0
7200,'4480',639,,3325,12,,,0,75,,4944,12,,,0,33,,3323,12,,,0,77,,3322,12,,,0,34,,3302,12,,,0,184,,4935,12,,,0,110,,4936,12,,,0,75,,3308,12,,,0,296,,3313,12,,,0,110,,4939,12,,,0,224,,3318,12,,,0,152,,4942,12,,,0,102,,4943,12,,,0,100,,3321,12,,,0
7200,'4661',1745,,3326,12,,,0
7200,'4663',1745,,3327,12,,,0
7200,'4673',2311,,4945,12,,,0
7200,'5241',2311,,4946,12,,,0
7200,'5302',829,,4934,12,,,0,113,,3331,12,,,0,364,,3334,12,,,0
7200,'5303',932,,3303,12,,,0,75,,3304,12,,,0,110,,3306,12,,,0,185,,4937,12,,,0,35,,3310,12,,,0,76,,4938,12,,,0,35,,3312,12,,,0,110,,3314,12,,,0,150,,4940,12,,,0,114,,4941,12,,,0
7200,'5304',932,,5656,12,,,0,75,,5657,12,,,0,110,,5658,12,,,0,185,,5659,12,,,0,35,,5660,12,,,0,76,,5661,12,,,0,35,,5662,12,,,0,110,,5663,12,,,0,150,,5664,12,,,0,114,,5665,12,,,0
7200,'5306',909,,5666,12,,,0,124,,5668,12,,,0,117,,5669,12,,,0,109,,5670,12,,,0,151,,5672,12,,,0,221,,5673,12,,,0,26,,5667,12,,,0,651,,5671,12,,,0
7200,'5307',829,,5674,12,,,0,113,,5675,12,,,0,364,,5676,12,,,0
