7200,'4327',725,,3339,14,,,0,323,,3333,14,,,0,160,,3332,14,,,0,219,,3335,14,,,0,102,,3336,14,,,0,114,,3337,14,,,0,110,,3338,14,,,0,150,,3330,14,,,0
7200,'4332',706,,3363,14,,,0,95,,3340,14,,,0,48,,3348,14,,,0,109,,4947,14,,,0,150,,4948,14,,,0,110,,4949,14,,,0,110,,3352,14,,,0,110,,3354,14,,,0,84,,3355,14,,,0,26,,3356,14,,,0,188,,3358,14,,,0,72,,4950,14,,,0,35,,4951,14,,,0,108,,4952,14,,,0,156,,4953,14,,,0,102,,3346,14,,,0
7200,'4480',640,,3325,14,,,0,75,,4944,14,,,0,33,,3323,14,,,0,77,,3322,14,,,0,34,,3302,14,,,0,184,,4935,14,,,0,110,,4936,14,,,0,75,,3308,14,,,0,297,,3313,14,,,0,109,,4939,14,,,0,224,,3318,14,,,0,152,,4942,14,,,0,102,,4943,14,,,0,100,,3321,14,,,0
7200,'4661',1746,,3326,14,,,0
7200,'4663',1746,,3327,14,,,0
7200,'4673',2312,,4945,14,,,0
7200,'5241',2312,,4946,14,,,0
7200,'5302',830,,4934,14,,,0,113,,3331,14,,,0,364,,3334,14,,,0
7200,'5303',933,,3303,14,,,0,75,,3304,14,,,0,110,,3306,14,,,0,185,,4937,14,,,0,35,,3310,14,,,0,77,,4938,14,,,0,35,,3312,14,,,0,109,,3314,14,,,0,150,,4940,14,,,0,114,,4941,14,,,0
7200,'5304',933,,5656,14,,,0,75,,5657,14,,,0,110,,5658,14,,,0,185,,5659,14,,,0,35,,5660,14,,,0,77,,5661,14,,,0,35,,5662,14,,,0,109,,5663,14,,,0,150,,5664,14,,,0,114,,5665,14,,,0
7200,'5306',910,,5666,14,,,0,124,,5668,14,,,0,117,,5669,14,,,0,149,,5670,14,,,0,111,,5672,14,,,0,221,,5673,14,,,0,26,,5667,14,,,0,651,,5671,14,,,0
7200,'5307',830,,5674,14,,,0,113,,5675,14,,,0,364,,5676,14,,,0
