2001,'4327',920,,2784,26,,,0,228,,2786,26,,,0,691,,2788,26,,,0
2001,'4332',1018,,2799,26,,,0,105,,4660,26,,,0,492,,2797,26,,,0,213,,2790,26,,,0,377,,2794,43,,,0
2001,'4480',801,,4659,43,,,0,33,,2777,43,,,0,87,,2766,26,,,0,109,,4653,26,,,0,110,,4654,26,,,0,111,,4655,26,,,0,370,,2771,26,,,0,110,,2772,26,,,0
2001,'4663',1850,,5473,43,,,0,358,,5474,43,,,0
2001,'4673',1850,,5475,43,,,0,358,,5476,43,,,0
2001,'5302',1406,,2785,26,,,0,209,,2787,26,,,0
2001,'5303',658,,4658,26,,,0,873,,4656,43,,,0,319,,2782,43,,,0,99,,4657,26,,,0,259,,2783,43,,,0,197,,2774,43,,,0
2001,'5304',658,,5480,26,,,0,873,,5477,43,,,0,418,,5478,26,,,0,456,,5479,43,,,0
2001,'5306',930,,5485,26,,,0,321,,5481,26,,,0,155,,5486,26,,,0,102,,5483,26,,,0,210,,5484,26,,,0,686,,5482,43,,,0
2001,'5307',1406,,5487,26,,,0,209,,5488,26,,,0
2001,'5308',1850,,5489,43,,,0,358,,5490,43,,,0
1002001,'4327',819,,3630,43,,,0,485,,5002,43,,,0,222,,5003,43,,,0,217,,3626,43,,,0
1002001,'4332',1222,,5016,43,,,0,227,,3632,43,,,0,260,,3633,43,,,0,233,,5013,43,,,0,361,,5015,43,,,0
1002001,'4480',734,,5004,26,,,0,111,,5005,26,,,0,110,,5006,43,,,0,371,,3616,26,,,0,130,,5008,43,,,0,256,,5009,43,,,0,202,,3622,26,,,0,192,,5011,43,,,0,200,,3624,43,,,0
1002001,'5302',1033,,3629,43,,,0,1014,,3628,43,,,0
1002001,'5303',1105,,3614,26,,,0,110,,5007,26,,,0,205,,3617,43,,,0,183,,3619,43,,,0,204,,5010,26,,,0
1002001,'5304',1105,,5738,26,,,0,110,,5739,26,,,0,205,,5740,43,,,0,183,,5741,43,,,0,204,,5742,26,,,0
1002001,'5306',743,,5745,43,,,0,113,,5746,43,,,0,152,,5743,43,,,0,111,,5744,43,,,0,220,,5749,43,,,0,214,,5747,43,,,0,265,,5748,43,,,0,226,,5750,43,,,0
1002001,'5307',1033,,5752,43,,,0,1014,,5751,43,,,0
