700,'4327',730,,2403,8,,,0,110,,4524,8,,,0,265,,2404,8,,,0,111,,4523,8,,,0,106,,2401,8,,,0,221,,2399,8,,,0,257,,2406,8,,,0,215,,2398,8,,,0
700,'4332',840,,4542,8,,,0,110,,2420,8,,,0,151,,4538,8,,,0,437,,4540,8,,,0,120,,4541,8,,,0,696,,2424,8,,,0
700,'4480',624,,4528,8,,,0,85,,4533,8,,,0,45,,4529,8,,,0,188,,4527,8,,,0,115,,4532,8,,,0,157,,4525,8,,,0,115,,4526,8,,,0,115,,2384,8,,,0,105,,2385,8,,,0,279,,2382,8,,,0,115,,4531,8,,,0,115,,4534,8,,,0,151,,2389,8,,,0,192,,2375,8,,,0
700,'4663',1754,,5275,8,,,0
700,'4673',1639,,4536,8,,,0,115,,5276,8,,,0
700,'5241',1639,,4537,8,,,0
700,'5302',1001,,2408,8,,,0,430,,2405,8,,,0,223,,2407,8,,,0,256,,2400,8,,,0
700,'5303',725,,2393,8,,,0,104,,2377,8,,,0,885,,4530,8,,,0,40,,2397,8,,,0,154,,2392,8,,,0,420,,4535,8,,,0
700,'5304',725,,5281,8,,,0,104,,5277,8,,,0,885,,5278,8,,,0,194,,5280,8,,,0,420,,5279,8,,,0
700,'5306',730,,5284,8,,,0,483,,5285,8,,,0,109,,5286,8,,,0,112,,5282,8,,,0,366,,5288,8,,,0,110,,5283,8,,,0,105,,5289,8,,,0,105,,5290,8,,,0,108,,5287,8,,,0
700,'5307',1001,,5294,8,,,0,430,,5292,8,,,0,223,,5293,8,,,0,256,,5291,8,,,0
700,'5308',1754,,5295,8,,,0
