700,'4327',729,,2403,5,,,0,109,,3835,5,,,0,121,,2408,5,,,0,144,,2404,5,,,0,111,,3834,5,,,0,106,,2401,5,,,0,109,,2405,5,,,0,112,,2399,5,,,0,111,,2407,5,,,0,106,,2406,5,,,0,150,,2400,5,,,0,105,,2398,5,,,0
700,'4332',728,,2415,5,,,0,110,,3841,5,,,0,110,,2420,5,,,0,111,,3836,5,,,0,152,,3842,5,,,0,109,,3843,5,,,0,112,,3837,5,,,0,104,,3839,5,,,0,120,,3840,5,,,0,102,,2421,5,,,0,150,,3838,5,,,0,105,,3844,5,,,0,105,,3845,5,,,0,108,,2419,5,,,0,127,,2424,5,,,0
700,'4480',723,,2393,5,,,0,104,,2377,5,,,0,616,,2384,5,,,0,105,,2385,5,,,0,278,,2382,5,,,0,80,,2392,5,,,0,301,,2389,5,,,0,152,,2375,5,,,0
700,'4663',1752,,2394,5,,,0
700,'4673',1752,,2396,5,,,0
700,'4681',1752,,2397,5,,,0
700,'5135',1637,,3846,5,,,0
700,'5214',623,,2380,5,,,0,84,,2388,5,,,0,45,,2381,5,,,0,188,,2379,5,,,0,115,,2387,5,,,0,158,,2376,5,,,0,115,,2378,5,,,0,309,,2395,5,,,0,75,,2383,5,,,0,229,,2386,5,,,0,115,,2390,5,,,0,270,,2391,5,,,0
700,'5216',623,,3850,5,,,0,84,,3855,5,,,0,45,,3851,5,,,0,188,,3849,5,,,0,115,,3854,5,,,0,158,,3847,5,,,0,115,,3848,5,,,0,384,,3852,5,,,0,229,,3853,5,,,0,115,,3856,5,,,0,270,,3857,5,,,0
700,'5219',1637,,3858,5,,,0
