3001,'4327',820,,2937,28,,,0,382,,2940,28,,,0,219,,2941,28,,,0,220,,2933,28,,,0,214,,4691,28,,,0,155,,2936,28,,,0
3001,'4332',903,,2952,28,,,0,37,,4706,28,,,0,113,,2951,28,,,0,297,,2943,28,,,0,106,,2950,28,,,0,187,,4704,28,,,0,108,,4702,28,,,0,150,,2947,28,,,0,35,,2949,28,,,0,108,,4708,28,,,0
3001,'4480',643,,4698,28,,,0,86,,4697,28,,,0,78,,2922,28,,,0,18,,2924,28,,,0,17,,2921,28,,,0,58,,2925,28,,,0,51,,2900,28,,,0,75,,2901,28,,,0,75,,2902,28,,,0,35,,2903,28,,,0,76,,2904,28,,,0,35,,2906,28,,,0,75,,2907,28,,,0,35,,2908,28,,,0,75,,4695,28,,,0,76,,2909,28,,,0,37,,2910,28,,,0,108,,2911,28,,,0,149,,2913,28,,,0,109,,2915,28,,,0,35,,2917,28,,,0,406,,2919,28,,,0
3001,'4663',1619,,5524,28,,,0,536,,5525,28,,,0
3001,'4673',2155,,5526,28,,,0
3001,'5302',941,,4692,28,,,0,110,,2931,28,,,0,260,,4693,28,,,0,222,,4694,28,,,0,219,,2935,28,,,0
3001,'5303',917,,2899,28,,,0,702,,2926,28,,,0,109,,2912,28,,,0,108,,2914,28,,,0,218,,2918,28,,,0,101,,4701,28,,,0,97,,4696,28,,,0
3001,'5304',917,,5527,28,,,0,811,,5528,28,,,0,108,,5529,28,,,0,218,,5531,28,,,0,198,,5530,28,,,0
3001,'5305',1619,,5532,28,,,0
3001,'5306',755,,5541,28,,,0,261,,5537,28,,,0,112,,5538,28,,,0,75,,5534,28,,,0,36,,5543,28,,,0,75,,5544,28,,,0,111,,5535,28,,,0,108,,5540,28,,,0,75,,5539,28,,,0,108,,5546,28,,,0,110,,5545,28,,,0,327,,5533,28,,,0,100,,5542,28,,,0,101,,5536,28,,,0
3001,'5307',941,,5548,28,,,0,110,,5547,28,,,0,260,,5550,28,,,0,222,,5551,28,,,0,219,,5549,28,,,0
3001,'5308',2155,,5552,28,,,0
