2001,'4327',917,,2784,20,,,0,227,,2786,20,,,0,692,,2788,20,,,0
2001,'4332',1015,,2799,20,,,0,105,,4660,20,,,0,492,,2797,20,,,0,213,,2790,20,,,0,377,,2794,37,,,0
2001,'4480',757,,4659,37,,,0,73,,2777,37,,,0,87,,2766,20,,,0,109,,4653,20,,,0,110,,4654,20,,,0,111,,4655,20,,,0,370,,2771,20,,,0,110,,2772,20,,,0
2001,'4663',1847,,5473,37,,,0,358,,5474,37,,,0
2001,'4673',1847,,5475,37,,,0,358,,5476,37,,,0
2001,'5302',1403,,2785,20,,,0,209,,2787,20,,,0
2001,'5303',655,,4658,20,,,0,872,,4656,37,,,0,320,,2782,37,,,0,99,,4657,20,,,0,259,,2783,37,,,0,197,,2774,37,,,0
2001,'5304',655,,5480,20,,,0,872,,5477,37,,,0,419,,5478,20,,,0,456,,5479,37,,,0
2001,'5306',927,,5485,20,,,0,321,,5481,20,,,0,155,,5486,20,,,0,102,,5483,20,,,0,210,,5484,20,,,0,686,,5482,37,,,0
2001,'5307',1403,,5487,20,,,0,209,,5488,20,,,0
2001,'5308',1847,,5489,37,,,0,358,,5490,37,,,0
1002001,'4327',816,,3630,37,,,0,485,,5002,37,,,0,222,,5003,37,,,0,217,,3626,37,,,0
1002001,'4332',1219,,5016,37,,,0,227,,3632,37,,,0,260,,3633,37,,,0,233,,5013,37,,,0,361,,5015,37,,,0
1002001,'4480',730,,5004,20,,,0,111,,5005,20,,,0,110,,5006,37,,,0,371,,3616,20,,,0,130,,5008,37,,,0,256,,5009,37,,,0,203,,3622,20,,,0,192,,5011,37,,,0,200,,3624,37,,,0
1002001,'5302',1029,,3629,37,,,0,1015,,3628,37,,,0
1002001,'5303',1101,,3614,20,,,0,110,,5007,20,,,0,205,,3617,37,,,0,143,,3619,37,,,0,244,,5010,20,,,0
1002001,'5304',1101,,5738,20,,,0,110,,5739,20,,,0,205,,5740,37,,,0,143,,5741,37,,,0,244,,5742,20,,,0
1002001,'5306',740,,5745,37,,,0,113,,5746,37,,,0,152,,5743,37,,,0,111,,5744,37,,,0,220,,5749,37,,,0,214,,5747,37,,,0,265,,5748,37,,,0,226,,5750,37,,,0
1002001,'5307',1029,,5752,37,,,0,1015,,5751,37,,,0
