601,'4327',813,,4511,20,,,0,110,,4515,20,,,0,110,,2349,20,,,0,110,,4512,20,,,0,110,,2350,20,,,0,150,,2352,20,,,0,110,,2356,20,,,0,110,,4510,20,,,0,110,,4514,20,,,0,110,,4513,20,,,0,110,,2354,20,,,0
601,'4332',738,,2368,20,,,0,185,,3828,20,,,0,102,,2366,20,,,0,118,,2370,20,,,0,261,,2365,20,,,0,219,,2362,20,,,0,111,,3826,20,,,0,109,,2364,20,,,0,112,,2361,20,,,0,147,,2373,20,,,0,200,,2371,20,,,0,45,,2372,20,,,0
601,'4480',703,,2338,20,,,0,42,,2337,20,,,0,72,,2333,20,,,0,83,,2345,20,,,0,115,,2334,20,,,0,125,,2344,20,,,0,113,,2336,20,,,0,155,,2335,20,,,0,115,,2339,20,,,0,116,,2341,20,,,0,115,,4517,20,,,0,157,,4516,20,,,0,116,,2343,20,,,0,112,,4518,20,,,0,119,,2347,20,,,0,90,,4519,20,,,0
601,'5244',1254,,4521,20,,,0,260,,4520,20,,,0,644,,4522,20,,,0
800,'4327',745,,2497,25,,,0,110,,2498,25,,,0,161,,2499,25,,,0,104,,2500,25,,,0,111,,2501,25,,,0,117,,2502,25,,,0,109,,2503,25,,,0,152,,2496,25,,,0,111,,2494,25,,,0,106,,2495,25,,,0,110,,2504,25,,,0,105,,2505,25,,,0
800,'4332',745,,2508,25,,,0,110,,2507,25,,,0,150,,2509,25,,,0,111,,2510,25,,,0,123,,2518,25,,,0,261,,2511,25,,,0,224,,2513,25,,,0,317,,3887,25,,,0,105,,3889,25,,,0
800,'4480',612,,4572,25,,,0,131,,2478,25,,,0,103,,2481,25,,,0,113,,2486,25,,,0,155,,2477,25,,,0,125,,2485,25,,,0,115,,4569,25,,,0,157,,2479,25,,,0,229,,2482,25,,,0,113,,4571,25,,,0,154,,4570,25,,,0,114,,2488,25,,,0,111,,4573,25,,,0,118,,2490,25,,,0
800,'4663',1616,,2491,25,,,0
800,'4673',1616,,2492,25,,,0
800,'4681',1616,,2493,25,,,0
800,'5244',1348,,4578,25,,,0,256,,4575,25,,,0,222,,4576,25,,,0,110,,4574,25,,,0,318,,4577,25,,,0
