4000,'4327',718,,4742,17,,,0,223,,4739,17,,,0,192,,4737,17,,,0,177,,4751,17,,,0,110,,4743,17,,,0,110,,4740,17,,,0,75,,4748,17,,,0,35,,4747,17,,,0,75,,4754,17,,,0,35,,4738,17,,,0,75,,4749,17,,,0,75,,4744,17,,,0,35,,4753,17,,,0
4000,'4332',652,,4839,17,,,0,71,,4844,17,,,0,111,,4824,17,,,0,72,,4840,17,,,0,34,,4821,17,,,0,77,,4837,17,,,0,107,,4828,17,,,0,110,,4820,17,,,0,75,,4825,17,,,0,35,,4829,17,,,0,75,,4838,17,,,0,113,,4827,17,,,0,107,,4842,17,,,0,79,,4841,17,,,0,31,,4830,17,,,0,186,,4823,17,,,0,77,,4846,17,,,0,35,,4835,17,,,0
4000,'4480',611,,4804,17,,,0,29,,4805,17,,,0,15,,4812,17,,,0,53,,4806,17,,,0,15,,4807,17,,,0,14,,4808,17,,,0,17,,4810,17,0,6 7,0,52,,4811,17,,,0,17,,4762,17,,,0,15,,4763,17,,,0,15,,4764,17,,,0,55,,4765,17,,,0,15,,4766,17,,,0,17,,4767,17,,,0,15,,4768,17,,,0,70,,4770,17,,,0,13,,4771,17,,,0,14,,4772,17,,,0,71,,4774,17,,,0,15,,4775,17,,,0,14,,4776,17,,,0,70,,4778,17,,,0,15,,4779,17,,,0,15,,4780,17,,,0,54,,4781,17,,,0,14,,4782,17,,,0,15,,4783,17,,,0,15,,4784,17,,,0,54,,4785,17,,,0,15,,4786,17,,,0,14,,4787,17,,,0,16,,4788,17,,,0,55,,4789,17,,,0,30,,4792,17,,,0,71,,4794,17,,,0,14,,4795,17,,,0,89,,4798,17,,,0,16,,4796,17,,,0,32,,4800,17,,,0,60,,4801,17,,,0,20,,4802,17,,,0,317,,4758,17,,,0,70,,4761,17,,,0,31,,4757,17,,,0
4000,'4663',2020,,5581,17,,,0
4000,'4673',1858,,4816,17,,,0,162,,5582,17,,,0,102,,4815,17,,,0
4000,'5241',1858,,4819,17,,,0,264,,4818,17,,,0
4000,'5302',835,,4752,17,,,0,181,,4755,17,,,0,32,,4741,17,,,0,153,,4756,17,,,0,35,,4750,17,,,0,109,,4746,17,,,0,108,,4745,17,,,0
4000,'5303',749,,4809,17,,,0,261,,4769,17,,,0,98,,4773,17,,,0,99,,4777,17,,,0,312,,4790,17,,,0,31,,4793,17,,,0,86,,4797,17,,,0,16,,4791,17,,,0,87,,4799,17,,,0,179,,4803,17,,,0,31,,4760,17,,,0,71,,4817,17,,,0,32,,4759,17,,,0
4000,'5304',749,,5594,17,,,0,261,,5585,17,,,0,98,,5586,17,,,0,99,,5587,17,,,0,312,,5588,17,,,0,31,,5590,17,,,0,86,,5591,17,,,0,16,,5589,17,,,0,87,,5592,17,,,0,179,,5593,17,,,0,31,,5584,17,,,0,103,,5583,17,,,0
4000,'5306',757,,5598,17,,,0,292,,5595,17,,,0,110,,5597,17,,,0,295,,5602,17,,,0,150,,5599,17,,,0,221,,5600,17,,,0,75,,5603,17,,,0,251,,5596,17,,,0,99,,5601,17,,,0
4000,'5307',835,,5608,17,,,0,181,,5609,17,,,0,32,,5604,17,,,0,153,,5610,17,,,0,35,,5607,17,,,0,109,,5606,17,,,0,108,,5605,17,,,0
4000,'5308',2020,,5611,17,,,0
