4000,'4730',606,,1129,11,,,0,29,,1130,11,,,0,15,,1141,11,,,0,53,,1131,11,,,0,15,,1132,11,,,0,8,,1133,11,0,6 7,0,6,,1134,11,,,0,6,,1135,11,0,6 7,0,6,,1136,11,,,0,4,,1137,11,0,6 7,0,7,,1138,11,0,6 7,0,45,,1139,11,,,0,9,,1140,11,0,6 7,0,8,,1088,11,,,0,15,,1089,11,,,0,16,,1090,11,,,0,55,,1091,11,,,0,15,,1092,11,,,0,17,,1093,11,,,0,15,,1094,11,,,0,55,,1095,11,,,0,15,,1096,11,,,0,13,,1097,11,,,0,14,,1098,11,,,0,56,,1099,11,,,0,15,,1100,11,,,0,29,,1101,11,,,0,55,,1102,11,,,0,15,,1103,11,,,0,15,,1104,11,,,0,15,,1105,11,,,0,54,,1106,11,,,0,14,,1107,11,,,0,15,,1108,11,,,0,15,,1109,11,,,0,14,,1110,11,,,0,55,,1111,11,,,0,14,,1112,11,,,0,16,,1113,11,,,0,15,,1114,11,,,0,54,,1115,11,,,0,15,,1117,11,,,0,17,,1118,11,,,0,55,,1119,11,,,0,13,,1120,11,,,0,17,,1122,11,,,0,16,,1116,11,,,0,57,,1123,11,,,0,16,,1121,11,,,0,15,,1124,11,,,0,17,,1125,11,,,0,80,,1126,11,,,0,22,,1127,11,,,0,60,,1128,11,,,0,31,,1085,11,,,0,71,,1086,11,,,0,32,,1084,11,,,0,101,,1083,11,,,0,70,,1087,11,,,0,31,,1082,11,,,0
4000,'4737',1811,,1142,11,,,0
4000,'4738',647,,1160,11,,,0,71,,1165,11,,,0,34,,1153,11,,,0,77,,1147,11,,,0,72,,1161,11,,,0,34,,1144,11,,,0,77,,1158,11,,,0,32,,1145,11,,,0,75,,1149,11,,,0,35,,1152,11,,,0,75,,1143,11,,,0,110,,1150,11,,,0,75,,1159,11,,,0,35,,1164,11,,,0,110,,1154,11,,,0,75,,1163,11,,,0,79,,1162,11,,,0,31,,1151,11,,,0,76,,1155,11,,,0,35,,1166,11,,,0,75,,1146,11,,,0,77,,1167,11,,,0,35,,1156,11,,,0,104,,1148,11,,,0,99,,1157,11,,,0
4000,'4781',713,,1173,11,,,0,117,,1181,11,,,0,106,,1170,11,,,0,75,,1184,11,,,0,32,,1172,11,,,0,85,,1168,11,,,0,28,,1185,11,,,0,75,,1179,11,,,0,74,,1180,11,,,0,35,,1176,11,,,0,108,,1175,11,,,0,77,,1171,11,,,0,75,,1177,11,,,0,110,,1183,11,,,0,35,,1169,11,,,0,75,,1178,11,,,0,35,,1174,11,,,0,75,,1182,11,,,0
4000,'4783',1811,,1186,11,,,0
4000,'4784',1811,,1188,11,,,0,306,,1187,11,,,0
4000,'5028',1415,,1189,11,,,0,220,,1190,11,,,0
4000,'5029',1133,,1192,11,,,0,984,,1191,11,,,0
4000,'5030',1133,,1193,11,,,0
4000,'5031',2117,,1194,11,,,0
4000,'5032',1304,,1195,11,,,0,223,,1196,11,,,0
4000,'5033',1415,,1197,11,,,0,220,,1198,11,,,0
