2001,'4327',924,,2784,32,,,0,228,,2786,32,,,0,691,,2788,32,,,0
2001,'4332',1022,,2799,32,,,0,105,,4660,32,,,0,492,,2797,32,,,0,213,,2790,32,,,0,377,,2794,49,,,0
2001,'4480',806,,4659,49,,,0,32,,2777,49,,,0,87,,2766,32,,,0,109,,4653,32,,,0,110,,4654,32,,,0,111,,4655,32,,,0,370,,2771,32,,,0,110,,2772,32,,,0
2001,'4663',1854,,5473,49,,,0,358,,5474,49,,,0
2001,'4673',1854,,5475,49,,,0,358,,5476,49,,,0
2001,'5302',1410,,2785,32,,,0,209,,2787,32,,,0
2001,'5303',702,,4658,32,,,0,833,,4656,49,,,0,319,,2782,49,,,0,99,,4657,32,,,0,259,,2783,49,,,0,197,,2774,49,,,0
2001,'5304',702,,5480,32,,,0,833,,5477,49,,,0,418,,5478,32,,,0,456,,5479,49,,,0
2001,'5306',934,,5485,32,,,0,321,,5481,32,,,0,155,,5486,32,,,0,102,,5483,32,,,0,210,,5484,32,,,0,685,,5482,49,,,0
2001,'5307',1410,,5487,32,,,0,209,,5488,32,,,0
2001,'5308',1854,,5489,49,,,0,358,,5490,49,,,0
1002001,'4327',823,,3630,49,,,0,485,,5002,49,,,0,222,,5003,49,,,0,217,,3626,49,,,0
1002001,'4332',1226,,5016,49,,,0,227,,3632,49,,,0,260,,3633,49,,,0,233,,5013,49,,,0,361,,5015,49,,,0
1002001,'4480',738,,5004,32,,,0,111,,5005,32,,,0,110,,5006,49,,,0,371,,3616,32,,,0,171,,5008,49,,,0,215,,5009,49,,,0,202,,3622,32,,,0,192,,5011,49,,,0,200,,3624,49,,,0
1002001,'5302',1037,,3629,49,,,0,1014,,3628,49,,,0
1002001,'5303',1109,,3614,32,,,0,110,,5007,32,,,0,206,,3617,49,,,0,182,,3619,49,,,0,204,,5010,32,,,0
1002001,'5304',1109,,5738,32,,,0,110,,5739,32,,,0,206,,5740,49,,,0,182,,5741,49,,,0,204,,5742,32,,,0
1002001,'5306',747,,5745,49,,,0,153,,5746,49,,,0,112,,5743,49,,,0,111,,5744,49,,,0,220,,5749,49,,,0,214,,5747,49,,,0,265,,5748,49,,,0,226,,5750,49,,,0
1002001,'5307',1037,,5752,49,,,0,1014,,5751,49,,,0
