100,110512,1,0
100,109848,2,0
100,109849,3,0
100,109850,4,0
100,109851,5,0
100,109852,6,0
100,109853,7,0
100,109854,8,0
100,109855,9,0
100,109856,10,0
100,109857,11,0
100,109858,12,0
100,109859,13,0
100,110212,14,0
100,110211,15,0
100,109860,16,0
100,109861,17,0
100,109862,18,0
100,109863,19,0
100,109864,20,0
100,109865,21,0
100,109866,22,0
100,109867,23,0
100,109868,24,0
100,109869,25,0
100,110208,26,0
100,109968,27,0
100,109969,28,0
100,109970,29,0
100,110509,30,1
101,110509,1,0
101,109771,2,0
101,109772,3,0
101,109773,4,0
101,109774,5,0
101,109775,6,0
101,109776,7,0
101,109777,8,0
101,110470,9,0
101,110471,10,0
101,109780,11,0
101,109781,12,0
101,109782,13,0
101,109783,14,0
101,109784,15,0
101,109785,16,0
101,109786,17,0
101,109787,18,0
101,109788,19,0
101,109789,20,0
101,109790,21,0
101,109791,22,0
101,109792,23,0
101,109793,24,0
101,109794,25,0
101,109795,26,0
101,109796,27,0
101,109797,28,0
101,109798,29,0
101,109799,30,0
101,109800,31,0
101,109801,32,0
101,104047,33,0
101,109804,34,0
101,109846,35,0
101,110514,36,1
500,110522,1,0
500,109771,2,0
500,110505,3,0
500,109872,4,0
500,109873,5,0
500,109874,6,0
500,110091,7,0
500,110092,8,0
500,110093,9,0
500,110094,10,0
500,110095,11,0
500,110096,12,0
500,110097,13,0
500,110098,14,0
500,110100,15,0
500,110520,16,0
500,110072,17,0
500,110073,18,0
500,109750,19,0
500,109751,20,0
500,109752,21,0
500,109754,22,0
500,109755,23,0
500,109756,24,0
500,109757,25,0
500,109758,26,0
500,109759,27,0
500,109760,28,0
500,109761,29,0
500,109762,30,0
500,109763,31,0
500,109764,32,0
500,109765,33,0
500,109766,34,0
500,109767,35,0
500,109768,36,0
500,109769,37,0
500,110101,38,0
500,110102,39,0
500,110103,40,0
500,110104,41,0
500,110105,42,0
500,110106,43,0
500,110107,44,0
500,110108,45,0
500,110109,46,0
500,110110,47,0
500,109773,48,0
500,109774,49,0
500,109775,50,0
500,110497,51,0
500,109875,52,1
600,110070,1,0
600,110072,2,0
600,110494,3,0
600,110503,4,0
600,110064,5,0
600,110065,6,0
600,110128,7,0
600,110129,8,0
600,110130,9,0
600,110132,10,0
600,110133,11,0
600,110134,12,0
600,110135,13,0
600,110136,14,0
600,110137,15,0
600,110138,16,0
600,110139,17,0
600,110140,18,0
600,110141,19,0
600,110142,20,0
600,110143,21,0
600,110144,22,0
600,110108,23,0
600,110109,24,0
600,110110,25,0
600,109773,26,0
600,109774,27,0
600,109775,28,0
600,110497,29,0
600,109875,30,0
600,109770,31,1
601,109770,1,0
601,109771,2,0
601,110505,3,0
601,109872,4,0
601,109873,5,0
601,109874,6,0
601,110091,7,0
601,110092,8,0
601,110093,9,0
601,110111,10,0
601,110112,11,0
601,110113,12,0
601,110114,13,0
601,110115,14,0
601,110116,15,0
601,110117,16,0
601,110118,17,0
601,110119,18,0
601,110120,19,0
601,110121,20,0
601,110122,21,0
601,110123,22,0
601,110124,23,0
601,110125,24,0
601,110126,25,0
601,110127,26,0
601,110066,27,0
601,110067,28,0
601,110068,29,0
601,110069,30,0
601,110070,31,1
701,109971,1,0
701,109771,2,0
701,110505,3,0
701,109872,4,0
701,109873,5,0
701,110145,6,0
701,110146,7,0
701,110147,8,0
701,110148,9,0
701,110149,10,0
701,110150,11,0
701,110151,12,0
701,110152,13,0
701,110153,14,0
701,110154,15,0
701,110155,16,0
701,110156,17,0
701,110157,18,0
701,110158,19,0
701,110159,20,0
701,110160,21,0
701,110161,22,0
701,110162,23,0
701,110163,24,0
701,110164,25,0
701,110165,26,0
701,110166,27,0
701,110167,28,0
701,110168,29,0
701,110169,30,0
701,110170,31,0
701,110171,32,0
701,110172,33,0
701,110173,34,0
701,110174,35,0
701,110175,36,0
701,110176,37,0
701,110206,38,0
701,110177,39,0
701,110178,40,0
701,110179,41,0
701,110180,42,0
701,110181,43,0
701,110182,44,0
701,110183,45,0
701,110184,46,0
701,110185,47,0
701,110186,48,0
701,110187,49,0
701,110188,50,0
701,110189,51,0
701,110190,52,0
701,110191,53,0
701,110192,54,0
701,110193,55,0
701,110194,56,0
701,110195,57,0
701,110196,58,0
701,110197,59,0
701,110198,60,0
701,110199,61,0
701,110200,62,0
701,110201,63,0
701,110202,64,0
701,110203,65,0
701,110204,66,0
701,110205,67,0
701,110472,68,0
701,110473,69,0
701,110474,70,0
701,110475,71,0
701,110476,72,0
701,110477,73,0
701,110478,74,0
701,110479,75,0
701,110480,76,0
701,110481,77,0
701,109774,78,0
701,109775,79,0
701,110497,80,0
701,109970,81,1
1100,109925,1,0
1100,109924,2,0
1100,110216,3,0
1100,110217,4,0
1100,110218,5,0
1100,110219,6,0
1100,110220,7,0
1100,110221,8,0
1100,110222,9,0
1100,110224,10,0
1100,110225,11,0
1100,110226,12,0
1100,110228,13,0
1100,110223,14,0
1100,110229,15,0
1100,110230,16,0
1100,110231,17,0
1100,110232,18,0
1100,110233,19,0
1100,110234,20,0
1100,110235,21,0
1100,110236,22,0
1100,110237,23,0
1100,110238,24,0
1100,109827,25,0
1100,109828,26,0
1100,109829,27,0
1100,109929,28,0
1100,109930,29,0
1100,109931,30,0
1100,109919,31,0
1100,109920,32,0
1100,109921,33,0
1100,109830,34,0
1100,109831,35,0
1100,109922,36,0
1100,109923,37,1
1500,109925,1,0
1500,110008,2,0
1500,110009,3,0
1500,110010,4,0
1500,110011,5,0
1500,110012,6,0
1500,110013,7,0
1500,110014,8,0
1500,110015,9,0
1500,110492,10,0
1500,110261,11,0
1500,110262,12,0
1500,110263,13,0
1500,110264,14,0
1500,110265,15,0
1500,110266,16,0
1500,109763,17,0
1500,109764,18,0
1500,109765,19,0
1500,109766,20,0
1500,109767,21,0
1500,109768,22,0
1500,109769,23,0
1500,110071,24,1
1501,110071,1,0
1501,110072,2,0
1501,110073,3,0
1501,109750,4,0
1501,109751,5,0
1501,109752,6,0
1501,109754,7,0
1501,110255,8,0
1501,110256,9,0
1501,110257,10,0
1501,110258,11,0
1501,110259,12,0
1501,110260,13,0
1501,110000,14,0
1501,104035,15,0
1501,110001,16,0
1501,110002,17,0
1501,110003,18,0
1501,110004,19,0
1501,110005,20,0
1501,110006,21,0
1501,110007,22,0
1501,109925,23,1
2000,109926,1,0
2000,109928,2,0
2000,109826,3,0
2000,109827,4,0
2000,109828,5,0
2000,109829,6,0
2000,109929,7,0
2000,109930,8,0
2000,109931,9,0
2000,109919,10,0
2000,109920,11,0
2000,109927,12,0
2000,109932,13,0
2000,109933,14,0
2000,109934,15,0
2000,109935,16,0
2000,109936,17,0
2000,109937,18,0
2000,109938,19,0
2000,109939,20,0
2000,109940,21,0
2000,109941,22,0
2000,109942,23,0
2000,109943,24,0
2000,109944,25,0
2000,109945,26,0
2000,109946,27,0
2000,109947,28,0
2000,109948,29,0
2000,109949,30,0
2000,109950,31,0
2000,109951,32,0
2000,109952,33,0
2000,109953,34,0
2000,109954,35,0
2000,109955,36,0
2000,109956,37,0
2000,109888,38,0
2000,109889,39,0
2000,109890,40,0
2000,109799,41,0
2000,109800,42,0
2000,109801,43,0
2000,104047,44,0
2000,109804,45,0
2000,109846,46,0
2000,110516,47,0
2000,109848,48,0
2000,109849,49,0
2000,109850,50,0
2000,109851,51,0
2000,109891,52,0
2000,109892,53,0
2000,109893,54,0
2000,109957,55,0
2000,109958,56,0
2000,109959,57,0
2000,109960,58,0
2000,109860,59,0
2000,109961,60,0
2000,109962,61,0
2000,109963,62,0
2000,109880,63,0
2000,109964,64,0
2000,109965,65,0
2000,109966,66,0
2000,109967,67,0
2000,109870,68,0
2000,109871,69,0
2000,109968,70,0
2000,109969,71,0
2000,109970,72,0
2000,110510,73,1
2001,110509,1,0
2001,109771,2,0
2001,109772,3,0
2001,109773,4,0
2001,109774,5,0
2001,109775,6,0
2001,109776,7,0
2001,109777,8,0
2001,109778,9,0
2001,109779,10,0
2001,109876,11,0
2001,109877,12,0
2001,109878,13,0
2001,109879,14,0
2001,109880,15,0
2001,109881,16,0
2001,109882,17,0
2001,109883,18,0
2001,109789,19,0
2001,109884,20,0
2001,109885,21,0
2001,109886,22,0
2001,109887,23,0
2001,109888,24,0
2001,109889,25,0
2001,109890,26,0
2001,109799,27,0
2001,109800,28,0
2001,109801,29,0
2001,104047,30,0
2001,109804,31,0
2001,109846,32,0
2001,110515,33,0
2001,109848,34,0
2001,109849,35,0
2001,109850,36,0
2001,109851,37,0
2001,109891,38,0
2001,109892,39,0
2001,109893,40,0
2001,109894,41,0
2001,109895,42,0
2001,109896,43,0
2001,109897,44,0
2001,109898,45,0
2001,109899,46,0
2001,109900,47,0
2001,109901,48,0
2001,109902,49,0
2001,109903,50,0
2001,109904,51,0
2001,109905,52,0
2001,109906,53,0
2001,109907,54,0
2001,109908,55,0
2001,109909,56,0
2001,109910,57,0
2001,109911,58,0
2001,109912,59,0
2001,109913,60,0
2001,109914,61,0
2001,109915,62,0
2001,109916,63,0
2001,109917,64,0
2001,109918,65,0
2001,110504,66,0
2001,109821,67,0
2001,109823,68,0
2001,109824,69,0
2001,109825,70,0
2001,110300,71,0
2001,109921,72,0
2001,109922,73,0
2001,109923,74,0
2001,110518,75,1
2500,109880,1,0
2500,109964,2,0
2500,109965,3,0
2500,109966,4,0
2500,109967,5,0
2500,109870,6,0
2500,109871,7,0
2500,109968,8,0
2500,109969,9,0
2500,109970,10,0
2500,109971,11,0
2500,109771,12,0
2500,110505,13,0
2500,109776,14,0
2500,109777,15,0
2500,109778,16,0
2500,109779,17,0
2500,109876,18,0
2500,109877,19,0
2500,109878,20,0
2500,109879,21,1
3000,110517,1,0
3000,109927,2,0
3000,110008,3,0
3000,110009,4,0
3000,110010,5,0
3000,110011,6,0
3000,110012,7,0
3000,110013,8,0
3000,110014,9,0
3000,110015,10,0
3000,110016,11,0
3000,110017,12,0
3000,110018,13,0
3000,110019,14,0
3000,110020,15,0
3000,110021,16,0
3000,110501,17,0
3000,110489,18,0
3000,110511,19,0
3000,110490,20,0
3000,110053,21,0
3000,110054,22,0
3000,110055,23,0
3000,110056,24,0
3000,110057,25,0
3000,110058,26,0
3000,110059,27,0
3000,110060,28,0
3000,110061,29,0
3000,110062,30,0
3000,109993,31,0
3000,109994,32,0
3000,109995,33,0
3000,110459,34,0
3000,110460,35,0
3000,110461,36,0
3000,110462,37,0
3000,110463,38,0
3000,110464,39,0
3000,110023,40,0
3000,110024,41,0
3000,110025,42,0
3000,110026,43,0
3000,110027,44,0
3000,110028,45,0
3000,110029,46,0
3000,110030,47,0
3000,110031,48,0
3000,110032,49,0
3000,110033,50,0
3000,110034,51,0
3000,110035,52,0
3000,110036,53,0
3000,110037,54,0
3000,110038,55,0
3000,110039,56,0
3000,110040,57,0
3000,110041,58,0
3000,110042,59,0
3000,109968,60,0
3000,109969,61,0
3000,109970,62,0
3000,110521,63,1
3001,110521,1,0
3001,109771,2,0
3001,110505,3,0
3001,109776,4,0
3001,109972,5,0
3001,109973,6,0
3001,109974,7,0
3001,109975,8,0
3001,109976,9,0
3001,109977,10,0
3001,109978,11,0
3001,109979,12,0
3001,109980,13,0
3001,109981,14,0
3001,109982,15,0
3001,109983,16,0
3001,109984,17,0
3001,109985,18,0
3001,109986,19,0
3001,109987,20,0
3001,110043,21,0
3001,110044,22,0
3001,110045,23,0
3001,110046,24,0
3001,110047,25,0
3001,110048,26,0
3001,110049,27,0
3001,110050,28,0
3001,110051,29,0
3001,110052,30,0
3001,110501,31,0
3001,110489,32,0
3001,109988,33,0
3001,109989,34,0
3001,109990,35,0
3001,109991,36,0
3001,110081,37,0
3001,110082,38,0
3001,110083,39,0
3001,110084,40,0
3001,110085,41,0
3001,110086,42,0
3001,109996,43,0
3001,109997,44,0
3001,110087,45,0
3001,110088,46,0
3001,110089,47,0
3001,110513,48,0
3001,110490,49,0
3001,109993,50,0
3001,109994,51,0
3001,109995,52,0
3001,109998,53,0
3001,109999,54,0
3001,110000,55,0
3001,104035,56,0
3001,110001,57,0
3001,110002,58,0
3001,110003,59,0
3001,110004,60,0
3001,110005,61,0
3001,110006,62,0
3001,110007,63,0
3001,110517,64,1
4000,109926,1,0
4000,109928,2,0
4000,109826,3,0
4000,109827,4,0
4000,109828,5,0
4000,109829,6,0
4000,109830,7,0
4000,109831,8,0
4000,109832,9,0
4000,109833,10,0
4000,109834,11,0
4000,109836,12,0
4000,109837,13,0
4000,109838,14,0
4000,109839,15,0
4000,110451,16,0
4000,110452,17,0
4000,110453,18,0
4000,110454,19,0
4000,110456,20,0
4000,109845,21,0
4000,109846,22,0
4000,109847,23,0
4000,110490,24,0
4000,110491,25,0
4000,110022,26,0
4000,110023,27,0
4000,110024,28,0
4000,110465,29,0
4000,110466,30,0
4000,110467,31,0
4000,110468,32,0
4000,110469,33,0
4000,110038,34,0
4000,110500,35,0
4000,110498,36,0
4000,109768,37,0
4000,109769,38,0
4000,110519,39,0
4000,110482,40,0
4000,110483,41,0
4000,110484,42,0
4000,110485,43,0
4000,110486,44,0
4000,110487,45,0
4000,110488,46,0
4000,109971,47,0
4000,109771,48,0
4000,109772,49,0
4000,109773,50,0
4000,109774,51,0
4000,109775,52,0
4000,110497,53,0
4000,109875,54,0
4000,110508,55,1
4001,110508,1,0
4001,110063,2,0
4001,110064,3,0
4001,110065,4,0
4001,110066,5,0
4001,110067,6,0
4001,110068,7,0
4001,110069,8,0
4001,110519,9,0
4001,110072,10,0
4001,110073,11,0
4001,110074,12,0
4001,110075,13,0
4001,109977,14,0
4001,110076,15,0
4001,110077,16,0
4001,110078,17,0
4001,110079,18,0
4001,110080,19,0
4001,109990,20,0
4001,109991,21,0
4001,109992,22,0
4001,110501,23,0
4001,110489,24,0
4001,110514,25,0
4001,109848,26,0
4001,109849,27,0
4001,110444,28,0
4001,110445,29,0
4001,110446,30,0
4001,110447,31,0
4001,110449,32,0
4001,110450,33,0
4001,109811,34,0
4001,109812,35,0
4001,109813,36,0
4001,109814,37,0
4001,109815,38,0
4001,109816,39,0
4001,109817,40,0
4001,109818,41,0
4001,109819,42,0
4001,109820,43,0
4001,109821,44,0
4001,109823,45,0
4001,109824,46,0
4001,109825,47,0
4001,110300,48,0
4001,110518,49,1
5000,110517,1,0
5000,109927,2,0
5000,110088,3,0
5000,110089,4,0
5000,110516,5,0
5000,109961,6,0
5000,109962,7,0
5000,109963,8,0
5000,109880,9,0
5000,109964,10,0
5000,109965,11,0
5000,109966,12,0
5000,109967,13,0
5000,109870,14,0
5000,109871,15,0
5000,110207,16,0
5000,110208,17,0
5000,109968,18,0
5000,109969,19,0
5000,109970,20,0
5000,109971,21,1
5001,109971,1,0
5001,109771,2,0
5001,110505,3,0
5001,109776,4,0
5001,109777,5,0
5001,110209,6,0
5001,110210,7,0
5001,109802,8,0
5001,110213,9,0
5001,110214,10,0
5001,110215,11,0
5001,110457,12,0
5001,110458,13,0
5001,110006,14,0
5001,110007,15,0
5001,110517,16,1
8801,110299,1,0
8801,110507,2,0
8801,110430,3,0
8801,110431,4,0
8801,110432,5,0
8801,110433,6,0
8801,110434,7,0
8801,110435,8,0
8801,110436,9,0
8801,110437,10,0
8801,110438,11,0
8801,110439,12,0
8801,110440,13,0
8801,110441,14,0
8801,110442,15,0
8801,110443,16,0
8801,110422,17,0
8801,110423,18,0
8801,110424,19,0
8801,110425,20,0
8801,110426,21,0
8801,110427,22,0
8801,104043,23,0
8801,104041,24,0
8801,104039,25,0
8801,104037,26,0
8801,104058,27,0
8801,104057,28,0
8801,110334,29,0
8801,110267,30,0
8801,110382,31,0
8801,104036,32,0
8801,104038,33,0
8801,104040,34,0
8801,104042,35,0
8801,110271,36,0
8801,110272,37,0
8801,110273,38,0
8801,110274,39,0
8801,110275,40,0
8801,110276,41,0
8801,110277,42,0
8801,110506,43,0
8801,110278,44,0
8801,110279,45,0
8801,110280,46,0
8801,110281,47,0
8801,110282,48,0
8801,110283,49,0
8801,110284,50,0
8801,110285,51,0
8801,110286,52,0
8801,110287,53,0
8801,110288,54,0
8801,110289,55,0
8801,110290,56,0
8801,110291,57,0
8801,110292,58,0
8801,110293,59,0
8801,110294,60,0
8801,110295,61,0
8801,110296,62,0
8801,110297,63,0
8801,110298,64,1
9100,110358,1,0
9100,110359,2,0
9100,110360,3,0
9100,110361,4,0
9100,110362,5,0
9100,110421,6,0
9100,110363,7,0
9100,110364,8,0
9100,110365,9,0
9100,110366,10,0
9100,110367,11,0
9100,110368,12,0
9100,110369,13,0
9100,110370,14,0
9100,110371,15,0
9100,110372,16,0
9100,110373,17,0
9100,110374,18,0
9100,110375,19,0
9100,110376,20,0
9100,110378,21,0
9100,104050,22,0
9100,110382,23,0
9100,104058,24,0
9100,110383,25,0
9100,110384,26,0
9100,110385,27,0
9100,110386,28,0
9100,104044,29,0
9100,110387,30,0
9100,110388,31,0
9100,110389,32,0
9100,110390,33,0
9100,110391,34,0
9100,110392,35,0
9100,110393,36,0
9100,110394,37,0
9100,110395,38,0
9100,110396,39,0
9100,104052,40,0
9100,104045,41,0
9100,110399,42,0
9100,110400,43,0
9100,110401,44,0
9100,110402,45,0
9100,110403,46,0
9100,110404,47,0
9100,110405,48,0
9100,110406,49,0
9100,110407,50,0
9100,110408,51,0
9100,110409,52,0
9100,110410,53,0
9100,110411,54,0
9100,110412,55,0
9100,110414,56,0
9100,110415,57,0
9100,110416,58,0
9100,110418,59,0
9100,110419,60,0
9100,110300,61,0
9100,109925,62,0
9100,110088,63,0
9100,110089,64,0
9100,110516,65,0
9100,109961,66,0
9100,109962,67,0
9100,109963,68,0
9100,109880,69,0
9100,109964,70,0
9100,109965,71,0
9100,109966,72,0
9100,109967,73,0
9100,109870,74,0
9100,109871,75,0
9100,110207,76,0
9100,110208,77,0
9100,109968,78,0
9100,109969,79,0
9100,109970,80,0
9100,110508,81,1
9101,109880,1,0
9101,109881,2,0
9101,109882,3,0
9101,109883,4,0
9101,109802,5,0
9101,110213,6,0
9101,110214,7,0
9101,110215,8,0
9101,109925,9,0
9101,109924,10,0
9101,110301,11,0
9101,110302,12,0
9101,110304,13,0
9101,110307,14,0
9101,110308,15,0
9101,110309,16,0
9101,110310,17,0
9101,110311,18,0
9101,110312,19,0
9101,110313,20,0
9101,110314,21,0
9101,110315,22,0
9101,110316,23,0
9101,110317,24,0
9101,110318,25,0
9101,110319,26,0
9101,110320,27,0
9101,110321,28,0
9101,110496,29,0
9101,110322,30,0
9101,104046,31,0
9101,104051,32,0
9101,110325,33,0
9101,110326,34,0
9101,110293,35,0
9101,110294,36,0
9101,110295,37,0
9101,110296,38,0
9101,110297,39,0
9101,110298,40,0
9101,110299,41,0
9101,110507,42,0
9101,110288,43,0
9101,110289,44,0
9101,110328,45,0
9101,110329,46,0
9101,110330,47,0
9101,110331,48,0
9101,104059,49,0
9101,110335,50,0
9101,104049,51,0
9101,110337,52,0
9101,110339,53,0
9101,110340,54,0
9101,110341,55,0
9101,110342,56,0
9101,110343,57,0
9101,110344,58,0
9101,110345,59,0
9101,110346,60,0
9101,110347,61,0
9101,110348,62,0
9101,110349,63,0
9101,110350,64,0
9101,110351,65,0
9101,110352,66,0
9101,110353,67,0
9101,110354,68,0
9101,110355,69,0
9101,110356,70,0
9101,110357,71,0
9101,110358,72,1
9900,104056,1,0
9900,104055,2,0
9900,104054,3,0
9900,104053,4,0
9900,104048,5,0
9900,110354,6,0
9900,110358,7,0
9900,110359,8,0
9900,110414,9,0
9900,109925,10,1
9901,109925,1,0
9901,110496,2,0
9901,110358,3,0
9901,110421,4,0
9901,104048,5,0
9901,104053,6,0
9901,104054,7,0
9901,104055,8,0
9901,104056,9,1
